1 9855.103835079482451      63559.153194716134749      4
2 10270.400412492375835      55188.977627712134563      8
3 9505.2932274070190033     72965.518052057508612      12
4 9946.1218063625165087     65164.544472296845925      16
5 9965.3829731402820471     64996.707326725452731      20
6 9961.4483225683634373     65138.258152061163855      24
7 9777.8993442463070096     35121.56802974789025       28
8 9686.7573605669240351     2414.2606356629707989     32
9 9710.133196251519621      8663.3609160629657708     36
10 10248.090501313514324      91031.673887958313571      40
11 10051.491202062050434      8444.9894338175527082     44
12 9323.0075351879950176     9291.4833529932438978     48
13 9685.270584219137163      2342.2055935511998541     52
14 9689.4300382886303851     2344.3169443424258134     57
15 9536.6662517356708122     85940.718536120839417      61
16 9671.6486738897601754     7846.6250598187816649     65
17 9607.3378113528160611     8185.3916902003529685     69
18 9319.4564765734794491     8445.1234977259791776     73
19 8991.8737382307517692     8834.0462001842897735     77
20 9306.6708157002958615     3854.5281641112042053     81
21 9692.3601197205352946     2685.6931461414610567     86
22 9575.7549456856577308     8274.7642304496057477     90
23 9590.6127337460166018     1596.29205398756676       94
24 9444.8955039095853863     9514.8000158713439305     98
25 8974.9837433360607974     6382.8673675059644665     102
26 9230.1388720634404308     8331.5282203064743953     106
27 9229.812872290276573      8561.5675507514151832     111
28 9057.4962995791920548     935.29802101471727838    115
29 8288.5932231123497331     248.76532711418698796    119
30 8767.0488556997734122     2344.381037490602921      124
31 9816.8442328900564462     1602.2144172436178451     128
32 8311.992982278992713      1810.8538964546805801     132
33 9367.8112143714588456     1578.4299697999388172     138
34 9263.5965114415921562     1218.4620373908521742     143
35 9674.0822859403633629     1390.1403298137543061     147
36 8200.0455790801734111     108.44832519731998843    152
37 8345.5975338254265807     2659.4543713492007555     156
38 8217.8468760548275895     1707.6875082758797362     161
39 10647.434940306240605      1648.3100335274871213     165
40 8468.3582356346450979     647.90299017838185591    170
41 8280.6689309733083064     603.78504467879031381    174
42 8302.0471660926468758     1489.6687074623653189     179
43 8537.1477275697216101     1275.1370442405877839     183
44 8282.5637894871051685       3.7902498009743523788  187
45 8211.6241349904121307     5499.2641349466784959     192
46 8277.2348386975336325      71.574116896906360807   196
47 10513.750205265961995      1862.4857509794674115     201
48 8812.4124817141509993     2672.9523193920358608     205
49 11110.342467328955536      2156.537159783179959      210
50 10376.084155395968992      3284.8777454415799184     215
51 8645.1005466402530146      68.939494407195198278   219
52 8945.2821454061013355     1363.8249258057469433     224
53 8140.3524903763700422     400.95976024828075879    229
54 8229.8912083487521159     1500.5107847337928888     233
55 8692.7181436805203703     254.4496330470157659     238
56 8215.2041659095120849     239.70970929745587341    243
57 8443.9739211482810788     424.93203114710252066    247
58 8220.9574472362037341     4268.6506505659663162     252
59 8446.65459980272135       1108.1034128648957449     257
60 8243.3551052938764769     2243.8291654139302409     261
61 11126.991498744213459      18917.419317551921267      266
62 8620.5047618513490306     11514.952955389977433      271
63 8849.3202198549643072     160.91223130950706377    275
64 8895.226395908577615      146.64014371363808209    280
65 8196.2697610112682014     495.21406136906654183    285
66 8955.7234066819728469     227.81678150915223569    290
67 8177.6061912083705465     340.42281181661081746    294
68 8668.4026340959026129     129.94684060428409111    299
69 8182.3683856190691586     1080.8904601105862184     304
70 8451.512915258128487       51.301001697689969205   308
71 9032.5889810796907113       5.1570622169646131994  313
72 8676.0432460482170427      66.25009570996792263    318
73 8909.476300101589004      173.63267174094835354    323
74 8583.8065548812883208      76.969003408477874473   328
75 8201.2437247038178612     1880.9401832140629267     332
76 8641.9975838330283295      22.701431516681285672   337
77 8275.3584204500439228     403.812842768811322      342
78 8670.9564028680797492     107.61503926288776256    346
79 9381.5641103594316519     110.0805109040892944     351
80 8270.981995180614831       17.910120358317911382   356
81 8274.0892399987169483     366.28190864760722434    360
82 8671.8757602520308865     105.63528255949999846    365
83 8274.4940332596052031     362.6946736496666972     370
84 8672.3452663212847256     104.65901788499515135    375
85 8274.7066576719662407     360.90883852041139335    379
86 8672.5824748516497493     104.17428394735500774    384
87 8274.8155282707775768     360.01786432851167774    389
88 11320.030099752384558      568.59598226901005091    393
89 8133.2264920796351362     3659.2910652734722134     398
90 9016.2445493097911822     1689.9820752338605416     403
91 8914.8992563604242605     2483.5992240129253332     408
92 9035.8273568061631522     1288.4841408604027038     413
93 9191.2273018469095405     1155.6487203343399415     417
94 9035.8357172986325168     891.85333465410428744    422
95 8679.2827253003451915      70.886354749943080833   427
96 11440.311722782300421       46.502017722825769397   432
97 12453.791335587715366      1177.6051388143705481     436
98 8465.5765737224592158     1291.1880543587321881     441
99 8684.3182759872925089     454.84833621120196767    446
100 8677.7186722469414235      37.399090133116459356   451
101 8775.0527210144446144      13.56412066086484991    456
102 8674.338611196824786      114.21438165809809107    460
103 8716.9183252520815586      49.984557274602749999   465
104 8717.6505992669208354      50.710090248129070289   470
105 9389.0203772363474855       2.3649655765616981462  475
106 8966.9393709354553721       4.7528716906242447493  479
107 8164.6226619309809394     548.2376173348127395     484
108 9012.455494586878558      3441.1287101744383108     489
109 9470.3250420227541326     641.5257646132880609     494
110 9331.9324415885257622     116.91825117481097607    498
111 11431.6807999404773        178.97992147391681783    503
112 9383.7072225359916047     10067.441272871088586      508
113 9325.5948445355788863      11.01279345101843532    513
114 9579.053519555265666      1560.3786171160904814     518
115 9396.398442486040949      895.45308776594492883    523
116 10836.291850267531117      340.36420738119255702    528
117 8458.3215379288194526     1055.2491267398552282     533
118 9022.1857627839235647      16.550605555036106864   538
119 8677.1803273568384611      27.011427167733270238   543
120 8326.8730845243590011     701.95436848693839238    547
121 8958.421146938811944      1387.0232519032874734     552
122 8317.2204991582548246     1921.770547964456         557
123 9387.8229840674848674      32.393300222125056109   562
124 9475.4712221837762627     203.03175279042631018    566
125 11045.571376521173079      1179.2808003301245208     571
126 9471.0200283044778189     450.53199354504408802    576
127 8761.7059033360310423     18164.266393409347074      581
128 11891.260337874731704      3472.9267454688697399     586
129 8943.9595288782129501       9.8704390887555035761  591
130 10022.679383526126912      253.33942981786876203    596
131 8444.6271190585430304       5.6998049743459366923  601
132 8724.5689274193464371     130.69926197392993572    605
133 9022.6068947727017076       1.3889952808371568427  610
134 8317.5701445978666015     1179.6748577344285422     615
135 8852.4203711723639572      12.295757108418268189   620
136 8937.2164875613088952     404.19326703519368493    625
137 8778.1214256456114526       8.4518865742453748169  630
138 8116.3906766931322636     250.58654504204014302    634
139 11314.573610783569166        7.1642614341239969633  639
140 8765.0866045073435089     344.2619907779100572     644
141 9183.8941211063611263       0                      648
142 9848.3249018626665929     423.4810280349970526     653
143 9661.1986515521639376       0                      658
144 8161.2468731268763804       0                      663
145 8321.1079789255054493     1150.547546768985967      668
146 8540.2662396591058496     1906.8571926956267362     673
147 8257.4037984165588568       0                      678
148 8269.1491353438323131       0                      683
149 8320.7126344150547084       0                      687
150 9319.2137420181425114       0                      692
151 8887.6848657302725769       2.3827262463634610867  697
152 8195.2092991512636218       0                      702
153 8192.6588892056770419       0                      706
154 8192.7378633707739937      19.125510716795908195   711
155 8827.1369699490187486       6.8496915667420292806  716
156 8160.3064416837632962       0                      721
157 8830.8688287928089267      11.558869803063398507   726
158 8263.638623705777718        0                      731
159 8203.8948961976275314      65.893443517304561396   735
160 8552.0933734140780871      29.532587467155138938   740
161 8121.8960540159487209     1068.3350259744804589     745
162 8132.4973517327607624     125.26492281655771421    749
163 8518.8490951729472727     2882.9336888210077632     754
164 11093.613665344217225      1248.3694293412659135     759
165 8271.4865271209546336     3783.6619256750568638     763
166 9576.5032604670304863     1994.909285710457425      768
167 8272.5511111079213151     1155.9691414831434031     773
168 8174.0434674537991668     910.02096049665442479    777
169 8658.947113255977456      1603.4360453126096218     782
170 11628.30134762257876       880.76387563460184538    787
171 8163.7602839359933569       0                      792
172 8514.4858362224986195       1.0538633845904314956  797
173 8338.9464372166439716     2576.6654296404171873     802
174 8592.4538249063134572       5.6368860926973374248  807
175 10355.708662503242522      126.30955391951755473    812
176 8247.4749437931459397      13.671856884006245991   817
177 8469.8277153822637047     113.47638777287457401    821
178 8197.6849989188613108     663.07370948353911899    826
179 11094.86411183452401       1283.3641115618593176     831
180 8148.1327632577376789     882.66592531407798106    835
181 8158.6658228706510272       0                      840
182 8243.5793455086986796       0                      845
183 11429.464393661441136       22.15442675482603363    850
184 9252.7148297291714698      44.002296777674594352   855
185 8199.7268859440191591      37.965907954342988262   860
186 8158.2859553441230673     2915.2508145522847371     865
187 8159.0897980759136772      10.755577183760051341   869
188 8201.4956244058594166      15.17906973187998787    874
189 8105.3729252233451916       0.96345318919348266196 879
190 8356.8135816353496921     1387.1939426516521507     884
191 12306.427539283349688        0                      889
192 12142.493896595282422       21.896860541772205977   894
193 8137.0811007637421426      10.76138001182844306    898
194 11168.848673029511701      238.81561104853741995    903
195 8128.0944546570190141     1419.5364750683324928     908
196 8108.0299920148690944     1719.8509027184225033     912
197 8178.5563913796531779     1779.6135441415726746     917
198 8201.2748355113562866     1262.1306984337686572     922
199 8531.0176170226568502     332.02658901281739645    927
200 8151.2071085844445406     590.94309287430144195    931
201 8388.5637920352819492     15886.220762111697695      936
202 9060.5555038599468389     29570.763217136358435      941
203 8309.164048798087606      3936.4297907785926327     946
204 8293.4916124352021143      29.570923997568662855   951
205 8295.1073108067448629      22.66149607686231704    956
206 8111.9726699536058732       0.21037610258136058006 960
207 8212.4855300807903404      30.330224933595655301   965
208 8482.8438030057750439      83.546995038078605944   970
209 8530.0119485940886079      54.286968376919737977   975
210 8106.0704125965685307       0                      979
211 8123.7025193949230015       0                      984
212 8497.2265940705692628      12.560951319506894919   989
213 8666.821594882516365        0                      994
214 8621.6304521037000086       0                      999
215 9177.8566656966322626      22.274245856925912079   1003
216 8258.2410212978902564      48.181898007434291742   1008
217 8162.0742618874410255       5.3881444525429937897  1013
218 8103.8116325296559808       0                      1017
219 8444.0624922351053101     415.45049951898943164    1022
220 8288.3917271932514268       9.448871378659635667   1027
221 8258.0110349245533143      13.333503462786245208   1032
222 9175.3530793838017416       2.1578153569026730096  1037
223 8103.0507060860654747       0                      1041
224 8144.3652309518702168       0                      1047
225 8107.4054393589522078       0                      1051
226 8856.0308685016279924       5.6415786068734501413  1056
227 8219.0978070195051259      19.366613190503400688   1061
228 8143.1555640871711148      29.063114298260060764   1066
229 8105.4662408222511658       0                      1070
230 8109.0603175731857846      17.856937887214034077   1075
231 8109.7189983896214471      31.447771253112009049   1080
232 8541.1606184658376151      57.043763671555019812   1084
233 8158.4595822511082588     192.696366296360452      1089
234 8191.0361975685482321     170.29205185933065536    1094
235 8142.700414274267132      669.28140226771233756    1098
236 8511.0331078009294288     1111.2132336191268678     1103
237 9263.3608002651562856     1015.5095789535812401     1108
238 8176.17033888250171         0                      1113
239 8495.2742784683759965      10.69159502531872441    1117
240 8151.9163828716464195       0                      1123
241 8152.2576341581643646       0                      1127
242 9036.744223607420281      952.79972340063420688    1132
243 9037.3362785546323721     950.21256642635648859    1137
244 8900.3078981850449054       1.1140380665701685725  1142
245 8201.4506797473313782      11.225734855212637697   1147
246 8109.714596117201836        0                      1151
247 8102.7560030370896129       0                      1156
248 8102.03197310133055         0                      1161
249 8109.1919170749706609       0                      1166
250 8109.2817134491197066       0                      1171
251 8734.9240516813551949      29.732987198082547309   1176
252 8210.8402324699454766      17.194933729235689412   1182
253 8105.2526399533071526       0                      1186
254 8182.3897973838220423     353.69640470116291908    1191
255 8529.6064842269151995      67.002524081406775736   1196
256 8106.3294899121292474      27.258772227863016013   1201
257 8152.8871173981233369       0                      1205
258 8248.8533600903647311       0                      1210
259 8104.5008836072711347     153.16509664362496324    1215
260 8993.5564501102599024     196.44320131253806494    1219
261 8300.2254591545297444     735.20691971569306133    1224
262 8179.4062383348500589     309.22827550000585006    1229
263 8108.0941161993077912      23.485127705548404009   1234
264 8101.2947735718498734       0                      1239
265 8110.4114571230984438       1.0128869236712307877  1243
266 8120.4676403105850113       0                      1248
267 8133.2065889253854039     126.35300866784669438    1253
268 8130.2928353307297584     105.61172222738279913    1258
269 8784.5994202914225752      13.415383198552591537   1263
270 8205.932226980690757       14.778241339244539532   1268
271 8101.0850357973058635       0                      1272
272 8106.4630673489727997       1.0962711628932799712  1277
273 8108.7314593802748277     698.85921289335738038    1282
274 8122.286935735982297      550.0419548211343681     1287
275 8105.064191059613222        0                      1292
276 8773.6937970360941108      17.037114179237033085   1296
277 8194.0887694553275651      11.085565254929750978   1301
278 8102.4838257006549611       0                      1306
279 8104.0780187916507202       0                      1311
280 8120.7940292864805087     911.2688270294773929     1316
281 8095.4943262500828496       0                      1320
282 8119.1396109263068865     1052.7980907609021415     1325
283 8098.8212183151736099     416.22634169948582894    1331
284 8309.9701196852456633       0                      1335
285 8311.2484342192456097       0                      1340
286 8826.1329286655127362       0.00389780731033141908 1345
287 8196.5338854464498581      11.732209011475692506   1350
288 8094.4774445646198728       0                      1354
289 8094.4232164818849924       0                      1359
290 8094.3420910933054984       0                      1364
291 12747.37981213189596       2711.3577388842986693     1369
292 8099.3716272058891263       0                      1374
293 8109.683435972217012      246.43515687692169536    1379
294 8112.7426154882559786     298.13281954341476876    1383
295 8813.2557044030545512       4.9238509144235127479  1388
296 8190.2505615167765427      15.989228036654504095   1393
297 8103.4081868995281184       0                      1398
298 8094.4985436653814759       0                      1402
299 8272.9391124590056279       0                      1407
300 8102.9068594207474234       0                      1412
301 8096.8037602738531859       0                      1417
302 8109.8057242872346251     270.63199655344925532    1422
303 8130.1513178031818825      80.292929680728889252   1427
304 8101.6181174042922066     254.70745368046274848    1431
305 8568.1460292180181568     110.73954691203215361    1436
306 9158.0314975661549397     398.41786533713326435    1441
307 8096.0538212210640268     160.24896951957208557    1446
308 8094.8310231591303818       0                      1451
309 12698.418380308588894      2710.2673647085348421     1456
310 8094.6231594358177972       0                      1461
311 8094.4350983449376145       0                      1466
312 8273.0442135011871869       0                      1470
313 8274.1117723574279808       0                      1475
314 8811.6500122174602438       6.6801106116937152279  1480
315 8199.4363125378840778      19.469262953206300182   1485
316 8094.3677265455735323       0                      1490
317 8155.2205446926172954       0                      1494
318 8096.3127845428525688       0                      1499
319 8091.9801665596532985       0                      1504
320 8091.9271064053009468       0                      1509
321 8098.6056914533810414       0.52581948647569631827 1514
322 8099.0117122447745714       0.51972016485711214351 1518
323 8367.6301907455545006       1.3102330079763742088  1523
324 8769.9389263864177337      28.081707706053887108   1528
325 8205.9909897703510069      21.173365438881642575   1533
326 8091.5969890405331171       0                      1537
327 8090.7663002221925126       0                      1542
328 9142.1338114951995522       0                      1547
329 8119.0416489400240607     220.71097731658841212    1552
330 8126.1760841945833818     173.1498903115600001     1556
331 8766.0674554824217921      29.739792005494425808   1561
332 8114.6001658352670347      91.006146846015141705   1566
333 8116.7689801748201717       0                      1570
334 8091.6612486024932878       0                      1575
335 8091.5071920789396245       0                      1580
336 8094.0675606756885827     117.08563731737760349    1584
337 8093.5131832189745182     400.37616979221019164    1589
338 8091.6200465165766218       0                      1594
339 8093.2690850729668455       0.25006267598904879934 1598
340 9319.7242430321148277       1.4087631436144814057  1603
341 8519.6659185042080935     584.49571155933597311    1608
342 8150.5578110416527124       0                      1613
343 8089.7054747184392909       0                      1618
344 8097.8965269442796853       0                      1623
345 8090.6323927357661887       0                      1628
346 8091.0734871089871376       0                      1632
347 8735.5095658629215905      13.762552065430742942   1637
348 8752.2802665286762931      15.660742138635637133   1642
349 8191.9210567015807101      14.683105314984247869   1646
350 8087.6093591946337256       0                      1651
351 8087.7229438506265069       0                      1656
352 8101.6355606779270602       0                      1661
353 9052.458747654725812        0                      1666
354 9054.3279476523384801       0                      1670
355 8727.2166696131571371      22.177778792023094212   1675
356 8203.7656978917111701      17.098436689972491109   1680
357 8095.5088580733663548       0                      1685
358 8139.1283001602487275       0                      1689
359 8087.3290069005070109       0                      1694
360 8091.2991769703394311       0                      1699
361 8089.1646545735948166       0                      1704
362 8276.3237383014784427       0                      1709
363 8275.5972958599995764       0                      1713
364 8774.5995739910395059      11.640881074079244328   1718
365 8197.3822069647649187      15.262439113698970772   1723
366 8097.1066435410311897       0                      1727
367 8088.1591722142038634       0                      1732
368 8087.2895217300110744       0                      1737
369 8100.105017582205619      367.04959181725860162    1742
370 8089.7415226347211501       0                      1747
371 8317.6249647279073542       0.15877990240755399109 1751
372 8776.7957945746111363       9.9697237584662286025  1756
373 8089.0496268499209691       0                      1761
374 8139.4967723920326534       0                      1766
375 8096.7995624007344304       0                      1771
376 8095.04066075557148         0                      1775
377 8089.5142517250906167       0                      1780
378 8097.0095527117864549       0                      1785
379 8088.9022243054787396       0                      1790
380 8087.3392249570861168     319.08755528278680913    1795
381 8824.9829387887129997       1.0544057463395102303  1799
382 8827.7757802794276358       0.4746560421150455289  1804
383 8137.0605845419449906       0                      1809
384 8082.156024871936097        0                      1814
385 8107.5323017472455831       0                      1819
386 8197.6254753957891808       0.45205000019316127213 1824
387 8888.1015516630286584       0                      1828
388 8688.5403464274768339      21.367674112113224538   1833
389 8235.8507370258867013      17.897850557200015942   1838
390 8082.479559330320626      331.78824383962819411    1843
391 8082.6269169362640241       0                      1848
392 8112.241955557197798        0                      1852
393 8090.1245132590447611       0                      1857
394 8083.4248656094159742       0                      1862
395 8086.5458419802107528       0                      1866
396 8091.0923102699271112       0                      1871
397 8092.0325193256267085     150.21363889445368045    1876
398 8626.9685031050357793      86.826865674743430645   1880
399 9083.799812833980468      1114.8097742395352725     1885
400 8124.4576644218459478       0                      1890
401 8090.7806997596881047       0                      1895
402 8801.6190021682086808     141.91377258053393007    1900
403 8681.6424621066962573      19.931505603422959183   1905
404 8208.7580122311610467      17.532345655517588057   1909
405 8082.144716236343811        0                      1914
406 8082.1407642476633555       0                      1918
407 8082.4562512879228962       0                      1923
408 8087.6669904633990882       0.2814877250355812266  1928
409 8086.7861059046408627       0                      1933
410 9285.49702667647216        18.109545896255188069   1937
411 9322.3523720960220089      18.092468954598697195   1942
412 8599.428764934595165       41.949814436690793684   1947
413 8193.093685708443445       15.763499970290165919   1952
414 8082.1913676429758198       0                      1956
415 8084.8997867681382559       0                      1961
416 8082.3582778983836761       0                      1966
417 8089.4148784437757058       0                      1971
418 8096.8138279404211062       0                      1975
419 8082.5286467554724368     325.61889202019460754    1980
420 8083.1768587269689306       0                      1985
421 8083.1642555843054652       0                      1990
422 8761.2389225902843464      80.137227700840256261   1994
423 8899.5219386771750578     1195.680590168919025      1999
424 8084.5643246736199217       0                      2004
425 8084.3499815385439433       0                      2009
426 8085.7299800690470875       0.24580820777611844807 2014
427 8839.6672813021268666       2.0572369566166095467  2019
428 8249.7250052323288401      93.080130780020610359   2024
429 8125.6316534219495225       3.9013280497899303079  2028
430 8083.223206289951122        0                      2033
431 8084.4040047914013485       0                      2037
432 8082.3317882820037994       0                      2042
433 8085.1857041155626575       0                      2047
434 8083.1098722387196176       0                      2051
435 8086.6050923722559673       0                      2056
436 8084.09419219083793         0                      2061
437 8088.5086553150640611     116.95376626143047361    2065
438 8857.9124585687077342      76.271363145676758677   2070
439 8812.865141591631982      2104.4207531658616972     2075
440 8082.6590304544706669       0                      2080
441 8083.3775573099783287       0                      2085
442 8086.2850897526932386       0                      2090
443 8828.8959589955684351       0                      2095
444 8082.5268023871940386     325.91774542966800254    2100
445 8082.2034281732176169       0                      2104
446 8082.5184059400544356       0                      2109
447 8083.1391669839877068       0                      2114
448 8082.4099032466065182       0                      2119
449 8082.6984648878378721       0                      2123
450 8084.1507171637967986       0                      2128
451 8083.2404233070037662       0                      2133
452 8082.9771320622076018       0                      2137
453 8085.20804585712267       347.8315454105533604     2142
454 8824.9348375313693396       0.98412243013166744721 2147
455 8828.3093386287782778       3.2191709831822121757  2151
456 8088.7480879988115703     120.41770166201304448    2156
457 8082.3110916370251289       0                      2162
458 8082.3444338186445748       0                      2166
459 8860.9151872725105932      94.332866842790949136   2171
460 8861.6765951452107402      94.470483436323760884   2175
461 8082.399447113180031      325.53121056803644251    2180
462 8082.1690873509678568       0                      2185
463 8082.1776581214517137       0                      2189
464 8082.0504729086223961       0                      2194
465 8082.7672258000720831       0                      2199
466 8081.9479957019466383       0                      2204
467 8082.24901804952151         0                      2209
468 8082.0035653491604535       0                      2214
469 8082.0795315652521822       0                      2219
470 8787.6285153396020178       7.0429811732699221238  2224
471 8782.236543331790017        6.4253350707653842377  2229
472 8194.9745771121324651     131.38436331972431503    2233
473 8113.2802670314385978       0                      2238
474 8082.644438450240159        0                      2243
475 8081.9708108676777556       0                      2248
476 8084.2918887552459637       0                      2252
477 8082.1482152407170361       0                      2257
478 8082.7038752107328037       0                      2262
479 8082.2440438440771686     339.19070894809277661    2266
480 8082.9529712144658333       0                      2271
481 8082.7874391039695183       0                      2276
482 8841.3077232116775122       0.0642954168801676551  2281
483 8811.7052092190369876       0                      2285
484 8090.2072731174048386     136.21732455856718502    2290
485 8082.728822662091261        0                      2296
486 8807.7112657028574176       0.09276088794321039888 2300
487 8815.7393373169452389       0.1039124822580886065  2305
488 8082.2217643686362862     339.76008184067995899    2310
489 8082.0562247296429632       0                      2314
490 8081.9410843967771143       0                      2319
491 8081.9747355008676095       0                      2324
492 8082.1434286059466103       0                      2329
493 8082.2487081831995965       0                      2334
494 8833.2578138489552657       0                      2339
495 8082.2492244275044868     341.44481334629847424    2344
496 8082.0437775483842415       0                      2349
497 8082.4356463990079646       0                      2353
498 8083.8176495610123311       0                      2358
499 8082.1325992567381036       0                      2363
500 8081.9581289251573253       0                      2367
501 8082.0489842224342283       0                      2372
502 8083.0041725077735464       0                      2377
503 8084.2704882185080351       0                      2382
504 8082.4018002394077484     344.80268867887070883    2386
505 8864.4593062345647922     102.54587383358018826    2391
506 8801.6701369199527107     1977.2644291226642963     2396
507 8092.9635110579656612     134.74798814345447795    2401
508 8082.1194561315624014       0                      2406
509 8082.0775816533996476       0                      2410
510 8834.6887270419247216       0                      2415
511 8834.036185148601362        0                      2420
512 8082.2177452010309935     340.92232995845569121    2425
513 8081.9507310432645681       0                      2430
514 8081.9321046690138246       0                      2434
515 8082.2127187935329857       0                      2439
516 8081.9187425570762571       0                      2444
517 8081.9438629271871832       0                      2449
518 8781.405360435921466       20.223396508963652707   2454
519 8782.0408347619195411      19.991273725773694991   2459
520 8081.9246163225434429       0                      2463
521 8081.9973771338463848       0                      2468
522 8082.2232425393167432     340.08111453521604517    2473
523 8082.0292949538170433       0                      2478
524 8081.966654186917367        0                      2482
525 8082.2027644746740407       0                      2487
526 8082.9223788947847424       0                      2492
527 8083.7584600995778601       0                      2497
528 8083.3925202271357193     305.34219060812546331    2501
529 8084.062077466836854        0                      2506
530 8088.7100137986708432     123.43536914544546335    2511
531 8083.3304234797578829     337.96280465156638684    2516
532 8821.4029505694452382       1.2608736440587322569  2521
533 8832.8531740523885674      84.680112359877711015   2526
534 8088.8629830948439121     102.79026991365874721    2531
535 8081.9423522430533922       0                      2536
536 8794.3243052732195792       2.668126072029844309   2541
537 8794.9708565684322821       2.6197223167247556397  2546
538 8082.0513588202211395       0                      2550
539 8082.550958464949872      318.2323004032539302     2555
540 8082.0639994392458902       0                      2560
541 8081.9171287848039356       0                      2565
542 8081.9718680396244963       0                      2569
543 8081.9542953779546224       0                      2575
544 8082.0760908066840784       0                      2579
545 8827.9570337437908165      72.030377831311994896   2584
546 8082.6128322308040879     317.43086252922569201    2589
547 8081.9567118639615728       0                      2594
548 8081.9188346712762723       0                      2599
549 8081.9840488274185191       0                      2603
550 8082.1704328653231642     334.20036462964458224    2608
551 8082.5821458731261373     349.69994740377819653    2613
552 8082.8024559343693909       0                      2618
553 8082.9284482016873881       0                      2622
554 8083.9973884431510669       0                      2627
555 8830.0802313589356345       0.05205371897094175637 2632
556 8824.2681027843245829      74.064953917262272398   2638
557 8086.7402619916229014     122.31210297923226449    2643
558 8081.9346870886638499       0                      2648
559 8081.9802666546838736       0                      2653
560 8826.7737475915600953       1.5888948010508552322  2658
561 8082.5742811923000772     318.52805402677250868    2662
562 8082.0445780189729703       0                      2667
563 8081.9162586047232253       0                      2672
564 8081.9500213122000787       0                      2676
565 8082.1404240237479826       0                      2681
566 8084.9109197804064024     299.92281993023618725    2686
567 8823.5216335387358413       8.5232281071279469842  2691
568 8824.7995431071794883       8.4624111581729515308  2696
569 8082.0476175329768012       0                      2700
570 8081.9306614884862938       0                      2705
571 8081.9510338912004954       0                      2710
572 8081.9233791941587697       0                      2714
573 8082.0141159093800525       0                      2719
574 8082.9407074924811241       0                      2724
575 8084.0130019323360102       0                      2729
576 8082.7584846289937559       0                      2733
577 8088.3057888270077456     112.29520620654534468    2738
578 8828.4110406857653288       3.4340981427907091295  2743
579 8824.7145111621703109       0.58635951891843052231 2747
580 8082.4415339299985135     320.69590266237474907    2753
581 8085.9320201352993536       0.00033566143925375567 2758
582 8116.413252625212408      1229.4975730156897953     2763
583 8081.9391150605652001       0                      2768
584 8081.9820174111428059       0                      2773
585 8082.568012886791621      319.62838241800989181    2778
586 8082.0613980462312611       0                      2782
587 8081.9819339341438535       0                      2787
588 8081.9939492483799768       0                      2792
589 8081.9249722062395449       0                      2797
590 8081.9164530493508209       0                      2801
591 8082.0673925902292467       0                      2806
592 8082.2115469472782934     326.66986199651404377    2811
593 8084.2232969696469809       0                      2816
594 8083.7686251840768819       0                      2821
595 8084.5147614594125116       0                      2825
596 8099.8155285411094155     480.48371629522210924    2830
597 8088.3274300648081407     109.33789250983970476    2835
598 8082.1634457516729526       0                      2841
599 8083.8274152881249393       0                      2846
600 8082.1686284140660064     330.27120909952088823    2850
601 8081.9238722723603132       0                      2855
602 8082.0049219017400901       0                      2860
603 8082.7989988746348899       0                      2865
604 8081.9177296459056379       0                      2870
605 8081.9214506986809283       0                      2875
606 8081.9524594358144896       0                      2879
607 8081.9444901388505968       0                      2884
608 8083.6397704967957907       0                      2889
609 8082.1703909955294876     331.97235854717024495    2894
610 8087.5838025450893838       1.1319031037499827086  2899
611 8084.8798055091938295       0                      2904
612 8088.1959618101473097      72.70992546147523683    2909
613 8083.8975813225670208       0                      2914
614 8083.7811325665616096       0                      2919
615 8086.8724441703088814       0.94194112173536470589 2923
616 8082.1857179716043902     328.86394845582651669    2928
617 8081.9198844333022862       0                      2933
618 8081.9175675008182225       0                      2938
619 8081.991707836941714        0                      2943
620 8082.920219934857414        0                      2947
621 8082.7542157239631706       0                      2952
622 8083.9895338561073004       0                      2957
623 8084.0135740303539933       0                      2962
624 8083.9861339457593203       0                      2967
625 8085.9012761685116857       0                      2971
626 8088.3073054306232734     111.80161704222456365    2976
627 8085.9650009746874275       0.00161342066647066052 2981
628 8088.6128796509601671       0                      2986
629 8082.0933401118536494       0                      2991
630 8082.0576602009950875       0                      2996
631 8088.3937867661352357       3.8694759658906567878  3001
632 8082.1844090351023624     328.6039377827674457     3005
633 8081.9452364257558656       0                      3010
634 8081.9154192493651863       0                      3015
635 8081.9227725220271168       0                      3020
636 8081.9171294087282149       0                      3025
637 8083.9884955984316548       0                      3030
638 8084.8680832326508607       0                      3034
639 8085.5989215305653488       0                      3039
640 8082.1908485582453068     328.05247358901641519    3044
641 8081.9162248666279993       0                      3049
642 8081.9174005135373591       0                      3053
643 8084.5468003302630677       0                      3058
644 8081.9155207554531444       0                      3063
645 8081.9932133078846164       0                      3068
646 8082.1666969831730967     334.48448687743047003    3073
647 8082.7539192050271595       0                      3078
648 8089.5754458093033463      86.286519736627553812   3083
649 8082.8002695004443012       0                      3088
650 8081.9550394354846503       0                      3093
651 8082.8949115782006629       0                      3098
652 8082.1809337618306017     328.88516383284036237    3102
653 8081.9195003569802793       0                      3107
654 8081.9168212659114943       0                      3112
655 8081.9432299018026242       0                      3117
656 8082.9491051329368929       0                      3122
657 8089.1749046201293822     118.59870976979860302    3127
658 8082.1675192900283946     332.80885166625824922    3131
659 8082.7809291720550391       0                      3136
660 8085.6054694643507901     298.43306938617377       3141
661 8093.0741187921275923     169.81991357981129909    3146
662 8081.9983364469953813       0                      3151
663 8082.9449748850684045       0                      3156
664 8084.8687552331402912       0                      3161
665 8082.9190409795255619       0                      3166
666 8081.9945348779774577       0                      3171
667 8082.5001068305055014     358.59804977473606868    3175
668 8083.9893926995009679       0                      3181
669 8085.9368433362988071       0                      3186
670 8086.9573260043780465       0.18269522696720688626 3191
671 8087.202282238384214      149.20306601394162271    3196
672 8088.3104717646374411     111.30921465429506156    3200
673 8083.9864737039224565       0                      3205
674 8081.9434730164439316       0                      3211
675 8081.9442525343574744       0                      3215
676 8081.9653675896624918       0                      3220
677 8081.9193173883704731       0                      3225
678 8081.9973873694079884       0                      3230
679 8081.9993606999514668       0                      3234
680 8083.9887964907966307       0                      3239
681 8083.9929198818872464       0                      3244
682 8084.8672090597656279       0                      3249
683 8087.589457402969856        1.0090718304610675204  3253
684 8085.1318574514771171       0                      3259
685 8084.3127282915047545       0                      3264
686 8081.9443189282110325       0                      3268
687 8084.0127504433003196       0                      3273
688 8082.9197365338050076       0                      3278
689 8084.8699961006877857       0                      3283
690 8087.5868081870085007       1.1102856296996430618  3288
691 8084.2338866486525149       0                      3293
692 8081.9195003569848268       0                      3298
693 8081.993107660541682        0                      3303
694 8082.1652295206831695     331.9509201403240013     3308
695 8082.1662878288416323     333.64622800430112193    3312
696 8082.7579632074566689       0                      3317
697 8082.9495086482684201       0                      3322
698 8083.0046695328046553     321.87232964244100231    3327
699 8085.9636810643632998       0.00013345302970262964 3331
700 8085.9100679934272193       0.00062974052707261662 3336
701 8088.3078040217133093     110.80546265374479731    3341
702 8101.3411904132335621     910.15067966678645917    3346
703 8086.1169060504462323       0                      3351
704 8081.9234362827537552       0                      3356
705 8081.9432277530686406       0                      3361
706 8085.9301676592722288       0.00032966156704952043 3365
707 8082.0018877256161431       0                      3370
708 8082.5245509510814372     357.491361378667591      3375
709 8083.9899556892496548       0                      3379
710 8084.9356106999184703       0                      3384
711 8086.6541397814044103     126.28263943044446194    3389
712 8087.5876234979477886       1.1095840438549069429  3394
713 8082.0043189677826376       0                      3399
714 8082.8194863559192527       0                      3404
715 8082.0269398986538363       0                      3409
716 8082.8125861813950905       0                      3414
717 8083.9952070911176634       0                      3418
718 8082.7591331828389229       0                      3423
719 8082.0046442722987194       0                      3428
720 8084.8622309441207108       0                      3433
721 8082.8047455051364523       0                      3438
722 8083.9825441922848768       0                      3443
723 8085.9042659745600758       0                      3447
724 8087.0578097240950228       0.16601633853442726574 3452
725 8081.9370563636457518       0                      3457
726 8082.8077205616427818       0                      3462
727 8081.926666103036041        0                      3467
728 8082.8066464870689742       0                      3472
729 8081.9206835495597261       0                      3477
730 8083.0058068826656381     319.66327864833988315    3481
731 8088.3177665500888907     109.99312030493624093    3486
732 8082.1763198716807892     332.27679169146944105    3491
733 8089.1663867899478646     117.46283159830488785    3496
734 8084.7290643634232765     309.26854519802043342    3500
735 8093.8550650230799874     187.14453623108406077    3505
736 8081.9164202459942317       0                      3510
737 8081.9263381906412178       0                      3515
738 8084.7922291084205426       0                      3520
739 8084.2447772317646013       0                      3525
740 8082.172658011087151      329.71874135934137939    3530
741 8082.9227970572601407       0                      3535
742 8088.3338371970658045     111.42864988541599303    3539
743 8083.435930716123039      299.03962594353527038    3544
744 8082.1758738120615817     333.66771823267225727    3549
745 8084.6248734186501679       0                      3554
746 8088.3191996286223002     111.81420999813627759    3559
747 8089.5789061296254658      87.738750876007259194   3564
748 8088.3200401864478408     112.13971983828697887    3569
749 8081.9607409935033502       0                      3574
750 8085.9021790574779516       0                      3579
751 8082.8028129252843428       0                      3583
752 8082.7996196349522506       0                      3588
753 8081.9887097762302801       0                      3593
754 8082.7549206886806132       0                      3598
755 8082.8067029698122496       0                      3603
756 8083.9843793784175432       0                      3607
757 8084.8451334191113347       0                      3613
758 8093.8433832693172008     186.6056237569473808     3618
759 8084.720133982014886      308.44084285859827332    3623
760 8082.002872740598832        0                      3628
761 8081.9268842123019567       0                      3633
762 8082.0286984139602282       0                      3638
763 8082.833334354656472        0                      3643
764 8084.8508297330472487       0                      3647
765 8086.9869239548725091     359.4359152783575837     3652
766 8090.4049380040041797     158.97509004380003717    3657
767 8082.7734468221697171       0                      3663
768 8082.7642777347518859       0                      3667
769 8082.7629343585731476       0                      3672
770 8083.3629176867161732     347.25125169101232814    3677
771 8084.8734243696944759       0                      3682
772 8088.3152882093845619     110.81799840984875516    3687
773 8087.2310575179144507     149.5495673036924984     3691
774 8087.6507607282919707       1.1645418975048527077  3696
775 8087.6594427635491229     1942.1088115933212066     3701
776 8082.7986017235534746       0                      3706
777 8084.0053893713311481       0                      3711
778 8084.0097568084165687       0                      3715
779 8082.1692125679946912     331.11532613991323615    3720
780 8083.4318002393183633     299.290497530172388      3725
781 8083.445052077582659      299.38503854202770071    3730
782 8085.2057319221403304       0                      3735
783 8086.9004751167030918       0.40784708233161498514 3739
784 8088.3035267982249934     111.29664451955501647    3744
785 8084.5701214326609261       0                      3749
786 8082.8053541324034086       0                      3754
787 8084.5613135185476494       0                      3759
788 8081.9441490603503553       0                      3764
789 8082.8825406634759929       0                      3769
790 8092.1853093221789095     122.16673218799657263    3773
791 8082.8128569799728211       0                      3779
792 8082.8089889697430408       0                      3784
793 8083.5504777290270795       0                      3789
794 8082.1940438422097941     332.29760009095792839    3794
795 8092.1502829763921909     137.38455482690804388    3798
796 8084.8006848175264167     346.67731693373065127    3803
797 8093.8081588315326371     186.38723141540683059    3808
798 8084.7516194448380702     307.94698352490678417    3813
799 8083.6557090839251032       0                      3819
800 8085.9384109953380175       0                      3823
801 8087.492197359137208      134.38601158662211787    3828
802 8082.4994063634376289     359.44597617525300848    3833
803 8082.5745657188244877     352.91387449752056682    3838
804 8095.9754519705238636     245.06410345707055853    3843
805 8081.9997902212680856       0                      3848
806 8083.5778155384941783       0                      3853
807 8082.7544190113067089       0                      3858
808 8082.7534164636772402       0                      3863
809 8083.3956035018991315     348.44037215427283627    3868
810 8083.7130174321919185       0                      3872
811 8086.6599769258564265     127.67892367648619256    3877
812 8082.1704583264327084     333.36249111754392516    3882
813 8088.3102320428342864     111.63388668983984076    3886
814 8090.3659508633545556      99.997363933938601122   3891
815 8084.8399279630402816       0                      3897
816 8082.947491983265536        0                      3901
817 8082.1701599920934314     331.41936353008532024    3906
818 8082.9199913934398865       0                      3911
819 8085.9520170058494841       0                      3915
820 8088.1890817375242477      69.266001399272738581   3920
821 8088.3182426245566603     110.494816611645291      3925
822 8082.4908029422485924     356.24414186123385662    3930
823 8081.9729292769670792       0                      3935
824 8084.8324123281872744       0                      3940
825 8085.9682091481727184       0.00000150425594644804 3945
826 8085.9606588303922763       0.000478997383927967   3949
827 8088.3122163685820851     110.9852002060545999     3954
828 8089.7622676602231877     139.57621135797131728    3959
829 8083.432901804481844      298.76379984544075796    3964
830 8089.1503382155578947     118.11736519939685763    3969
831 8081.9205634331701731       0                      3974
832 8085.9908258065806876       0                      3979
833 8082.86595209384177         0                      3984
834 8081.9169433636252506       0                      3989
835 8082.9237054621398784       0                      3993
836 8082.2041986312269728     333.70999779293242682    3998
837 8088.3200401864523883     112.13971983828901102    4003
838 8089.0536067746206754     132.50976145513874371    4008
839 8088.4030288254098195     115.71047493770517178    4012
840 8090.3284102759344023     304.32660147661334804    4017
841 8084.5204842253961033       0                      4023
842 8084.0199851118095467       0                      4027
843 8084.0531050187737492       0                      4032
844 8082.0224283730785828       0                      4037
845 8082.8080778298453879       0                      4042
846 8084.8783410529258617       0                      4047
847 8082.8383032122801524       0                      4051
848 8084.0172126529141678       0                      4056
849 8094.0160877210664694     165.67532732522721517    4061
850 8086.1140665017192077     283.39072966287795907    4066
851 8083.9895338561154858       0                      4071
852 8082.7586357894197135       0                      4076
853 8081.9735665199405048       0                      4081
854 8081.9824438650430238       0                      4086
855 8082.1757539620293755     334.50599230077909851    4091
856 8082.1776340785127104     332.83032668825097744    4096
857 8088.3171440857458947     112.30783360582407227    4101
858 8088.3229051073922165     111.321773216005667      4106
859 8084.7603783877639216     306.60607207365114846    4111
860 8093.8119125267003255     186.65062925268571803    4115
861 8083.8757139556246329       0                      4121
862 8082.0007684345155212       0                      4126
863 8082.7855540466498496       0                      4131
864 8082.4952145646175268     358.57644185340143395    4136
865 8085.0598022691874576     342.82839013029922626    4140
866 8086.6752012319338974     126.93299326805389171    4145
867 8093.0179441950895125     151.69625285328538666    4150
868 8083.9895137528828855     323.25469111825265145    4155
869 8087.4624126434346181     133.87374917381336559    4160
870 8093.7798437985020428     186.51482812102477737    4164
871 8084.8050490336017901     305.30809918137049408    4169
872 8082.8029148960704333       0                      4175
873 8082.9607579122694005       0                      4179
874 8082.8059222320107438       0                      4184
875 8085.1402200357879337       0                      4189
876 8086.6468671088141491     126.61396049690118559    4194
877 8092.9933827150007346     151.50188915157639258    4199
878 8083.9862395699337867     343.25545802221870417    4204
879 8083.3582906581332281     347.23013050937800017    4208
880 8089.1449591747568775      79.887122054814369676   4213
881 8082.0130934651469943       0                      4219
882 8088.3475147966073564     112.11452754246926133    4223
883 8095.2358476301506016     226.17721999649106124    4228
884 8083.4012098226930902     341.90085216463108964    4233
885 8082.1648761327587636     331.39796647914954519    4238
886 8081.9721508294942396       0                      4243
887 8081.9656392924071042       0                      4248
888 8082.8761812369248219       0                      4253
889 8087.4636803438015704     134.05780437026297136    4258
890 8083.980252568438118      344.3021922485442019     4263
891 8089.1565572583158428     117.2779062962932386     4268
892 8092.1164736750843076     136.98241382259041643    4272
893 8092.2248544466892781     122.65685578251621735    4277
894 8082.7751324507644313       0                      4282
895 8083.6507466069242582       0                      4287
896 8088.338311420025093      111.28414610318783673    4292
897 8082.1660826803517921     332.25535806025959573    4297
898 8082.1958243895996929     332.85107980487623536    4302
899 8088.3386459172343166     111.93401827832808237    4306
900 8093.7782491703510459     186.35668898220399115    4311
901 8084.7880116689902934     306.91870112873954213    4316
902 8081.9164449962072467       0                      4322
903 8082.8789434495620299       0                      4327
904 8082.0159328048575844       0                      4332
905 8082.8053453164893654       0                      4336
906 8083.7311749224581945       0                      4341
907 8084.0112392804785486       0                      4346
908 8084.8764585771459679       0                      4351
909 8090.3706263979538562     100.5708402126364831     4355
910 8083.9839121741306371     341.07106986771003676    4360
911 8081.9861377044508117       0                      4366
912 8081.9533535911778017       0                      4370
913 8082.762742320021971        0                      4375
914 8082.7587413767159887       0                      4380
915 8081.948373033169446        0                      4385
916 8082.5197914999544082     357.44834053394919238    4390
917 8083.7790363501208049       0                      4395
918 8086.6450957329634548     126.25501155300570133    4400
919 8090.3421922031429858     100.70767685167000138    4404
920 8081.9194838771300056       0                      4410
921 8083.0022086330063757       0                      4415
922 8085.2458307228798731       0                      4419
923 8081.9191705067687508       0                      4424
924 8081.9451619749343081       0                      4429
925 8081.9438694486516397       0                      4434
926 8081.9230092021471137       0                      4438
927 8083.6309727412563007       0                      4443
928 8081.9550394354864693       0                      4448
929 8084.7660489397158017     307.43181757468573778    4452
930 8093.8225028209826633     187.18835461335214632    4457
931 8082.1692125679974197     331.11532613991323615    4462
932 8081.9721845023450442       0                      4467
933 8082.00837008183953         0                      4472
934 8082.8723074459094278       0                      4477
935 8092.2200699702389102     122.02330080694839864    4482
936 8083.9809942730416878       0                      4486
937 8081.9286684238149974       0                      4492
938 8083.8101898438908393       0                      4497
939 8083.8131765599900973       0                      4501
940 8082.4999120126203707     358.8917322724770429     4506
941 8085.9644715507556612       0.00013728146570683475 4511
942 8085.9816785171178708       0                      4516
943 8086.6550929333743625     126.80677953534086555    4521
944 8088.3871253010738656     1726.2536110969472247     4526
945 8082.0162166133995925       0                      4531
946 8081.9469002222749623       0                      4536
947 8082.7553606170868079       0                      4541
948 8081.9450445952543305       0                      4546
949 8081.9191948144507478       0                      4551
950 8082.7819416737102074       0                      4556
951 8082.7881915558609762       0                      4561
952 8093.1170648254792468     170.79224940620414941    4566
953 8085.6345293714739455     295.81788638546811399    4570
954 8083.7941271466334001       0                      4576
955 8084.5351515554575599       0                      4581
956 8085.1184778750721307       0                      4586
957 8082.7807478780487145       0                      4591
958 8083.0039734546962791     322.6960490907916892     4596
959 8088.3357288657698518     112.10193455986568267    4600
960 8094.5710959955931685     208.00096921208341882    4605
961 8084.5037770649914819     329.54074255477775068    4610
962 8089.0817027863095063     2278.5590918077036804     4615
963 8081.9912796823027747       0                      4620
964 8082.8349617789190233       0                      4625
965 8082.7552682246505356       0                      4630
966 8083.0070064095061753     321.04949673178759895    4634
967 8083.7184307485831596       0                      4639
968 8090.3729647990649028      99.785898272161489331   4644
969 8083.7673589353653369       0                      4649
970 8085.8968716970512105       0                      4654
971 8082.756175347174576        0                      4659
972 8082.9529979891112816       0                      4664
973 8083.4447066781922331     300.21201890621944131    4668
974 8083.7194538227804514       0                      4673
975 8089.1869677433023753     118.61157647319065234    4678
976 8084.1748623797575419     291.91519219874970759    4683
977 8090.3679321371046171      99.789247934604603074   4687
978 8082.9212698269375323       0                      4693
979 8082.9711226797471681       0                      4698
980 8082.8029234429477583       0                      4703
981 8085.9195626463069857       0.08179027191860059609 4707
982 8095.200317739611819      225.67070471518928798    4712
983 8083.4386238039724049     340.22459728221559772    4717
984 8083.6379985060857507       0                      4722
985 8093.8131105014008426     186.57512232765103022    4727
986 8084.7538464455919893     307.41227830358616302    4731
987 8082.8381255761787543       0                      4737
988 8085.9377002492055908       0                      4741
989 8087.8769876436572304     156.6870401922220708     4746
990 8084.1407271083562591     291.55558043204172236    4751
991 8086.0055100470854086       0.0011049329586787812  4755
992 8093.0658523908814459     171.03305487513623007    4760
993 8083.9938658086239229     342.21062905729002068    4764
994 8081.9748744666831044       0                      4770
995 8082.0057028812107092       0                      4774
996 8081.9953417875658488       0                      4779
997 8081.9900970140333811       0                      4783
998 8082.0025387138339283       0                      4788
999 8083.991710334174968        0                      4792
1000 8083.9804491150234753       0                      4797
