1 11628.26622756172037       44733.525212265769369      4
2 12151.031742451419632      37778.017326524590317      8
3 11865.763675675820195      46435.547819803345192      12
4 11676.637141915116445      45035.100928061190643      16
5 11847.042004808819911      46547.42502127365151       20
6 11591.990438750575777      21530.215314741180919      24
7 11585.01998980224198       5743.4304390179386246     28
8 11606.232192764347928      9783.0297023367020302     33
9 12654.171400118026213      55296.421349068026757      37
10 10892.084024268220674      5997.5387449832778657     41
11 11173.821605008148254      9657.8589426146718324     45
12 11342.599200949944134      2516.5401446300811585     50
13 10720.621696010499363      314.51130283155220013    54
14 10103.323676556312421      1654.4080519709732471     58
15 11223.38685489695672       687.83293453032274556    63
16 10618.878439111675107      2328.2210063068373529     67
17 10556.447891593699751      1454.1499565683859601     71
18 10116.619236787371847      899.7666495935139892     75
19 10515.755895861108002      85550.432442941018962      80
20 10707.885091245754666      1159.0555185967864418     84
21 10592.867009699833943      1135.8838337255554052     89
22 11555.154131632663848      1031.5869683872799669     93
23 11427.893681707009819      1283.1755822814416206     98
24 10554.96819471713934       1223.823575038451736      102
25 11556.515232001458571      6725.0444666412413426     106
26 9954.6318601256480179     250.10544129314004635    111
27 8881.3628601379150496     7103.9334765532976235     115
28 9722.0529487333697034     398.06512068519532477    120
29 10903.296055487853664      387.5071017589400526     125
30 10586.300420270597897      662.10384732789816553    129
31 9987.210629355877245      101.75340531818434897    133
32 10116.068573452397686      992.14688798911424783    138
33 9792.5168696601249394     1085.3192356272465986     142
34 9834.5684706220254157     1126.844665699067491      147
35 10546.362302079722213      839.13218309388184935    151
36 11851.329510462590406      1453.6377853750382201     156
37 11883.668143212526047      5649.7673559700479018     161
38 8988.5313081894491916     1275.7147955904606533     165
39 9812.2666454346217506     116.90954240268673914    170
40 9676.8369152646901057     525.99892565559059676    175
41 9483.7010866887903831     1144.829537006049577      180
42 9338.3812047609189904     270.18135341577061581    184
43 8820.2546149581376085     558.71060176646597029    189
44 9063.5236636544614157     1754.3174847621189656     194
45 9112.293102454748805      9905.9415525761287427     198
46 10158.172845829647486      916.49194955913628746    203
47 11628.090489607197014      738.25469206010689049    208
48 9541.5311477703326091     1629.1884280567348924     213
49 9608.474856740089308      1601.0880163667823126     218
50 10282.687411388942564      987.71380764421451204    223
51 10078.412136095301321      657.23729288531353632    227
52 9341.3335805649257964     815.75232935933843237    232
53 10025.168157509180674       62.201925151844314144   237
54 9057.5608754933437012     402.91270345384833718    242
55 9455.7159819870939828     203.6167898370079854     247
56 9742.1376004837056826     706.71438777189109715    251
57 10025.546673881515744      266.53348752439285363    256
58 10025.025110863654845      261.88918597630225804    261
59 10611.535928104016421      397.77107306796665398    266
60 10054.488207475815216       56.892525094340541614   270
61 10105.754168206982285      231.54183092280862866    275
62 10046.418617758177788      862.60050052779740781    280
63 10063.513436027153148      9148.8191203477072122     285
64 9508.7356405718510359     271.00425107399422586    290
65 10716.368717858325908      180.8490389024005367     294
66 10259.514106395574345       70.513370840224126823   299
67 10349.78078856727916       254.05955815190264957    304
68 9819.631055524061594      486.99537323932440813    309
69 9759.5217776674635388     1845.2602517644854743     313
70 9930.1077826023156376     708.61759207332170263    318
71 9740.0968141706398455     6705.4132220604187751     323
72 10234.299305064430882      3474.6768015496918451     329
73 11035.022923376185645      2225.6911014999109284     333
74 9839.6310785099831264     7216.1741244379427371     338
75 10387.108973004391373       10.903319073231497072   343
76 11685.464381737563599      2423.3524244206896583     348
77 9489.7776234146112984       0                      353
78 8685.8611963486982859     4833.5282449976957651     358
79 9227.4653517789229227       0                      363
80 8837.5452367893849441     2037.9011074408970217     368
81 9971.9835414275967196      36.116808756224884291   373
82 10212.566056812711395       11.183291487638461703   377
83 9954.1915232913015643      30.183770489952557625   382
84 9775.9451702707192453      18.756530532253549381   387
85 9689.1050234727881616      18.746810516993697604   391
86 9622.9371678545358009      21.780786157950981163   396
87 8588.2739567984190217     2926.382635304616997      401
88 8834.610424927495842      2145.0984087486540375     405
89 9100.0541746173985302     399.09139139157719001    410
90 9240.787754185799713      432.44725543695574288    415
91 9638.084355988947209      1112.1231768950451624     419
92 9262.5391328501009411     1370.998845963394615      424
93 10569.818249325046054      1094.1329807686145159     429
94 9420.1185426182837546     7027.8784730643983494     434
95 9820.3366660241481441     1649.50271987115093       438
96 11711.039554039662107      863.19849752908271512    443
97 9699.5210328943285276      23.762082397858236504   448
98 9357.8279260128092574       0.79917512199672990914 454
99 10006.519659516026877       50.511813983758251823   458
100 9367.9922258702445106       0                      464
101 9422.9091637942965463       0.31244485118805997992 468
102 9620.8111030182153627      18.281087320967213117   473
103 8826.4130059063099907     563.71118613655448826    478
104 8876.3538007244533219       3.1608061911876510486  482
105 9228.2935484258377983       0                      487
106 9194.3596911191343679       0                      491
107 9098.7640679737123719       0                      496
108 8813.1065835191620863       0                      501
109 8276.1859320047424262     107.66540470571030141    505
110 9943.6365560443173308     124.24431028685950196    510
111 9182.4270110973793635       0                      515
112 9909.0941500075005024      12.177239119565484771   520
113 9146.1817426828747557     173.80947325191965547    525
114 9528.2157954467402305     110.60057190172148012    529
115 8551.8363396389941045      59.632734615976509929   534
116 8539.0700817701381311     153.24066065231764355    539
117 9245.2763365332539252     222.66690238274924241    544
118 8569.4517652659651503     9095.9942980085143063     548
119 8804.0161849578653346     2843.4075350252542194     553
120 8808.4189574246229313     823.26176598373558591    557
121 9071.3786691593850264     2514.2821500691516121     562
122 10584.199400091276402       27.881482664733677979   567
123 8761.7967059075690486     18565.491782771336148      572
124 11195.971729050206704       93.757255432733288103   576
125 9642.538970007419266       97.508472958555202581   581
126 8475.4804983105241263     467.07819774722497641    586
127 9820.4584674588495545     566.83504947509493377    591
128 9861.8372122792516166      56.206427597676231755   596
129 9178.8016770000413089     189.50163191578749888    601
130 9524.1838450852264941     112.06066196300319859    606
131 8518.8371175256288552      23.686961103399664097   611
132 8547.2366196894818131       2.4114229757757126293  615
133 8719.6149189533807657       3.5601164037965769005  620
134 9349.1669983599967964       0                      625
135 8989.7343829893943621     202.75554480877357832    629
136 8895.727897619961368      262.66467447128957247    634
137 9043.077822799778005      268.17721478697592374    639
138 9420.5578345753019676     1680.3709101694353194     643
139 9721.5268324597782339     638.26962751022188058    648
140 8449.4353780146338977     1388.1456591868623036     653
141 8641.0060743736376025       3.8884397816325546593  658
142 8362.0875069659705332       0                      663
143 8661.5312270160156913     3333.6422444241779885     667
144 9174.5469875983635575     291.20938760651085886    673
145 9170.6519608072539995      15.905645752714214325   677
146 9470.1745191212121426       0                      682
147 9011.18809351874188        25.930979719350329304   687
148 9148.0505424535713246     801.08024355559803098    691
149 8283.0589885748213419     180.94071753307832751    696
150 8361.5454749050695682       0                      701
151 8359.9279611411820952       0                      706
152 8355.1527178222622751       0                      711
153 8784.8036693719986943       0                      716
154 9506.7096397110144608       0                      720
155 8696.7473446529184002     289.30668364668025561    725
156 9108.861951209979452        0                      730
157 8280.0550754400919686       0                      735
158 8138.9241256016621264       0                      740
159 8145.8809114510040672      24.036299459593809758   744
160 8783.1510034099865152       4.7121859687384457516  749
161 8247.1949526072858134       0                      755
162 8405.707985605340582        0.55388420852225916935 760
163 8494.4712320937524055      81.178568251416280077   765
164 8103.4819118519662879       2.3499511529052061753  770
165 8406.3079585102077544       0                      774
166 8136.8426452521453029       0.97830129849791569452 779
167 8115.1683289034654081       0                      784
168 8158.2574280881271989     2777.6097964403065816     788
169 8185.8972178048543356     113.26320142182221673    794
170 8190.3136250352526986      87.696156661173247926   798
171 8094.0671034098277232       0                      803
172 8802.0853465246655105     1743.6119993663774039     808
173 9047.6924779739365476       0.63160688273852383379 813
174 9811.3241177500294725       1.6347190210420152745  817
175 8633.8278101179603254     321.00951952829257152    822
176 8765.0583862711155234       6.5901131566209203427  827
177 8181.3868375217280118       0.39820441469273359925 831
178 8623.1482535261820885     114.65475400709819098    836
179 8095.7426957330289952       0                      841
180 8195.0178333882977313       0                      845
181 9198.8248971466582589     146.29325623445092219    850
182 8101.4162811303631315     2924.0162076247033838     855
183 8144.5100049952998233     1445.5163979536732768     860
184 8971.9513555247849581     284.96463523803799944    864
185 9270.4667426612631971      49.744895385353913753   869
186 9691.3415317349554243      99.155207756187564883   873
187 8110.2919386228859366     320.07685749915100359    878
188 9635.6404678816306841       0                      884
189 9324.5281509864471445       0                      888
190 8564.0876326722391241     394.26243494862058014    893
191 8135.8756542751689267       2.4838274828596258459  898
192 8385.2194025807948492      25.186488344566914321   903
193 8494.8159351040867477      44.928141801572500924   907
194 8636.7047645752409153     655.22460122328129728    912
195 8179.543889755454984      4693.865696088223558      916
196 8225.891731729343519      2590.9604885784442558     921
197 8094.6220608466292106       0                      926
198 8345.2816764280687494     947.7087017632777588     930
199 8570.2144231412967201     2802.3256678177658614     935
200 9282.7117706076005561     303.65947698282514011    940
201 8132.5700239840634822     274.14941506585870457    945
202 8140.8569422692053195       0                      950
203 8554.4401736534491647      45.254084244253753866   955
204 8339.3923923987076705       3.8453159560061740407  959
205 8331.1188051203334908      79.293785059125355019   964
206 8140.815209675096412        0                      969
207 8086.5510821939833477       0                      974
208 8285.6850581595463154      20.019187551578685458   978
209 8276.528845209557403        0                      984
210 8147.8673698251659516      12.005857870727174586   988
211 8202.4713901134127809      24.937668853567117822   993
212 8260.9484720320597262      99.985589738134848403   998
213 8127.9125040259414163       0                      1002
214 8127.4143344652284213      10.401659435893533256   1007
215 8097.0511600302643274       0                      1012
216 8100.8178879275064901       0                      1016
217 8129.9039315668087511       0                      1021
218 8089.1185267685787039       0                      1026
219 8189.0515290440898752      34.4794869597178959     1031
220 8124.4468324115869109       0                      1035
221 9737.5637834249137086      96.906701710771514513   1040
222 8925.9161752853924554      63.457300135589633783   1045
223 8214.2338385655821185       0.6489902625298203942  1050
224 8253.1657161691546207      12.564002548090956068   1054
225 8096.4641974951700831       0                      1059
226 8834.3628439192780206       0                      1064
227 8256.5678649969759135      39.753245006665963501   1069
228 8268.910098973168715       93.588082841819627333   1074
229 8117.4575011233400801       0                      1078
230 8086.924763325971071        0                      1083
231 8088.2145808374389162       0                      1088
232 8090.1445158300848561       0                      1092
233 8099.3338803460983399       0                      1097
234 8124.049866756913616       69.805324048265489978   1102
235 8158.0772328850789563      12.264078030652333595   1106
236 8136.3809371217084845     660.88686012498055788    1111
237 8902.2309338977629523       0.69599462461429972837 1116
238 9944.1366612012188853     104.22479142266848839    1121
239 8098.9869630683288051       0                      1126
240 8141.4112284131260822       0                      1131
241 8720.720976655746199        5.157613820515208225   1135
242 8167.856400110422328       48.839015647002305798   1140
243 8269.2350613522012281      75.015132987591570668   1145
244 8086.0887602777893335       0                      1149
245 8097.8901277949807991     397.94803830188334359    1154
246 8105.0880717324198486     607.11882391734161502    1159
247 8726.0015562222833978      19.823904611373048823   1164
248 8716.4356644736053568      21.914092223728761866   1168
249 8164.336236451127661       50.839242823186985731   1173
250 8270.9051274152443511      74.055678703863748069   1178
251 8113.3991476272840373       0                      1183
252 8088.4292141903815718       0                      1187
253 8095.1430045816914571       0                      1192
254 8092.5910886255660444       0                      1197
255 8087.2144313422131745       0                      1202
256 8127.3974824197857743       0                      1207
257 8086.4834796600398477       0                      1211
258 8092.5027897466088689     151.2102320172610348     1216
259 9419.0148449065036402       4.7521901722611774588  1221
260 9432.7469623412725923       7.094735777419613143   1226
261 8121.266817934176288        7.0610326131194591781  1231
262 8188.9721397591247296     426.78343624954726465    1237
263 8190.8826566021143663     456.2981414297839251     1242
264 9350.2505733833586419       0.00000982214833155191 1246
265 9235.9495024282277882     240.36613932696417351    1251
266 8119.306953926317874        0.15403083033901882049 1256
267 8115.4607311725585532     1245.6922556749777868     1261
268 9289.2290119627068634       0.06258812861264928529 1265
269 9292.0308299376592913       0.08839821690911468799 1270
270 8137.6018680150682485      81.18048666004526126    1275
271 8265.7141958512183919      88.180738980133170912   1279
272 8086.5813011627005835       0                      1284
273 8085.4139509764854665       0                      1289
274 8097.6884037463432833       0                      1294
275 8102.1945627040850013       0                      1299
276 8100.1991539296832343       0                      1304
277 9065.2030309810652398       0                      1309
278 8208.8944291169136704      80.546715068557190875   1313
279 8311.1158612412527873      66.973853372521730876   1318
280 8085.5152908246609513       0                      1323
281 8083.2426975346743347       0                      1327
282 9207.0983048344933195     235.9945077846523418     1332
283 8095.780952442848502       80.989660168112081351   1337
284 8097.6662532821337663       0                      1342
285 8909.8419737823787727       0                      1346
286 9038.3247769639765465       0                      1351
287 8204.438340609172883       73.647955585260660882   1356
288 8304.7010075199123094      70.187406509826274714   1360
289 8094.7509166252493742       0                      1365
290 8083.3221643567558203       0                      1370
291 8082.4733344754440623       0                      1374
292 8082.6190167078912054       0                      1379
293 8102.7123385140421306       0                      1384
294 9030.1487918628536136       0                      1389
295 9029.6155856619425322       0                      1393
296 8225.9334032332935749      56.558478279544772249   1398
297 8299.2868618906159099      72.379345599224350849   1403
298 8083.626913425665407        0                      1408
299 8082.3517605260749406       0                      1412
300 8082.8961481129745152       0                      1417
301 8084.7371564716595458       0                      1422
302 9164.8959411391915637       0                      1426
303 9311.6961472256516572      34.553054833048634009   1431
304 8227.2220853674843966      56.213497145987055603   1436
305 8083.1537583189701763       0                      1440
306 8087.4661578151453796       0.00963595581498124555 1445
307 8085.6994973003129417       0                      1450
308 8082.3456293105100485       0                      1455
309 8082.3636010303434887       0                      1459
310 8117.137307674512158        0                      1465
311 9075.5583769571057928       0                      1469
312 9206.6630595222413831       0                      1474
313 8233.8464495706939488      49.823609419289461187   1478
314 8297.1633541404662537      73.265008068425373722   1483
315 8089.8263179584000682       1.1942631722650318693  1488
316 8085.3593541928512423       0                      1493
317 8089.5804350998705559       0                      1498
318 8094.2180047352831025       0                      1503
319 8082.3455590553439833       0                      1507
320 8082.3817130625684513       0                      1512
321 9039.3573891408996133       0                      1517
322 8118.5369065241802673       0                      1522
323 8232.5216606007343216      50.147990417735613278   1526
324 8296.666122004891804       78.496662889614597702   1531
325 8082.406520925285804        0                      1536
326 8083.8254292110395909       0                      1541
327 8083.6774329665840924       0                      1545
328 8088.3613445148494066       0                      1550
329 8087.7317454400163115       0                      1555
330 8096.4381464781090472     125.32469971135392939    1560
331 8099.4359594817797188       0                      1564
332 8098.3140792113863426     234.22551538792089332    1569
333 9150.3899997790013003     706.22382058550113015    1574
334 9622.6148582723872096     3166.5096699339383122     1578
335 8090.6489176178129128       0                      1583
336 9155.7436999701294553     236.29327444228727018    1588
337 8090.2388600711656181       0                      1593
338 9270.6288559483000427       0                      1598
339 9271.0863937688172882       0                      1602
340 8203.600946825596111       93.957618479432881031   1607
341 8109.9066890021022118       2.379951170929269999   1612
342 8082.3619467469698066       0                      1617
343 8083.0242486368924801       0                      1621
344 8085.4308557779577313       0                      1626
345 8090.9849199627242342       0                      1631
346 8084.5771700313043766       0                      1636
347 8089.1326676204635078       0                      1641
348 8088.8534842281742385       1.0079715675814266973  1646
349 8087.2254110487974685     133.334050230524781      1650
350 9202.052391547964362        0                      1655
351 9509.078908270035754        4.5920386003483946169  1660
352 8085.8408179642901814       0                      1665
353 9161.6294244130131119       0                      1670
354 8084.4325160380494708       0                      1675
355 8082.3951711600047929       0                      1679
356 8129.6253860073757096     158.56677641586199456    1684
357 8095.4190560764809561       0                      1689
358 8082.5174087835257524       0                      1693
359 8082.2557139926966556       0                      1698
360 8082.0746940621156682       0                      1703
361 8082.1762102111233617       0                      1708
362 8082.0672878343002594       0                      1713
363 8098.0148596905064551     360.68912126183840883    1717
364 8085.7673688360218875       0                      1722
365 8083.7015122183365747       0                      1727
366 9011.0964635007785546       0                      1732
367 9158.3591375001124106       0                      1737
368 8201.8525731523895956      82.552387213424523793   1741
369 8100.2268820167764716       0.36920255030699522525 1746
370 8082.1390971710852682       0                      1751
371 8082.1696714128347594       0                      1755
372 8083.5831169671891985       0                      1760
373 8083.8854640834497332       0                      1765
374 8089.6561405885586282       0                      1769
375 8092.7741879383229389      11.365239254673733527   1774
376 8082.4959137521009325     324.25832379621277823    1779
377 8084.6240863961129435       0                      1783
378 9374.7101018671728525      14.387680061720352853   1788
379 9330.9797677434344223       0                      1793
380 8108.8972346554755859       1.420284827694527463   1798
381 8082.1155339988217747       0                      1803
382 8081.979711989799398        0                      1807
383 8098.0573577300056058      74.698133781330056991   1812
384 9102.6390720616655017       0                      1817
385 8087.9149794189543172       0                      1822
386 8087.1735027573740808       0                      1826
387 9454.4372226192099333     148.34206915066141619    1831
388 8192.8779006718359597     103.09775506959239522    1836
389 8103.4472938667167909       0.94178010686334523438 1840
390 8082.1751532209764264       0                      1845
391 8082.1715045937953619       0                      1850
392 8093.0294979382342717       0                      1854
393 8083.5560239388314585       0                      1859
394 8082.9091812816677702       0                      1864
395 8087.6743558654252411       0.28247765388495693628 1868
396 8095.5899951459241493       0                      1873
397 8084.1919251273138798     358.68956953252603626    1878
398 9328.7119604277686449     372.58992708732859001    1882
399 9378.1263404335641098     103.18001427812919246    1887
400 8086.8422153926248939     128.61532108573851474    1892
401 8096.8931205018270703      46.595195672470872239   1896
402 8082.2029602428647195       0                      1902
403 8082.1269035350615013       0                      1906
404 9007.4208615735024068       0                      1911
405 9013.6326868671694683       0                      1916
406 8178.0544623605783272     136.24934524128445901    1921
407 8108.5543938668351984       0.80675289858553356215 1925
408 8081.9978986549103865       0                      1930
409 8082.2454408378898734       0                      1935
410 8082.795399084518067        0                      1940
411 8082.2608741459735029       0                      1945
412 8082.2474804595067326       0                      1949
413 8083.1290346934993067       0                      1954
414 8084.3126593748684172       0                      1959
415 8087.47411733851186       135.89010632055769179    1964
416 9343.7753001105265866       0.64704916609055407317 1968
417 9358.2358850031541806       0.39829069263150945757 1973
418 8082.5681707083913352     318.70196921860735984    1978
419 8084.1748375882516484       0                      1983
420 8084.2028848055306298       0                      1988
421 8082.3800116419006372     340.53383722518964305    1993
422 8082.0199574019661668       0                      1997
423 8082.3172799729973121       0                      2002
424 8082.051280792324178        0                      2007
425 8081.9862959220972698       0                      2012
426 8082.0334453419109195       0                      2016
427 8081.9452505607559942       0                      2021
428 8094.8205119708773054     362.57612059781251901    2026
429 8082.5270518740016996       0                      2032
430 8083.0288549007200345       0                      2036
431 8084.1082887207239764     351.21339774244222554    2041
432 8082.0243430248929144       0                      2045
433 8081.9776049434658489       0                      2050
434 8082.1357556964230753       0                      2055
435 8081.9325868044588788       0                      2059
436 8082.0400934188719475       0                      2064
437 8082.0343152715877295       0                      2069
438 8082.0415400224765108       0                      2074
439 8125.2996530311975221     189.35545759246497255    2078
440 8095.5336475720960152       0                      2083
441 8081.9784798531172783       0                      2088
442 8082.1674972607952441       0                      2093
443 8082.0098026628102161       0                      2097
444 8083.1395781002365766       0                      2102
445 8084.0836089223266754       0                      2107
446 8082.1610228625768286     336.47426489549542339    2111
447 8084.7891891855342692       0                      2116
448 8089.2286205146865541      90.128430101086635773   2121
449 9331.8634454039820412     332.10744837921089356    2125
450 9376.9795485962786188     149.43907075207690127    2130
451 8081.976513371969304        0                      2135
452 8082.2454992731036327       0                      2140
453 8082.1070152615302504       0                      2144
454 8082.3151402586454424     339.18543214437278266    2149
455 8082.0308608985724277       0                      2154
456 8081.9524224758415585       0                      2158
457 8082.0619139466061824       0                      2163
458 8082.2330048011417603       0                      2168
459 8082.7712451199977295       0                      2172
460 8083.9500758988579037     341.52152592598901037    2177
461 8082.8185122696131657       0                      2182
462 8084.0514888662610247       0                      2186
463 8087.2240518784865344     145.3531205421086554     2191
464 9340.4649825799278915       4.4544819739147758497  2195
465 9361.7801021272971411       0                      2200
466 8094.8083829205161237     365.61948411885907717    2205
467 8083.0631186006212374       0                      2210
468 8083.7569481507625824       0                      2214
469 8082.3579662874080896     340.05173761993984272    2219
470 8082.0087291048757834       0                      2224
471 8082.0120379310128556       0                      2229
472 8082.616986010841174      367.67846353438301321    2234
473 8081.945806646881465        0                      2238
474 8081.9345581825218687       0                      2243
475 8081.9554227990929576       0                      2248
476 8081.9816221080982359       0                      2252
477 8085.2132975756367159       0                      2257
478 9338.2260511152599065       0                      2262
479 9362.4240611369568796       0.02290621314908089512 2266
480 8089.7065913119786273      94.984826758852292983   2271
481 8089.5100047322830505     515.7490769547060836     2276
482 8082.7062163300033717     367.20450565812257082    2281
483 8082.0032921913589234       0                      2285
484 8081.933127937521931        0                      2290
485 8081.9441732241730278       0                      2295
486 8081.9452684465495622       0                      2299
487 8082.0073071809165413       0                      2304
488 8082.8155137066951283       0                      2309
489 8082.9392500841740912       0                      2313
490 8084.0380885403892535       0                      2318
491 8082.1575679326788304     335.63331114878246808    2323
492 9347.6303659101758967     109.70993593877592787    2327
493 9356.3723037067466066     413.81979486492537035    2332
494 8085.7778469198538005     349.52624293198755367    2337
495 8084.2011477699415991     292.35788162403946444    2342
496 8082.6923969538302117     366.32654403196886506    2346
497 8088.3647971094114837     110.15362760171967693    2351
498 8081.9381042039231033       0                      2356
499 8081.9335487822236246       0                      2360
500 8081.959167910310498        0                      2365
501 8089.7997320443537319     137.70439337818976355    2370
502 8088.3573966737249066     109.65253369555379948    2374
503 8083.4276315948218326     301.92551953547950916    2379
504 9346.3383946302965342       0                      2384
505 9354.1720753231493291       0.00390150560062825112 2388
506 8081.9904452102300638       0                      2393
507 8082.1563912857091054     334.23728247244332579    2398
508 8081.9325894923231317       0                      2403
509 8083.4233629416812619     301.05603587196145554    2407
510 8088.3560565332236365     109.15268178303360003    2412
511 8082.1557547217853426     334.79323982509026791    2417
512 9349.5996730467486486       0.41749173582181420272 2421
513 9352.29190730873961         0                      2426
514 8081.9476825168203504       0                      2431
515 9338.0809991471196554       0                      2436
516 8082.1549853588521728     333.37738034140096488    2441
517 8081.9358873610271985       0                      2445
518 8081.9353487919079271       0                      2450
519 8081.9287158717870625       0                      2455
520 8081.92697811295875         0                      2459
521 8082.010552277845818        0                      2464
522 8082.9243390514002385       0                      2469
523 8082.8402854170335559       0                      2474
524 8082.1571310434319457     332.53959062166825333    2478
525 8081.9258777865979937       0                      2483
526 8081.9821652865266515       0                      2488
527 9340.0957108568563854       0.0384728216308664675  2493
528 8081.9921115454462779       0                      2498
529 8082.0001216677346747       0                      2502
530 8082.1609173178303536     331.7026860586629482     2507
531 8081.9309046974103694       0                      2512
532 8081.931476109734831        0                      2517
533 8081.9994138607817149       0                      2521
534 8081.988185044671809        0                      2526
535 8081.9968051605792425       0                      2531
536 8082.1633821352688756     333.97532744128648119    2535
537 8082.8018489725009204       0                      2540
538 8082.9290739806519923       0                      2544
539 9345.4663176720277988       0                      2549
540 9355.059210295068624        0.00320308833557279718 2554
541 8081.9307497134859659       0                      2559
542 9342.4782775757685158       0                      2563
543 8081.9421003949073565       0                      2568
544 8081.9293812580372105       0                      2573
545 8081.9548998094942363       0                      2578
546 8083.3685726856847396     348.39727134699523958    2582
547 8086.6541549441581083     125.86140270330791679    2587
548 8083.961358499632297      341.97528021532372122    2592
549 8092.1609010101710737     138.3764472611928511     2596
550 9353.236992092392029       93.176300684096432292   2601
551 9351.6071002085955115     384.53766083365610484    2606
552 8081.9635172982179938       0                      2611
553 8082.1644151373175191     331.72386931552119904    2616
554 8081.9259119020625803       0                      2620
555 8081.9274329240752195       0                      2625
556 8081.9238770098490932       0                      2630
557 8081.9268935123036499       0                      2634
558 8084.8020105365576455       0                      2640
559 9347.8337513427777594       0                      2644
560 8081.9315707844807548       0                      2649
561 8081.9230173924433984       0                      2654
562 8081.9599059597767337       0                      2659
563 8082.8587869539833264       0                      2664
564 8082.1601616869984355     332.27832723818153227    2668
565 8081.9406368218133139       0                      2673
566 8081.9560221370475119       0                      2678
567 8081.9209350671435459       0                      2682
568 8081.9190864448401044       0                      2687
569 8081.9531243631909092       0                      2692
570 8081.9472736415682448       0                      2697
571 8082.022826507544778        0                      2702
572 9335.2222553006122325       0.01017708147371105924 2706
573 9338.1102791653538588       0.02204739549778575447 2711
574 8082.1661387449239555     331.15974866322017078    2716
575 8081.9275682979987323       0                      2721
576 8081.9155161040653184       0                      2726
577 8081.953996480191563        0                      2730
578 8083.666401140842936        0                      2736
579 8085.6245794746428146       0                      2740
580 9336.6766479849029565       0                      2745
581 9341.0648638622133149       0                      2750
582 8082.1680964565766772     330.87773803567063169    2754
583 8081.9267752228961399       0                      2759
584 8082.2148052491083945       0                      2764
585 8083.2452001658703011       0                      2769
586 8081.9498642284315792       0                      2773
587 8081.9273141488374677       0                      2778
588 8081.9461665928229195       0                      2783
589 8081.9842657931931171       0                      2787
590 8082.1628485197170448     333.92999809755707474    2792
591 8082.9191081758090149       0                      2797
592 9363.6980953661095555      89.35254866407153429    2801
593 9341.2080907974250295     376.59494046721027871    2806
594 8084.2381118259245341       0                      2811
595 8081.9589721489728618       0                      2816
596 9336.9951716501764167       0.01684435122652617675 2821
597 8082.1627156124595786     331.12748216072372998    2826
598 8081.9899543931196604       0                      2830
599 8081.9433451492459426       0                      2835
600 8081.9476888273929944       0                      2840
601 8081.9953417875767627       0                      2845
602 8082.4936170381370175     357.41449034120643091    2849
603 8082.9190409795355663       0                      2854
604 8082.7533523686252011       0                      2859
605 8083.9631507515796329     341.47563878271864724    2864
606 9346.6478095339789434     352.40110868141641731    2869
607 9363.6018826361214451     186.5176062638051917     2874
608 8088.3455542387800961     111.30180513465171543    2879
609 8083.5302270013071393       0                      2884
610 9336.6656134398217546       0.01554476480066680627 2889
611 9349.3965185724155162       0.11855334677710767377 2894
612 8082.1783531546207087     330.03190598414511214    2899
613 8081.9169433636179747       0                      2903
614 8081.92037947078461         0                      2908
615 8081.9162248666143569       0                      2913
616 8082.1689009518631792     336.73353401549798036    2917
617 8081.9747992288757814       0                      2922
618 8081.9973591352663789       0                      2927
619 8082.7539312078815783       0                      2931
620 8082.9425178792916995       0                      2936
621 9347.11115889087705        10.867831127482535436   2941
622 9355.0302178202673531       0.00836896424542347799 2945
623 8081.9344281517760464       0                      2951
624 8085.547203449128574        0                      2955
625 9337.8278625786842895       0                      2960
626 8082.1820973952808345     329.44679261659393887    2965
627 8081.9233791941533127       0                      2970
628 8081.9164449962081562       0                      2975
629 8082.7544190112985234       0                      2979
630 8082.7534164636836067       0                      2984
631 8081.9163619098098934       0                      2989
632 8082.9487096250268223       0                      2994
633 8083.9884955984325643       0                      2998
634 8088.3138943076683063     111.46633333930280685    3003
635 8084.1379706724119387     292.63233069690835464    3008
636 9357.2061287707947486     127.10361966856014249    3013
637 9349.6308289571315981     394.29919040100338634    3018
638 8081.9202332678105449       0                      3023
639 8082.7835925548597515       0                      3028
640 9340.9863453007510543       0                      3032
641 8082.1748353165139633     330.28061673747833993    3037
642 8081.9206495070739038       0                      3042
643 8081.9515196004849713       0                      3047
644 8081.9904444413514284       0                      3051
645 8082.19376555211511       331.74426693540738142    3056
646 8088.3182922318119381     111.29895686043430203    3061
647 8082.1661482327635895     331.70201113351868116    3065
648 9355.8023735323604342     108.71526458057562081    3070
649 9350.8367306778527563     383.85152652661469119    3075
650 8081.9823397076206675       0                      3080
651 8081.9191705067705698       0                      3085
652 8081.9171255172241217       0                      3089
653 8081.9444769443443874       0                      3094
654 8082.9201711608211554       0                      3099
655 8083.4274912048131227     298.14784611955008131    3103
656 8089.0549378238802092     131.7775006415132566     3108
657 9346.4394554859554773       0                      3113
658 9355.4431691944209888       0.51302504015172822882 3117
659 8082.763376196583522        0                      3122
660 8082.7598466433491922       0                      3127
661 9338.9879159690444794       0                      3132
662 9344.9484631709619862       0                      3136
663 8081.9151187665447651       0                      3141
664 8081.9229484476400103       0                      3146
665 8081.9563181384328345       0                      3151
666 8081.9434730164439316       0                      3156
667 9343.6391590992079728      90.763028838685059441   3160
668 9345.8081398119757068       0                      3165
669 8081.9193173883568306       0                      3170
670 8081.915520755437683        0                      3174
671 8081.9506722852565872       0                      3179
672 8081.9174166122020324       0                      3184
673 8081.9956714638510675       0                      3188
674 8082.7535575608653744       0                      3193
675 8082.8313617417252317       0                      3198
676 8082.1636453991632152     333.09223647733989537    3203
677 9355.8983665108171408     119.74942116218264232    3207
678 9348.1630287089865305     420.99467902772471462    3212
679 8081.9277797091026514       0                      3217
680 8082.8236653431977174       0                      3222
681 9340.3690689119175659       0                      3227
682 9341.5801030362508754       0.43188017624936431149 3231
683 8082.2102628794837074     329.48880738847253724    3236
684 8081.9212501278852869       0                      3241
685 8081.9171294087400383       0                      3245
686 8081.9429209166783039       0                      3250
687 8082.7545559941036117       0                      3255
688 8083.483463399129505        0                      3259
689 8083.996695225951953        0                      3264
690 8083.9899556892614783       0                      3270
691 8088.3138388602419582     111.14183705929970358    3274
692 9349.8702878442381916     383.62405315104592773    3279
693 9354.9707002990471665      92.740445590509423823   3283
694 8082.8271456746570038       0                      3288
695 9344.5110422473990184       0.06157868093078131683 3293
696 8081.9888256743797683       0                      3298
697 8082.9199913934462529       0                      3302
698 8083.9689494969215957     343.15757752525973956    3307
699 8092.1209778473130427     136.72094802633651511    3312
700 8082.1660826803654345     332.25535806025618513    3316
701 8088.3190959501562247     110.65097358313781228    3321
702 9347.3020462681215577       0                      3326
703 9353.2038899421168026       0.00321589065913667352 3330
704 8083.9843793784175432       0                      3335
705 8082.9543984083366013       0                      3340
706 8088.3152882094091183     110.81799840984074024    3345
707 8089.1544967543686653     117.61108264802173551    3350
708 8083.0039734546808177     322.6960490907916892     3355
709 8082.9989959702816122     321.60642301911633467    3359
710 9348.1334704317523574       0                      3364
711 9353.7518948544202431       0.48847619178660039996 3369
712 8101.3570737803438533     913.93490006942511172    3374
713 8085.195242668980427        0                      3379
714 9344.3583100734358595       0                      3383
715 8081.9206835495442647       0                      3388
716 8082.1936224607861732     330.88736440524371574    3393
717 8088.317569930261925      110.14882465697802161    3398
718 8088.3338371970785374     111.42864988540999605    3403
719 9349.0641383560778195       0.38719783524833412125 3407
720 9354.5681176217985922      17.596241575962245918   3412
721 8084.0168102825728056       0                      3417
722 8081.9907422604683234       0                      3422
723 8082.7573344911561435       0                      3427
724 8083.9933251506890883       0                      3431
725 8093.000861967642777      151.74337110429735276    3436
726 8085.0519401290621317     342.89208261298585967    3441
727 9350.0118926760933391       0.00009365978663301673 3446
728 9352.1185066601283324      11.076112606602553257   3451
729 8082.161327442804577      332.23394583497912436    3456
730 8082.7856613904650658       0                      3461
731 8082.7866236175086669       0                      3466
732 9340.4831115560537          0                      3470
733 8082.1666969831721872     334.48448687743399432    3475
734 8088.3179417354067482     110.97463638484389037    3480
735 8088.346671331604739      110.62594974791473135    3485
736 8082.1870122199670732     332.86383472363576175    3490
737 8088.3104717646510835     111.30921465429702266    3495
738 8088.3410699609039511     112.25994255722233106    3499
739 8082.1940438422107036     332.29760009095792839    3504
740 9350.9369972902713926       0.00009259959073961814 3508
741 9351.1976799321164435      11.075019520741046009   3513
742 9339.0280165356707585       0                      3519
743 9354.2751189123500808     359.16010681945283523    3523
744 9354.1731041382918193     152.00916340286767081    3528
745 8082.1613274428182194     332.23394583497565691    3533
746 8082.9534399660851705       0                      3538
747 8082.0172069812315385       0                      3543
748 8082.7986017235580221       0                      3548
749 8085.1908267250782956       0                      3552
750 8085.2177958336660595       0                      3557
751 9346.3991611321034725       0                      3562
752 9355.4891687953058863       0.52136626535442254227 3567
753 8084.0227669235846406       0                      3572
754 8082.1935315632872516     329.43405390939284416    3577
755 8082.16250531165133       332.53839088270052571    3582
756 8083.6249209663565125       0                      3586
757 9348.3653587221215275      94.427482577054661306   3591
758 9356.4977555910118099     387.11515338636752404    3596
759 9342.5748813889913436       0                      3601
760 9346.7879489838378504       0                      3606
761 8092.1494818191358718     137.90749226033835839    3611
762 8084.0205199126739899     343.71019786106273841    3616
763 9348.7542298583466618       0                      3621
764 9353.3734534096693096      11.106066765479910785   3626
765 8084.0123743606172866       0                      3631
766 9336.9539590176682395       0.41906652341395134176 3636
767 8082.9484890411067681       0                      3640
768 8082.9494417432606497       0                      3645
769 9348.2575305236441636       4.7276625711438029498  3650
770 9353.9092033940178226       0                      3654
771 8082.1660247780391728     330.84516020889827814    3659
772 8081.9845543998353605       0                      3665
773 9340.8086936704130494       0                      3669
774 8088.3229051073985829     111.321773216005667      3674
775 8082.1698047463214607     333.3970770596634452     3679
776 8088.3101768115921004     110.96212734690125501    3683
777 8083.0002963538763652     321.85136794613748634    3688
778 8083.9901044464731967     345.58450390864436486    3693
779 8093.812140033029209      188.40582018113843787    3697
780 8089.1565572583058383     117.27790629629116381    3702
781 9354.0022887760569574     347.60635192227647394    3707
782 9354.538295997905152      158.13112068491318496    3711
783 8092.6452423827922757     2731.7091123270670323     3716
784 9350.8206250905495835      93.744067982479407419   3721
785 9354.0287445360827405     385.70978949439478356    3726
786 8082.8011949651800023       0                      3731
787 9339.2986804143456538       0                      3736
788 9338.6787347743720602       0                      3741
789 9348.5151370450912509       0                      3746
790 9351.9872440572689811       0.00069073103288504992 3750
791 9352.3573405253773672       0                      3756
792 8086.6461067866348458     126.43516629327162093    3761
793 8082.19016254827784       332.58070078198488773    3765
794 8082.4954242079693358     358.87015193794564993    3770
795 8082.8274601360635643       0                      3775
796 8089.0570496759137313     132.32695756909259899    3779
797 9349.3001728225262923       0.37910992080049804587 3784
798 9352.5759795571339055       0                      3789
799 8088.3908372280766343     1728.0796130591095334     3794
800 8082.7573847332350852       0                      3799
801 8088.3387562002935738     110.61344823173209306    3804
802 8082.1662878288188949     333.64622800430112193    3809
803 8082.9223788948129368       0                      3813
804 9351.8768843939014914      11.049624653015948539   3818
805 8083.9841287306526283       0                      3823
806 9339.3175820743599616       0                      3828
807 8082.9482133359351792       0                      3833
808 9348.5340920910693967       0                      3838
809 9352.0789882468270662       0.11115202760774665902 3842
810 8081.9341963301549185       0                      3848
811 9340.7039037388458382       0                      3852
812 8081.9429966318421066       0                      3857
813 8082.9496423698201397       0                      3862
814 8088.3266822002324261     111.15436506187459997    3866
815 8084.1715894291464792     291.28425518182513088    3871
816 9351.4369187124775635      88.393982669876152158   3876
817 9355.0676121635806339     418.19124434924782463    3880
818 8083.9814076944294357       0                      3885
819 8082.7587580524204895       0                      3890
820 9337.5417236313896865       0                      3895
821 8081.9887097762402846       0                      3900
822 8082.4999120126176422     358.89173227248056719    3905
823 8085.1951318408500811       0                      3909
824 8087.2020037353831867     149.0087606152927151     3914
825 9353.0162248074666422       0.13928073621935990745 3919
826 9350.676920020232501        8.1559345651580485992  3923
827 8088.3877584370338809     1726.5234857525354073     3928
828 8081.9935658100766886       0                      3933
829 9341.5352803625009983       0                      3938
830 9342.1534314201944653       0                      3943
831 8081.9480346852251387       0                      3947
832 8082.9247527445695596       0                      3952
833 8083.6292198761129839       0                      3957
834 8083.6579306213734526       0                      3961
835 8082.7579632074721303       0                      3966
836 8082.7814732486758658       0                      3971
837 8082.9489513204516697       0                      3975
838 9349.6526646518559573     371.89763036164526966    3980
839 9355.3043607974395854      87.319286764858745187   3985
840 8082.7803778779716595       0                      3990
841 8084.1368537411508441     291.77808622469297006    3995
842 8088.3410837832770994     111.4411895012863738     4000
843 8089.7924307611419863     139.72372408182096137    4005
844 8083.4587448068350568     299.06124727195714286    4009
845 9350.2451148744294187      21.194048714509587938   4014
846 8083.6309727412653956       0                      4019
847 8089.1539430984248611     117.9449226126479715     4024
848 8082.1901807397471202     332.02701568380422259    4029
849 8088.3413736756783692     111.11675832724492352    4034
850 8083.0283573214846911     322.19311295808483919    4038
851 9348.5585935639610398       0                      4043
852 9353.5717835522973473      11.135528169536035747   4048
853 8081.9233698682846807       0                      4052
854 8081.9223198130603123       0                      4058
855 8082.1928176190886006     331.44015698660598446    4062
856 8088.3153352652198009     110.47165082683807213    4067
857 8082.1581563444087806     332.51700487527193673    4072
858 8088.3078040217324087     110.80546265374681525    4076
859 8088.3217551453044507     110.32796767586899023    4081
860 9350.1420827889396605      93.875092451534442262   4086
861 9354.7176955918966996     385.96714744662625662    4090
862 8082.0319964269065167       0                      4096
863 8084.8545969758542924       0                      4101
864 8083.9727637076330211     344.43542253174945245    4105
865 8092.1502829763985574     137.38455482690253007    4110
866 9353.3082362847017066       0.42900271332383443923 4115
867 9348.6516697404113074       0.82946152501293946013 4119
868 8082.0133630520203951       0                      4125
869 9344.3843935690001672       0                      4129
870 8081.9917741532417494       0                      4134
871 8081.9917078369389856       0                      4139
872 8083.9901063933020851       0                      4144
873 8084.0013524559099096       0                      4148
874 8083.9929471824461871       0                      4153
875 9355.2235939789079566       0.98637061361661471093 4158
876 9348.5628362796505826      30.786824717102398097   4162
877 8082.0082524740346344       0                      4168
878 9345.7442917218068033       0                      4172
879 8082.7553443563438123       0                      4177
880 8082.1675192900202092     332.80885166625824922    4182
881 8088.3114969337693765     111.95921709217090267    4186
882 9358.2557344106317032      86.287037006819886642   4191
883 9346.7056756589245197     369.81947799827401013    4196
884 8081.9877869282199754       0                      4201
885 9338.9216952019905875       0                      4206
886 8083.3553610336748534     346.95272471427045957    4210
887 8087.194563327862852      148.61933112125160505    4215
888 8082.4994063634239865     359.44597617527091415    4220
889 8085.050216655328768      341.86086048643318236    4225
890 8084.7923911837970081     346.78145711432790677    4229
891 9354.1105468334244506     102.12568259258152636    4234
892 9350.8426115773581841     395.51912488479763397    4239
893 8081.9933198353583066       0                      4244
894 9344.0908860014587844       0                      4249
895 8081.9847604919077639       0                      4254
896 8082.8019485329969029       0                      4258
897 8081.9154192493788287       0                      4263
898 8081.9186758322130117       0                      4268
899 9349.3201022803259548     109.37924482239623103    4273
900 9354.6775018826920132     413.11028319067474968    4277
901 8082.7970092254154224       0                      4283
902 9339.2709848930826411       0                      4288
903 8082.9225881519987524       0                      4293
904 9345.7577397082986863       0                      4297
905 9356.1289445744023396       0.52237280538255070894 4302
906 8083.9888614348774354       0                      4307
907 8085.2324540853387589       0                      4312
908 8081.9428681556573792       0                      4317
909 8082.755268224656902        0                      4322
910 9352.4999265003061737     358.0541972014511316     4326
911 9357.6311123181039875     187.21955459254297693    4331
912 8082.7923186846701356       0                      4337
913 8081.9243846060862779       0                      4341
914 8082.7558430909584786       0                      4346
915 8088.3112017078010467     110.63846833697694194    4351
916 8089.1629198795408229     118.13020130619456438    4356
917 8082.998138912075774      321.30702205298086938    4360
918 8082.197481635492295      333.43943852942089734    4365
919 9351.9443880151611665       0.00041915210915636759 4370
920 9339.5384589297555067       0                      4375
921 8082.0268378336477326       0                      4380
922 8081.9195003569775508       0                      4385
923 8081.9443231457880756       0                      4389
924 8083.9972322270696168       0                      4394
925 8084.0183672156736066       0                      4398
926 9348.590644325266112      129.55805733659690304    4403
927 9357.3426591755414847     414.05651917330902734    4408
928 8082.1648761327533066     331.39796647914954519    4413
929 9340.4752567341674876       0                      4418
930 8089.7757430364972606     139.58993023877948758    4423
931 9347.0628832685233647       0                      4427
932 9353.4427558002917067       0.00251690095902999981 4432
933 8081.9206495070911842       0                      4437
934 8082.7979748855859725       0                      4442
935 9345.0983571009619482       0                      4447
936 9343.6042672913208662       0                      4451
937 8082.8010607493588395       0                      4456
938 8092.1322378396334898     136.76083947590581147    4461
939 8093.0734660293619527     171.28685345994816203    4465
940 8083.4409291357032998     300.46224845498920786    4470
941 8083.9783152727959532     343.38869864967335843    4475
942 8088.3225361445338422     111.64644903179595303    4479
943 8085.0486223858561061     341.48587191742433333    4484
944 9353.0899958528043499      92.851567987355977607   4488
945 9351.7671782318957412     383.84860032104609218    4493
946 8088.3102320428342864     111.63388668983984076    4498
947 9356.0001242415310116       0                      4503
948 8081.9945348779692722       0                      4508
949 8082.5040090381380651     359.76166651749741732    4513
950 8085.1994687622254787       0                      4517
951 8087.2024964813545012     149.57864977551787433    4522
952 9349.6923416186273244       0                      4527
953 9352.3305645558848482       0.13447195749566182021 4532
954 8082.1660247780446298     330.84516020889492438    4537
955 8082.781601057028638        0                      4542
956 8083.985763241757013      340.16500626617812486    4547
957 8083.992919881871785        0                      4551
958 8093.1168266885097182     170.88529487766965076    4556
959 9346.7127841982437531       0.06259404134732050873 4561
960 9355.6170182232144725      21.320415361689654787   4566
961 9339.255684453606591        0                      4571
962 9342.2389818637057033       0                      4576
963 8086.6744324365272405     126.75401608108045082    4581
964 8083.9591498011377553     323.49210067072436914    4586
965 8087.1936971564628038     148.99406149087957374    4591
966 8093.0994458288942042     171.49433345250577077    4596
967 8082.5212477423729069     358.33844485347782438    4601
968 9350.3085806517301535     129.38560073815673945    4605
969 9356.5435121561313281     399.06716973601021436    4610
970 8089.0639199553324943     2274.4295281143267857     4615
971 9343.334353796670257        0                      4620
972 9345.0675195989169879       0                      4625
973 8082.952174530794764        0                      4630
974 8082.8032492598658791       0                      4635
975 8084.021775580389658        0                      4640
976 9343.1546213248948334       0                      4644
977 9358.9924779007160396      11.314361563043368264   4649
978 8081.9472691634064176       0                      4654
979 9356.8458439866699337       0                      4659
980 8081.9932133078800689       0                      4664
981 8081.9858504820776943       0                      4669
982 8083.9945086721336338       0                      4673
983 9349.4608217912700638      10.99385374790658787    4678
984 9352.6733540433306189       0.00107374003553991466 4682
985 8084.9706663426450177     384.59748571767624981    4688
986 8082.7946524827702888       0                      4693
987 8081.9193024226469788       0                      4698
988 8081.9164202459924127       0                      4703
989 8082.1889081425888435     331.72289856819850229    4707
990 9348.8463533375306724       0.07871125170491825862 4712
991 9353.4784501701869885      21.313611198995094043   4725
992 8082.8110589981133671       0                      4734
993 9341.0014819141288172       0                      4740
994 8082.8116347425011554       0                      4744
995 8084.025359428419506        0                      4749
996 9351.183178516861517       30.87836793161338278    4753
997 9352.611692662414498        0.95229560190509709994 4758
998 8081.9206835495560881       0                      4762
999 8081.9447176600388048       0                      4767
1000 9337.808773770910193        0                      4772
