1 12781.137926364375744      111383.8912639238406        4
2 13441.103327372320564      101412.00737186748302       8
3 12183.899312377123351      121577.84397694311338       12
4 13020.671990941864351      121051.59624724609603       17
5 13032.042720654537334      120548.88969221997831       21
6 13029.910773260347923      120824.2854400236829        25
7 12748.610108368990041      55471.531156027442194      30
8 12745.644394788514546      24369.722026298761193      34
9 12749.32590409950717       28650.145843695296207      38
10 13568.031227327051965      194589.0709014578315        43
11 12058.424911362671992      9911.9249433164386573     47
12 11486.348258068928772      14474.872757599403485      51
13 13396.997320819864399      12632.512901893200251      55
14 13400.93346779028434       18961.623833494151768      60
15 10695.731485589176373      63509.770273628659197      64
16 10162.596361289595734      39209.715640969639935      69
17 12293.980764434109005      8925.6264714054850629     73
18 12970.453885888027799      4510.1940543841501494     78
19 11469.793363924094592      6085.1994564645046921     82
20 9602.1408346117059409     52403.511007012602931      86
21 12389.053440863623109      8184.51489103446238       91
22 12203.357292317072279      8121.2045988098689122     95
23 12979.881339189845676      2338.9212319816097079     100
24 11065.058930022578352      38292.841869142335781      104
25 10212.297685072628155      12344.224772008257787      108
26 11299.615538361147628      8542.7947375154890324     113
27 11104.688729995588801      14929.226657884688393      117
28 12045.866304330156709      11222.113551323556749      122
29 11330.119211456538324      44470.118136529745243      126
30 10273.73802832252295       176125.49825804217835       130
31 12490.24624540592049       13154.745121490976089      135
32 14350.019382324844628      14897.126103103055357      139
33 9376.6693998192022264     17543.869478555126989      144
34 11919.752437068509607      9227.0371059711997077     148
35 12760.942903069597378      1366.2519797324932824     152
36 12177.961870785884457      1253.6678896877929219     157
37 11737.902174906846994      1763.9508984377644083     161
38 9533.2453548679732194     12653.981172497207808      166
39 11746.984492490093544      4934.1744804162553919     170
40 12377.923959651987388      11735.096855160487394      175
41 10787.076746877115511      862.62634868852535419    179
42 8428.0246666360744712     1190.8430850566269328     184
43 8453.3787003052857472     22190.308453977646423      188
44 9832.4497908007033402     30076.491200013853813      193
45 12077.860903561455416      8015.700556693260296      197
46 8651.5738090058312082     5639.5597404890168036     201
47 10680.777037575378927      202.7279758119131543     206
48 10698.244043829772636      6758.1225616004212498     211
49 8316.3597650128776877     4297.7895293471729019     215
50 8387.6437056367867626     1757.8544410595470708     219
51 10596.106875666719134      1362.2740604759094367     224
52 10326.058536481561532      275.74206939108495362    228
53 10551.166496516716506      2688.8015292697218683     233
54 10542.360200011062261      116.37987559810454741    237
55 11009.334077941026408      991.57436701102426468    242
56 8945.7355781501391903     151246.38991624538903       246
57 8546.8330641455759178     20025.414719863350911      250
58 12216.897556287451152      280.83314550846421298    255
59 11882.566211405792274       78.789936253404619038   259
60 10837.387250976493306       43.253146817315773376   264
61 8966.4209666651258885     1708.9883582487384501     268
62 8590.1380874516326003     199146.66605227632681       273
63 10469.636667622724417      4202.7277030576351535     277
64 12209.170980886763573       26.521469475506769697   282
65 12039.70473665816462         0                      286
66 11926.616432669417918        9.7136053637115438164  291
67 12292.072181168634415        0                      295
68 8370.8130760618478234     5415.3387978756218217     300
69 8419.2494753707142081     757.37982158235558927    304
70 8590.8853836547423271     1898.4148950090182097     309
71 12619.904921382913017       11.153706098154323456   313
72 12232.593192964595801        0                      318
73 13780.672209873999236      14700.820914863765211      322
74 9757.7635755642731965     17833.931922041403595      327
75 11669.082787011038818      13843.081928912204603      331
76 11063.873301003915913      21933.267729271763528      336
77 9944.6404981267805852     312056.93431038467679       340
78 12173.724074112651579       57.224666770046141551   345
79 11786.588225365090693      2969.0104573508651811     349
80 13884.709087761595583      210085.61175081989495       353
81 16073.942951071079733      35218.510649035648385      358
82 10531.503765573466808      23456.470255363467004      362
83 12331.343952968620215      5271.7701899162211703     367
84 9246.4949384712344909     13407.156461268761632      371
85 12072.0760127268004        3761.4114693151100255     376
86 10853.536892594531309      36435.034463415191567      380
87 12836.978277610172881      462.99980290230342916    385
88 11427.18581626924788         4.8458990855351844473  389
89 10216.080389855311296      2161.0507921954276753     394
90 8248.9665031528420513     3490.962072366627126      398
91 8244.5749029574799351     3103.3257925578905088     403
92 12618.991604754737637      117.78122884749619459    407
93 11446.574200579825629        0.34646351470177672027 412
94 11814.508021647632631       81.313170831992323428   416
95 11819.606190483009414        0                      420
96 11847.279396993977571      4010.3577040025934366     425
97 8268.9207211502434802     8553.0388353903435927     429
98 8254.4554659139030264     7392.7213044474838171     434
99 8246.8617617929485277     5012.5989260585338343     438
100 12823.995507767340314      287.5799458326694662     443
101 11265.640418435494212       83.038346176193243764   447
102 9167.3164161301629065     2013.5547957017504359     452
103 11079.203080767889332      5533.6863601920331348     456
104 9867.8458708292637311     6586.7662518583556448     461
105 11285.023512895857493       26.678931737835029026   465
106 10723.457345058166538      10545.817269607001435      470
107 11280.916982630886196      4666.4984357276698574     474
108 11843.972607370973492      26290.735402604648698      479
109 14350.586860431041714      42210.488829811562027      484
110 14072.526931124117255      18956.449017508733959      488
111 10260.954820037113677      181125.02538512507454       492
112 10671.603897897301067       62.000037476786381774   497
113 8939.5615058429211786     1051.0342266860789096     501
114 8989.6770174369339657     745.32357890832020075    506
115 8938.8829468958756479     1005.015467552094492      510
116 10480.41431074920547       907.19971346410909518    514
117 12001.316556707750351        0                      519
118 10625.779233961071441        0                      523
119 9846.3889588464662666     644.42857550453459226    528
120 8359.4924135384735564     789.11140368221333574    532
121 11437.62682151829722        12.012506537605606383   537
122 12823.370300409245829      278.58095949425018034    541
123 11428.329610500435592       21.699192775477399664   546
124 12892.753746577698621      5643.8533676156621368     550
125 12622.641555939499085       28.779988667880491704   555
126 8712.2156415737808857     1673.3318381736637548     559
127 10370.135809446968779       86.797991657364420348   563
128 10319.198878062426957      353.82704220235228831    568
129 10829.399598315068943      157.95298801987920001    572
130 11042.39990373463479       103.83463436050310236    577
131 11599.330725802607049      842.78303825346722533    581
132 11819.783884154392581      3907.7865592922130418     585
133 9739.922287210374634      1481.000564981903608      590
134 9999.8552394280704902     2882.4884304741617598     594
135 8434.6468772539501515     2805.0015581629309054     599
136 8893.7015200875921437     4817.2422231346154149     603
137 8903.5638762302041869      30.527761876428797905   608
138 13067.709782789275778      749.02465822391275196    612
139 10030.234837454387161      125.21729295788509262    617
140 10624.091079267020177        0.03726498232002593836 621
141 10620.797018707875395        9.4841074320943974385  626
142 8434.3850991603994771       1.6450246355142024157  630
143 8434.8962127096692711       3.9123926411801122072  635
144 8437.4276334291462263      27.058751603845173861   639
145 8433.4775243727781344       0.95962190455188034477 644
146 12661.672499255580988        6.4266607888025220063  648
147 9585.3714871251031582       0                      652
148 8418.2864236893892667     2670.5432372961317924     657
149 8631.6958514463385654       3.7080135521075416882  661
150 8631.8446895377401233       6.9218018628369328837  666
151 9760.6050928827571624     108.85488140392675405    670
152 10179.958561089624709       71.370085614574023225   674
153 11233.252312951986823      1448.1686484134470447     679
154 11395.040182850359997        0.4623800192110870122  683
155 8329.1124401518354716      30.734399516798930563   688
156 11579.313578169232642      124.65079016266201961    692
157 9175.8417674038537371     428.98924942967738616    696
158 9982.6119522347307793     154.73341883612204128    701
159 9594.3626746017707774     405.96874318496656997    705
160 9858.8195301173109328     1400.797733250946294      710
161 10868.053329235162892      189.38834888749616425    714
162 9525.3164052402498783     1200.3298345679856993     719
163 11482.076641377279884      2887.0690449712978989     723
164 11948.124850777157917      8346.2892973204234295     727
165 8239.9982272240067687     303.47122896907427503    732
166 8232.9010246239649859       0                      736
167 8574.9253479912313196     1694.9662358187320024     741
168 8805.5968487347163318       6.5678184653968330053  745
169 11745.514217964135241       16.356398604869600177   750
170 8354.6748402574503416      50.267392391570787424   754
171 11271.397787500241975       26.701207419762084783   758
172 10315.936118262554373       33.968917056023592238   763
173 8543.0415797873720294     637.99592374605788336    767
174 8229.8363616535079927     463.51679207781313607    772
175 8241.6849398727572407     209.49430593407441847    776
176 8461.618298887671699      1641.0939951546922657     780
177 8837.2933620143139706     421.83379501479089413    785
178 8961.1129340035022324       0                      789
179 8308.3375306921680021     199.04967750388027525    793
180 9672.7684299877219019     1260.4154878245265081     798
181 8254.1605184653089964     551.64042647507028505    802
182 14049.280134190321405      8055.0419846336026239     807
183 8197.6354029858848662     5668.3997303843934787     811
184 8290.7634365370831802     46570.035308293619892      816
185 8291.9954131611666526     47076.387192620502901      820
186 8447.4017653735063504     388.9604405128018243     825
187 9078.9117256039917265      44.064492490587177542   829
188 10856.133784767469479       25.871417303266415644   833
189 8484.9989598405954894      53.451337415569483369   838
190 8177.4514401312244445     190.71127153467813287    842
191 8190.8656084186677617     183.58832809236668027    847
192 8244.6233098198827065       0                      851
193 8438.1955942952918122     123.35102106000806543    856
194 8107.4502461009724357       0                      860
195 8543.0678152541258896     11895.49035900769195       865
196 8108.0831513142547919       0                      869
197 8102.3692182974655225       0                      874
198 8662.2384078036993742     52385.268818216303771      878
199 8757.2155506281742419     940.4172802752913185     883
200 8637.7448487023229973     1123.1602576733193928     887
201 9854.6119011780174333     102.20381533117486583    892
202 8486.2434598439031106      22.497440275379101848   896
203 9856.3398471791842894       0.01494398272910575295 900
204 13098.715341297986015      2357.221225918053733      905
205 8334.651994760864909       31.91240913302949167    909
206 8967.5753105542353296      22.83721215082481848    914
207 9042.4146264660739689       9.2543981528049013008  918
208 8902.4868262995732948     748.27728628077886697    923
209 8258.3446403224315873     918.07428533263498593    927
210 8344.7368031818041345     2053.1244820923784573     931
211 8460.4768226379965199      50.921995357471303123   936
212 8108.8514642382606326       0                      941
213 12071.030927219573641      5399.5439412192017699     945
214 8498.7187957974419987     1594.4882843582363421     950
215 9661.5763577010893641     2925.0250867123249918     954
216 8149.5271406101301181     529.5877974608971499     959
217 8260.4309900773769186     3803.650869477946344      963
218 16495.737865071962005      389086.71717087371508       967
219 8098.4885128767273272       0                      972
220 8457.7230020971819613       0                      976
221 9820.7541796588175202     291.05142320262876865    981
222 10298.709870506369043      170.26384721695265512    985
223 9394.8388590808899608       0                      990
224 8168.2271020807647801     124.3304462938797883     994
225 8332.1769304013123474      57.93700951919439035    999
226 8097.389974072773839        0                      1003
227 10202.70300706998205       260.77217897712159811    1008
228 10736.057192005224351      179.56561578590967088    1013
229 10640.465360639787832      259.7109768548300508     1017
230 8103.8038754318222345     125.94260669335606906    1021
231 8457.8294028059444827      14.543987946490787522   1026
232 8150.3900722558637426     2404.8200424205565469     1031
233 8477.5186869636054325      77.94820873457597088    1035
234 12234.904045651248452      1137.6040901199853579     1040
235 8190.8977538229764832     487.63931100411531361    1044
236 8245.073388338647419      5374.0790009776164879     1048
237 8587.6814318306824134     4353.5091206784354654     1053
238 9168.8432157039460435     240.02548475498983294    1057
239 9624.3182430214183114     13595.302842532339128      1062
240 11372.853791237746918      1551.6781707655502487     1066
241 8128.4728801529281554     7320.8908339289009746     1071
242 8417.881851845930214      4306.4973782829265474     1075
243 8213.4120046671014279       0                      1080
244 8261.8346806994213694       0                      1084
245 8258.804376480913561        0                      1088
246 8165.4588599413036718     119.97350966873956679    1093
247 8098.2440824833884108       0                      1097
248 8455.4801577026501036      49.646784320841099714   1102
249 10738.090727826034708        1.0243374956946960097  1106
250 8165.0031770970372236     739.04929366922328882    1111
251 8242.0170163676084485     12034.225002051225601      1115
252 8276.3940150596754393       0                      1120
253 8981.0522413026574213     1237.5504222795673286     1124
254 8964.3242777173836657     204.46462613350738025    1129
255 10683.576995757794066      1661.803419755530058      1133
256 9176.6682668812536576     4632.6500585676712944     1138
257 8587.7230362523605436     5607.1799727553880075     1143
258 8086.9352247830211127       0                      1147
259 8392.2622018229212699       0                      1152
260 8102.7153194547045132     126.92295245942230508    1156
261 8092.7584853300813847       0                      1161
262 8124.2175089624051907       0                      1165
263 8265.7898296813873458      74.342084001088366563   1170
264 8287.6355870014413085     123.45507296445072143    1174
265 8089.0417007976648165       0                      1178
266 8093.5646563745967796       0                      1183
267 8175.2658689899380988      25.0728012198248571     1187
268 8096.559198411019679       39.875396129839188575   1192
269 8116.8379585455095366     307.95664315007633149    1196
270 11226.876700384817013      306.34005995161038527    1201
271 8201.4905786528106546     760.78004800556527698    1205
272 8173.8893797948785505     1052.3599229791805101     1210
273 8306.8145894757835777     6753.5487663760304713     1214
274 13530.524151637837349      22063.926572684355051      1218
275 8091.0574677862678072       0                      1223
276 8094.3834667576002175       0                      1228
277 8092.5829599282851632       0                      1232
278 8091.8790142301368178       0                      1237
279 8090.9127249494404168       0                      1241
280 8167.7522169553776621     125.24676710070238528    1246
281 8187.779283962374393        0                      1250
282 8089.2964242546804599       0                      1255
283 8091.7147999171902484     121.70809211009117234    1259
284 8128.6091867913983151       8.437580238367397456   1264
285 8138.0935671135230223      13.37147413018550246    1268
286 8210.8320195867891016       4.7960353853683441727  1272
287 8905.4813801901036641      18.474761655211040079   1277
288 8566.7822683403610426      75.510924505755482983   1281
289 9258.5859619133589149     656.75352748046168472    1286
290 11137.474299982870434      106.80136174599596188    1291
291 8104.9368185400599032       0.47782717438043453839 1295
292 8094.1514991510057371     482.41920817742737881    1300
293 8087.8155277205578386       0                      1304
294 8267.4640886058732576     444.63723364367808699    1309
295 8168.3943632863947641     110.05990050845177564    1313
296 8303.8489107505884022      70.412185877574430037   1318
297 8096.2657451442619276       0                      1322
298 8111.5399321581244294       0                      1327
299 8174.2431257223970533       0                      1331
300 9809.5194123472283536       0                      1336
301 8089.2026798957158462       0                      1340
302 8232.791174361591402        0                      1345
303 8105.8753258951164753       0                      1349
304 8088.7475957808956082     604.08669102385772476    1354
305 8096.4346331466722404       0                      1358
306 9910.7027762818415795       0.46398575075668718748 1363
307 8218.7355955382408865      26.378070448801068437   1367
308 8095.4345170027218046     155.55690282267732982    1372
309 8493.1613992039092409     9621.1753770581453864     1376
310 10049.078766863158307      7280.8720793648426479     1381
311 8528.3458946439532156       1.2704418887076649458  1385
312 8416.3549594959058595      93.468787034224703802   1390
313 8087.7306398157788863       0                      1394
314 8091.7607668922601079       0                      1398
315 8103.8670272223389475       0                      1403
316 8129.7597329534137316       0                      1407
317 8086.8211938600752546       0                      1411
318 8090.1236571007812017       0                      1416
319 9751.1479610699643672      16.327152480544484092   1421
320 9773.7806640113285539       0                      1425
321 8095.3047330886338386       1.7716958581826816044  1430
322 8414.4677393190777366      94.969469805218096781   1434
323 8089.1953437669499181       0                      1439
324 8093.0153236372880201       0                      1443
325 8132.6928117088955332       0                      1447
326 8143.7090902239942807       0                      1452
327 8088.7122062462840404     591.65423330371675092    1456
328 8087.7483996541304805       0                      1461
329 8089.2764819732810793       0                      1465
330 8093.1736442518231343       0                      1470
331 9796.8637127969304856     302.45806796696302854    1474
332 9924.4660482947110722      99.95688207064587516    1478
333 8093.4433044081870321     106.67090039052511941    1483
334 8088.6213228686665389       0                      1487
335 8089.3663747202390368       0                      1492
336 9714.1048371529959695       0                      1496
337 9742.2745150993741845       0                      1501
338 8666.8406554346365738      32.342829257435759871   1505
339 8181.5668789469382318       9.637300325171658244   1510
340 9852.3462650229230348       0                      1514
341 9860.7274104299085593       2.1192733191972021878  1518
342 8086.4577537035665955       0                      1523
343 8098.3326604074009083     383.14785365741005307    1527
344 8086.1386850877497636       0                      1532
345 8096.8792769671090355       0                      1536
346 8084.4551290972513016       0                      1541
347 8122.8815451701602797       0                      1546
348 9693.9773645386449061     697.58249837381163161    1550
349 9700.8077039697636792     1266.4289564327214066     1555
350 8083.6246074958271493       0                      1559
351 9546.421252345888206       33.624905188326309258   1564
352 8083.7162854735779547       0                      1568
353 8543.9458674294255616       0.2146516007753797306  1572
354 8455.9671668960891111      48.884375714088861287   1577
355 8096.2202256341679458       0                      1581
356 8099.5646729636837335       0.3415545626325810491  1585
357 8089.3038862640214575       0                      1590
358 8097.5122800123426714       0                      1594
359 8086.4829268491466792       0                      1599
360 8085.6659484332985812       0                      1603
361 8088.1279867665471102     608.34522207647148662    1607
362 8103.5294022264797604     250.59323574675306645    1612
363 9484.1235877467115643     827.72418417395988399    1616
364 10310.832300397592917      1275.1959934601800342     1621
365 8087.1008489950036164       0                      1626
366 8088.3843141866082078       0                      1630
367 9791.9378775750228669      12.498979298675935823   1634
368 9791.6677925307849364      11.861494272029663222   1639
369 8645.5277492590903421      30.768406770112889603   1643
370 8184.8142403923120582      16.615516133039150759   1648
371 8082.9795041728693832       0                      1652
372 8081.9743778892034243       0                      1656
373 8082.066659758037531        0                      1661
374 9556.2360570080109028       0                      1665
375 8544.4648006093666481       0.44203460277483558327 1670
376 8389.9510914834900177      71.15652050760634495    1674
377 8090.5707175511006426       0                      1679
378 8090.3272200916881047       0                      1683
379 9860.7531551310785289       1.9436345284330447392  1687
380 8082.03165922872995         0                      1692
381 8085.5499371669257016       0                      1696
382 8083.0451873298252394       0                      1701
383 8116.6752294212501511      73.874951147729234435   1705
384 8088.5888006249588216     114.31838513640030897    1710
385 8114.0811847652566939     249.46376830064568253    1714
386 9858.7593568483534909       0                      1718
387 8129.1685868344529808      11.259710484576029188   1723
388 8087.3352186047259238       0                      1727
389 8083.9731731080983081       0                      1732
390 8086.4058982978149288       0                      1736
391 10210.977609205194312      290.21586039476761698    1740
392 8585.9081146543267096      29.714718119507388394   1745
393 8189.8058668415178545      16.660779905925281241   1749
394 8082.2932124763101456       0                      1754
395 8083.7236382098944887       0                      1758
396 9973.6763213140220614       0.00247004796930984675 1762
397 8082.8416977341821621       0                      1767
398 8082.8599836906478231       0                      1771
399 8083.6946792839171394       0                      1776
400 8083.3407119000476087       0                      1780
401 8085.0324821846088525       0                      1785
402 8095.6398099299367459     315.33024938955816197    1790
403 9755.5229651030240348       0.03717046701435070682 1794
404 8085.2082034417198884       0.01041358691275210031 1799
405 8113.5256654164586507       8.6670632068233572909  1803
406 8082.0447328533555265       0                      1808
407 8082.8099416024178936       0                      1812
408 8083.3217557953830692       0                      1816
409 8083.25638761479604         0                      1821
410 8504.6828300926445081     103.17410172707137406    1825
411 8427.8004055978544784      48.154572378171771163   1830
412 8082.8433808231675357       0                      1834
413 8082.8364819307398648       0                      1839
414 8114.4975764889832135       0                      1843
415 8082.9509646759479438       0                      1848
416 8084.2041385108368559       0                      1852
417 8090.627430317177641        0                      1856
418 8090.9675654431393923       0.00938562521490064229 1861
419 8082.1813281355780418     330.270711952576562      1865
420 8083.3968594600537472     323.22177082075478438    1870
421 8097.0760542859070483      74.919000795956563366   1874
422 8158.1470505811839757      69.870534382569729814   1879
423 8499.9686650856529013       1.7522775471298555061  1884
424 8082.103178756194211        0                      1888
425 8082.9923331468962715       0                      1893
426 8087.4189352762823546       0.01486736042332154582 1897
427 8118.536964052287658        0                      1902
428 8138.0495100903972343       0                      1906
429 8084.0621454884885679       0                      1911
430 8088.4735656976999962     113.40548650651290075    1915
431 8109.5622603882247859       0                      1920
432 8119.3315577375351495     175.31834749222994674    1924
433 8128.2304069724732472     760.89702549784010444    1929
434 8087.3075202324271231       1.3976166249775556771  1934
435 8081.9155516068603902       0                      1938
436 8082.1402755741173678       0                      1943
437 8081.9616766196895696       0                      1947
438 8081.9317263555722093       0                      1952
439 8081.9920872810234869       0                      1956
440 8539.6610513503201219      48.596504402425047431   1961
441 8195.7458924005622976      17.751865445351420192   1965
442 8081.9346870886638499       0                      1970
443 8082.6318464188225335       0                      1974
444 8089.1694640881423766       0                      1979
445 8089.7915734435136983       0                      1983
446 8084.1874893396952757       0                      1988
447 8094.5586597792362227       2.3730014104437424649  1992
448 8082.3105317729405215     331.83068587363521829    1997
449 8082.9530019596104466       0                      2001
450 8096.3218628773265664     123.15282934908429979    2006
451 8093.3452394949736117     478.14264611868804877    2010
452 8085.5924587190329476       0                      2015
453 8082.3734649206362519       0                      2020
454 8096.6205574634495861      21.024753400907012946   2025
455 8096.4187189646745537      20.935303866968254738   2029
456 8082.898952241036568        0                      2034
457 8112.0322480288077713     252.00083436538477599    2038
458 8089.5265027589011879       0                      2042
459 8081.9376744457722452       0                      2047
460 8081.941058861170859        0                      2051
461 8083.0733678362321371       0                      2056
462 8082.9893490089916668       0                      2060
463 8084.2665806634022374       0                      2065
464 8084.0222179684951698       0                      2070
465 8089.3843775546765755       0                      2074
466 8085.3164749887409926     282.97018272345081868    2079
467 8082.8213498766781413       0                      2083
468 8095.2860729163985525      27.052212178562385247   2088
469 8087.7472286546380928     126.91134189813736555    2092
470 8090.9845180097991033     144.14187768131517942    2097
471 8090.931040615962047      144.71554348040697846    2102
472 8091.8845103744852167     262.54722976769369325    2106
473 8083.958057703216582        0                      2111
474 8082.2285657535130667       0                      2115
475 8084.3017955466948479       0                      2120
476 8081.9484187921189005       0                      2124
477 8083.0006751154705853       0                      2129
478 8082.1922574269810866       0                      2133
479 8082.1601404044968149     334.21380131070998232    2138
480 8085.2222425338713947       0                      2143
481 8082.7587772263877923       0                      2147
482 8090.4530283988751762     473.40222718956789549    2152
483 8098.3104515454997454     117.72524930254590458    2156
484 8082.5946993033639956       0                      2161
485 8081.991340785999455        0                      2165
486 8081.9602141716359256       0                      2170
487 8082.1887535678552013     336.77652146245890208    2175
488 8081.97637440626022         0                      2179
489 8081.9807855003009536       0                      2184
490 8081.9913495923947266       0                      2188
491 8083.9929471824361826       0                      2193
492 8084.0575701963362008       0                      2197
493 8091.6192463239931385       0                      2202
494 8081.9433451492432141       0                      2207
495 8082.7561559052601297       0                      2212
496 8082.7962757723162213       0                      2216
497 8088.3236395974718107     110.48412559569339919    2221
498 8091.0111566448404119       0.00656074265558762547 2226
499 8088.2101629768148996     856.84969185157535776    2230
500 8091.2797064938113181       0.0011110894525574286  2235
501 8081.9194838771300056       0                      2239
502 8081.9871185375986897       0                      2244
503 8098.0770511498794804      86.725190428891423267   2248
504 8082.1689135860933675     334.23523899048461772    2253
505 8081.9172324014280093       0                      2258
506 8081.9451968483263045       0                      2262
507 8081.9863780772511745       0                      2267
508 8082.8032492598604222       0                      2272
509 8084.0033117753846454       0                      2276
510 8090.249062765882627        0                      2281
511 8081.9404160165649955       0                      2285
512 8081.9163619098035269       0                      2290
513 8082.1596588948004865     332.82145692804937198    2295
514 8084.8673568556177997       0                      2299
515 8094.5471230996954546      23.451966267695549817   2304
516 8086.7588597396752448     130.90325458133173697    2308
517 8093.3251937619806995       0                      2313
518 8081.9535059550344158       0                      2318
519 8081.9565903963912206       0                      2322
520 8090.5602220480222968       0                      2327
521 8090.7183278744978452       0                      2332
522 8081.946999268109721        0                      2336
523 8082.0258161219680915       0                      2341
524 8082.7539312078697549       0                      2346
525 8083.9994351151608498       0                      2350
526 8091.2050670367443672       0                      2355
527 8081.9318194973793652       0                      2359
528 8081.9778304734099947       0                      2364
529 8082.210458438095884      337.31829909261762168    2368
530 8082.9249325361197407       0                      2373
531 8092.1783166319501106       0.02859596873420394703 2377
532 8082.1584099899819194       0                      2382
533 8089.2287080267569763       0                      2387
534 8091.0257940451165268       0                      2391
535 8082.1698047463150942     333.3970770596634452     2396
536 8081.9171255172268502       0                      2400
537 8081.9256943218033484       0                      2405
538 8081.9340450471772783       0                      2409
539 8081.9851735521679075       0                      2414
540 8082.1605025784774625     333.37565450306823323    2418
541 8082.9204963539596065       0                      2423
542 8092.5821224656292543     817.30355280263768236    2428
543 8102.5623780989690204     417.80659517834811822    2432
544 8083.7080001992289908       0                      2437
545 8090.5216649974727261       0                      2441
546 8082.1625053116522395     332.53839088270393631    2446
547 8081.9151187665493126       0                      2450
548 8081.9182201605963201       0                      2455
549 8082.0516854033712661       0                      2460
550 8089.9446373641931132       0                      2464
551 8090.249062765878989        0                      2469
552 8081.9738071664569361       0                      2474
553 8082.1636453991786766     333.09223647733989537    2479
554 8081.9162248666279993       0                      2483
555 8083.4275910044525517     320.30218863728998713    2488
556 8093.1497855296220223     528.61127590650346519    2492
557 8097.3916413833985644      85.28472041878978871    2497
558 8081.9175675008182225       0                      2502
559 8081.9888256743861348       0                      2506
560 8082.7535575608608269       0                      2511
561 8082.9484890410913067       0                      2515
562 8088.3177665500888907     109.99312030493624093    2520
563 8082.1662878288416323     333.64622800430112193    2525
564 8082.1627156124595786     331.12748216072372998    2530
565 8083.6909567687753224       0                      2534
566 8091.2027102241881948       0.00042733163201762539 2539
567 8091.0285404868109254       0                      2544
568 8081.9947159211124017       0                      2548
569 8092.1521513075986149       0.03195198124133732942 2553
570 8082.1601371898959769     331.40983747457249819    2558
571 8081.9193173883668351       0                      2562
572 8081.9321344942090946       0                      2567
573 8081.9429209166828514       0                      2571
574 8082.9199913934398865       0                      2576
575 8081.9477039226931083       0                      2581
576 8084.0126732774870106       0                      2585
577 8082.0407113265873704       0                      2590
578 8083.4791523341364154       0                      2594
579 8088.3138388602483246     111.14183705929168866    2599
580 8091.3371646438572498     471.73417308872393505    2604
581 8097.9136009222575012     127.80741683255794783    2608
582 8081.9231734627464903       0                      2613
583 8081.9167177763920336       0                      2618
584 8082.158395835031115      331.96334739224170107    2622
585 8081.9155207554531444       0                      2627
586 8081.9171294087445858       0                      2631
587 8081.9188346712762723       0                      2636
588 8082.5040090381353366     359.76166651751157133    2640
589 8084.0165625339195685       0                      2645
590 8084.0049111026946775     548.40873844189343345    2650
591 8097.7073619495176899     127.04386097164828584    2654
592 8092.275850592538518      504.25976779870296696    2659
593 8091.3942975426916746       0.00198995835745084974 2664
594 8081.9191705067687508       0                      2668
595 8088.3152882093845619     110.81799840984875516    2673
596 8082.4954242079738833     358.87015193793848766    2677
597 8083.980252568438118      552.60855529719447077    2682
598 8086.6461067866357553     126.43516629327585576    2687
599 8092.1313908938655004     262.68449144364672065    2691
600 8099.1137853693544457     175.98352501715751828    2696
601 8091.0817588799527584     447.58513260338986584    2700
602 8087.9436015382589176     907.55062335551826891    2705
603 8081.9842304234816766       0                      2710
604 8089.9844397409669909     414.42757435153936285    2714
605 8082.1603172042086953     332.26740620665401593    2719
606 8081.915516104035305        0                      2724
607 8083.9899556892496548       0                      2728
608 8091.5523368696731268     471.99204822716490071    2733
609 8097.6718703886463118     126.6770881749350508     2737
610 8082.0036956308795197       0                      2742
611 8083.6315227129052801       0                      2747
612 8084.728859949771504      312.79512180830528223    2765
613 8090.2793981770828395       0                      2781
614 8081.9191948144507478       0                      2791
615 8081.9428681556437368       0                      2800
616 8090.4830628821810024       0                      2805
617 8082.7545559941127067       0                      2809
618 8094.9166942830597691      26.329305348150633392   2814
619 8090.9232493793379035     443.15805910652943567    2819
620 8081.9786295548856287       0                      2824
621 8082.7558430909612071       0                      2828
622 8082.9234475227231087       0                      2833
623 8081.9907422604719613       0                      2837
624 8083.9926486939375536       0                      2842
625 8084.8576839513652885       0                      2846
626 8082.8053453164893654       0                      2851
627 8091.3095020242080864       0.00126103373153535025 2855
628 8091.0974382964577671       0.00003392129931403803 2860
629 8090.7907390343889347       0                      2864
630 8096.7956374648256315      26.943690377381710022   2869
631 8081.9174166122047609       0                      2873
632 8083.9884955984316548       0                      2878
633 8081.9887097762302801       0                      2883
634 8090.8914529726798719       0                      2887
635 8082.4958025967598587     358.55485589050960016    2892
636 8090.1425698334232948       0                      2896
637 8082.7533523686151966       0                      2901
638 8089.4012425349474142       0.06174847829281185363 2906
639 8088.3138943076673968     111.46633333930084575    2910
640 8089.1544967543732128     117.61108264801966072    2915
641 8083.0039734546962791     322.6960490907916892     2919
642 8096.0252812033604641      26.028765636773076864   2924
643 8081.9207105081932241       0                      2929
644 8089.2810614032841841       0.05194551805865439686 2933
645 8101.3845805844757706     340.88120867285158511    2938
646 8082.9494417432724731       0                      2943
647 8091.9087002863780071       0                      2947
648 8088.341083783270733      111.4411895012863738     2952
649 8089.0570496759073649     132.32695756910345608    2956
650 8091.0420280467351404       0                      2961
651 8082.1660247780400823     330.84516020889827814    2965
652 8088.8375540654842553       0.02549674611632695223 2970
653 8089.8050996719093746       0                      2975
654 8082.017206981234267        0                      2979
655 8086.647902027388227      126.78079346880450373    2984
656 8082.5240708564069791     358.91411770847747675    2988
657 8092.1371463848099665     261.59384236080580877    2993
658 8092.1580975595261407     262.92801992341679806    2998
659 8084.0050754753756337     543.30856640142292235    3003
660 8092.2831303771099556     403.1859070057425356     3007
661 8096.0910956220877779     107.16561809120949533    3012
662 8084.9716077842103914     416.64591706593154186    3016
663 8081.9172030415002155       0                      3021
664 8089.9480977063612954       0.89780813087022781627 3026
665 8082.7545906771301816       0                      3030
666 8082.9205358412409623       0                      3035
667 8083.6334346336898307       0                      3039
668 8082.7580098941862161       0                      3044
669 8083.6292459492942726       0                      3048
670 8081.9206835495597261       0                      3053
671 8091.8525504459084914       0                      3058
672 8081.9234362827537552       0                      3062
673 8089.0999789877505464       0.04122061601956030635 3067
674 8089.2955106344752494     410.43158022230113602    3071
675 8088.3102320428342864     111.63388668983984076    3076
676 8083.4324980859419156     327.51268258404553535    3081
677 8082.1628485197270493     333.92999809756719287    3085
678 8088.3190959501444013     110.65097358313781228    3090
679 8089.0521513972335015     132.86420656964125442    3094
680 8083.0293436362117063     320.82561803572303916    3099
681 8091.7763028886702159       0                      3103
682 8091.1742491069089738       0.00037914667608489002 3107
683 8081.9201433881307821       0                      3113
684 8089.6235212687315652     412.27621987704935691    3117
685 8090.9053284288738723     725.4107198361839437     3122
686 8089.1676180672202463     117.62388438705409044    3126
687 8083.0102415830533573     323.82124323286433309    3131
688 8082.1999732277754447     332.60210569276284787    3135
689 8089.1468641748451773     117.59826895592193807    3139
690 8088.31756993027102       110.14882465697995428    3144
691 8091.1789750650714268     466.9936339002671275     3148
692 8098.6035671903982802     149.29458433717064736    3153
693 8089.3400628744811911       0.72581502273348375009 3158
694 8097.7667906132392091     127.54198849220587419    3162
695 8092.0082258665897825     500.11393520921700429    3167
696 8082.161327442804577      332.23394583497912436    3171
697 8082.7986017235534746       0                      3176
698 8092.1337129187822939     262.52300470637214858    3180
699 8083.4318791422310824     325.93745783201933364    3185
700 8083.9783152727914057     550.3822947269644601     3189
701 8096.7448918844856962      85.788615677675593929   3194
702 8093.4155955470050685     528.57911139462271422    3198
703 8082.166148232764499      331.70201113351868116    3203
704 8088.9111875260605302       0.04255562507566045677 3208
705 8081.9206495070820893       0                      3214
706 8093.8278128789024777     367.63278758673101265    3219
707 8083.9931649703712537     551.24866510717993151    3223
708 8094.9219915393650808     928.96295127605174002    3228
709 8101.2203937607073385     340.60612624139542959    3232
710 8082.1677156827408908     331.14881172054555236    3237
711 8081.9164449962072467       0                      3242
712 8089.4813590260555429       0.77316252657103823331 3246
713 8088.9773333085777267       0.03496379197807750194 3251
714 8082.7855527978272221       0                      3255
715 8081.9233698682837712       0                      3260
716 8081.9174005135373591       0                      3264
717 8082.7861728099824177       0                      3269
718 8081.9438694486516397       0                      3273
719 8097.6625224467152293     127.6450820256660279     3278
720 8092.1154497850138796     502.24836299456597999    3283
721 8081.9195738884627644       0                      3287
722 8081.9434730164439316       0                      3292
723 8081.9755481224947289       0                      3296
724 8089.4141969330557913       0.80738081495692581857 3301
725 8082.9482133359324507       0                      3305
726 8091.8230647149630386       0                      3310
727 8083.6536518996817904       0                      3314
728 8092.7901780272040924      22.236619243184581052   3319
729 8081.9173560131575869       0                      3324
730 8089.1729738460035151       0.04694337561737752657 3328
731 8081.9444901388505968       0                      3333
732 8090.7666607545643274       0.42678168434882540749 3337
733 8083.9855062337128402     548.35230898868326221    3342
734 8092.9328464721575074       0                      3346
735 8093.8222166480409214     366.7228613302119129     3350
736 8082.1612705532816108     331.6806402587827165     3355
737 8082.4929449819328511     358.29446369836659869    3360
738 8086.645815696313548      126.09020824818806261    3364
739 8083.9756112238474088     547.48827181239278161    3369
740 8092.1322378396325803     261.75434305417019232    3373
741 8092.1412482571267901     263.29295427996277112    3378
742 8083.9870840959092675     553.2839825856524385     3382
743 8100.189615049063832      202.85660631982588598    3387
744 8089.5634596192794561     413.27101583024068532    3391
745 8082.9268316318057259       0                      3396
746 8088.8713354722049189       0.03348386152437171637 3401
747 8082.757334491147958        0                      3405
748 8081.9929714388799766       0                      3410
749 8082.8014668024416096       0                      3414
750 8084.8821292532138614       0                      3419
751 8084.0032704202512832     545.51985706055279479    3424
752 8091.2088030022187013     466.1533966982967172     3428
753 8097.8083628944796146     127.01639788791422347    3433
754 8088.3225361445511226     111.64644903179197399    3438
755 8083.4409291357014808     328.1717507744407385     3442
756 8082.1613274428182194     332.23394583497565691    3446
757 8089.0549378238902136     131.7775006415132566     3451
758 8091.926822320435349        0                      3455
759 8092.6842071469191069      21.999824440027822448   3460
760 8093.0804224173798502     332.01969302288949848    3464
761 8083.9841287306526283       0                      3469
762 8088.337385925052331      110.93704221120461284    3474
763 8082.9981389120839594     321.30702205297751561    3478
764 8082.1720281186780994     333.95146206974601455    3483
765 8091.1535937953149187       0.00018817537982210541 3487
766 8081.9233821203088155       0                      3492
767 8089.1065125977320349       0.05568583400970636421 3496
768 8083.62492096636106         0                      3501
769 8084.8581728794060837       0                      3506
770 8081.9904444413541569       0                      3510
771 8082.8024899778747567       0                      3515
772 8085.1951318408564475       0                      3519
773 8089.9741224508643427       0.90008749579055402634 3524
774 8093.4578399613365036       0                      3528
775 8089.1370105922460425       0.05122215334375589124 3533
776 8091.0221648895212638       0                      3538
777 8091.9303365158639281       0                      3542
778 8082.1612705532761538     331.68064025877936274    3547
779 8081.9162446564741913       0                      3551
780 8091.0388512740410079       0.00020304515709285606 3556
781 8087.4880327634309651     133.66214497464139299    3560
782 8083.3832874274921778     346.99637349441530887    3565
783 8091.1614334745891028       0                      3569
784 8093.0008619676309536     293.73554022846002454    3574
785 8087.6559957474264593     3609.1704849052703139     3578
786 8081.9191705067632938       0                      3583
787 8089.1511337187439494       0.04448993898665971891 3588
788 8081.9480346852324146       0                      3592
789 8082.780377877965293        0                      3597
790 8089.9775188062758389     415.27144494257038332    3601
791 8081.9154192493651863       0                      3606
792 8088.9837083820102634       0.03327997099838887751 3611
793 8082.1901625482769305     332.58070078198488773    3615
794 8088.3386459172343166     111.93401827832808237    3620
795 8082.1660826803517921     332.25535806025959573    3624
796 8088.3451717248271962     110.94954751527208714    3629
797 8090.9936859697008913       0                      3633
798 8101.3539294660449741     1181.8007191336985215     3638
799 8081.918787448207695        0                      3643
800 8088.3112017078110512     110.63846833698090677    3647
801 8095.0278444227533328     934.98884101098201427    3652
802 8101.1360127324305722     341.81546391516690164    3656
803 8082.0036956308695153       0                      3661
804 8083.0007325325213969     322.15116088678820461    3665
805 8090.0032578594573351       0.97493858757679530136 3670
806 8092.8053058519835758       0                      3674
807 8081.9162586047232253       0                      3679
808 8082.4994063634376289     359.44597617525300848    3684
809 8082.7867079107527388       0                      3688
810 8089.3740945578856554       0.76605929416924289921 3693
811 8082.7958251769123308       0                      3697
812 8082.797748857687111        0                      3702
813 8083.6294763530477212       0                      3706
814 8083.9843793784175432       0                      3711
815 8084.0013524558926292       0                      3715
816 8085.1869268761356579       0                      3720
817 8083.4841466215866603       0                      3724
818 8104.2084706709574675     505.07317993907378195    3729
819 8091.0950899734270934     730.40997021192242755    3733
820 8084.2252780130502288       0                      3738
821 8082.7818434388564128       0                      3743
822 8082.1656623558728825     330.57447237536257489    3747
823 8083.456823408209857      322.19630890970864812    3752
824 8088.3508416910990491     111.94658062717508074    3756
825 8089.0816128431952166     132.10352826725900854    3761
826 8082.1974816354895665     333.43943852942089734    3765
827 8089.0652219329203945     132.87766760837052971    3770
828 8090.3792788587352334       0                      3774
829 8094.8087091899806182      26.071119366608836998   3778
830 8089.0285188452280636       0.03586656204023276617 3783
831 8082.9206324697279342       0                      3788
832 8082.9223788947847424       0                      3792
833 8081.991707836941714        0                      3797
834 8089.9576472021926747       0.92952499643434727261 3801
835 8092.846297827505623        0                      3806
836 8082.4929041814511947     357.97956503492542879    3810
837 8089.3142880547584355       0.0626246086276963515  3815
838 8096.1156478822385907      26.402506828506702163   3820
839 8082.4915085665988954     357.40441088859370211    3824
840 8081.9193024226451598       0                      3829
841 8089.1315440309399492       0.04209644625456573225 3833
842 8082.7544190113067089       0                      3838
843 8082.9190409795255619       0                      3842
844 8083.6554512526417966       0                      3847
845 8082.9520794094887606       0                      3851
846 8097.6908169778134834     127.70062255680224439    3856
847 8091.3333825401577997     470.65667367856366354    3860
848 8088.9322778737505359       0.03046254493841288671 3865
849 8082.8288572876617764       0                      3870
850 8093.0879467471213502       0                      3874
851 8089.7349684900455031       0.84071349082894597515 3879
852 8081.9186758322175592       0                      3883
853 8081.9912796822918608       0                      3888
854 8083.9952070911176634       0                      3892
855 8083.9628781308374528     323.5122257080800523     3897
856 8086.653658063201874      126.44894506134644985    3901
857 8090.879499130424847        0                      3906
858 8091.3226714849024575       0.00040558618039932264 3910
859 8091.2822315846397032     2458.4561425010360836     3915
860 8082.0159328048575844       0                      3920
861 8084.8525272052638684       0                      3924
862 8097.9152424281501226     126.91404975778131359    3929
863 8091.1047569691627359     464.09764633624382668    3933
864 8089.4362086810579058       0.75138972507672696644 3938
865 8083.3584437521703876     347.51930247404675356    3943
866 8092.6082892377889948     405.6159728567087086     3947
867 8095.0643733068263828     102.22978963696121468    3951
868 8082.1648761327533066     331.39796647914954519    3956
869 8082.9191081758044675       0                      3961
870 8082.9225881520123949       0                      3965
871 8090.9545920174941784       0                      3970
872 8092.0059999345876349       0                      3975
873 8093.8009733681510625     365.31785693657661795    3979
874 8083.9977137221640078     548.217933788519872      3984
875 8082.4927237968358895     357.68621299969635174    3988
876 8089.2142131151422291       0.05542200174204149621 3993
877 8089.0186162182271801       0.04232561049798694991 3997
878 8092.3125031523377402     403.23356182391103175    4002
879 8095.332110630567513      101.01790585331022498    4006
880 8086.6428960883968102     125.89801050905950319    4011
881 8086.6553775415577547     126.97357304104284026    4016
882 8082.5287687067966544     359.22947743355035755    4020
883 8082.4929041814511947     357.97956503492900993    4025
884 8089.9265241408002112       0.94818255204444501505 4029
885 8092.8808333223996669       0                      4034
886 8086.6628282717820184     127.84670571188458155    4039
887 8089.3182226327671742       0.06310615639877067973 4043
888 8082.8030234908374041       0                      4048
889 8084.8623771691200091       0                      4052
890 8091.0673509507823837       0.00023870393003937025 4057
891 8091.1329931036789276       0                      4061
892 8082.1719658037100089     329.9892462073020738     4066
893 8081.99177415324084         0                      4071
894 8082.0262725899501675       0                      4075
895 8083.9966952259455866       0                      4080
896 8084.0168102825718961       0                      4084
897 8093.3508715170592041     531.05474444481012597    4089
898 8096.8172988829674068      86.721622237071812833   4093
899 8082.7583046128238493       0                      4098
900 8082.8299935034838199       0                      4103
901 8083.9933251506845409       0                      4107
902 8092.1592595925158093     262.76611555574095291    4112
903 8082.5212477423774544     358.33844485347782438    4116
904 8090.4038004758531315       0                      4121
905 8094.00943242174435        22.940061718060558604   4126
906 8089.1262772503205269       0.04170801707151404469 4130
907 8081.9164202459787703       0                      4135
908 8082.7539192050271595       0                      4139
909 8082.7847247852123473       0                      4145
910 8083.9814076944394401       0                      4149
911 8088.3466713316001915     110.62594974791473135    4154
912 8093.1077824211579355     332.1868271332713789     4158
913 8083.4358690029685022     327.65495151565176002    4163
914 8083.4316217009009051     322.65807411861038645    4167
915 8083.9862395699337867     550.57433134705411248    4172
916 8090.459333422149939        0                      4176
917 8093.937489944401932       22.365774146895624597   4181
918 8097.8197417403789586     128.62513243564299614    4186
919 8091.2278850189486548     471.39178541590786153    4190
920 8082.7552682246505356       0                      4195
921 8082.920219934857414        0                      4200
922 8082.926184416119213        0                      4204
923 8082.4911685311808469     357.42591302990200575    4209
924 8082.8274601360517408       0                      4214
925 8083.4791753612907996       0                      4218
926 8084.854596975844288        0                      4223
927 8084.8802163107557135       0                      4227
928 8085.1908267250810241       0                      4232
929 8091.2844624331009982     469.05603086860838857    4236
930 8097.7388637625535921     127.48653663314784978    4241
931 8081.9945348779774577       0                      4245
932 8082.7553443563374458       0                      4250
933 8090.5181835495568521       0                      4255
934 8081.987796503825848        0                      4259
935 8081.9997902212689951       0                      4264
936 8084.8503264827877501       0                      4268
937 8084.0009842928275248       0                      4273
938 8093.889576581392248       22.561733603376101343   4277
939 8091.059807793913933        0.00040020698440176259 4282
940 8091.1418714788178477       0                      4287
941 8093.0619609809264148     330.57787210844037418    4291
942 8084.7848329209609801     586.3208711921261056     4296
943 8082.4924401733615014     358.00110906883207917    4300
944 8090.3048266626992699       0                      4305
945 8083.3880843836641361     347.30631407657625687    4310
946 8086.6773863215003075     127.100246032947652      4314
947 8087.202282238384214      149.20306601394162271    4319
948 8094.8879462950571906      26.279063174511637868   4323
949 8084.2194359936629553       0                      4328
950 8081.9822569468869915       0                      4333
951 8085.9234034404225895       0.09892628586108746791 4338
952 8091.0783035394752005       0.00000000360894417582 4342
953 8091.0343873248630189       0                      4346
954 8089.2055489221665994       0                      4351
955 8081.9722428138538817       0                      4356
956 8082.0018877256161431       0                      4360
957 8082.7950156911556405       0                      4365
958 8085.2097588223778075       0                      4370
959 8088.3179417354185716     110.9746363848359465     4374
960 8083.4356849114437864     326.07968148853296952    4379
961 8083.9861339457593203       0                      4383
962 8090.173815858247508        0.98949557258800258097 4388
963 8092.5947549020020233       0                      4392
964 8082.1591511230135438     333.90855555797838861    4397
965 8089.3273683872939728       0.71594595126203763868 4401
966 8089.0796580190253735       0.03891965628076757278 4406
967 8092.4207602053493247     404.47465675403759633    4411
968 8095.9333498980095101     108.08095466316206057    4415
969 8088.8544198461713677       0.03140382549703845533 4420
970 8091.1780834322516966     467.47997846062003191    4425
971 8082.8159453556672815       0                      4429
972 8082.1901807397480297     332.02701568380086883    4434
973 8089.9380197234713705       0.91844487845663946857 4439
974 8093.446332358114887        0                      4443
975 8089.4220550928221201       0.74136585848974612123 4448
976 8089.8224448071532606     414.16667916083144974    4452
977 8099.2335707370402815     177.15773135047646747    4457
978 8088.9629822747183425       0.04587277026036014338 4461
979 8088.8932384918734897       0.04020826308321907849 4466
980 8083.9694979097102987     324.61827335984094134    4470
981 8083.9971784219869733       0                      4475
982 8086.6561673630985752     127.15275153869910696    4479
983 8090.976011252418175        0                      4483
984 8091.1821151693948195       0.00022256057988708755 4488
985 8087.6571549312875504     3614.389871144371682      4492
986 8081.9169433636252506       0                      4497
987 8088.8216717760296888       0.02368451525068037203 4501
988 8082.9497577617958086       0                      4506
989 8082.9527314884117004       0                      4510
990 8096.7430418394787921      87.65562732188436712    4514
991 8094.0267687991317871     565.30676741518936979    4518
992 8084.0027569790727284       0                      4522
993 8089.3994372480965467       0.79698635222534164324 4527
994 8082.7534164636772402       0                      4531
995 8089.1830788863771886     116.89553426590777008    4535
996 8082.1648761327587636     331.39796647914954519    4540
997 8090.9042682487643106       0.44927157474889795052 4544
998 8092.7539447530743928       0                      4548
999 8082.4908449041267886     356.5367529293617963     4552
1000 8090.4259417381372259       0.34272005431681729082 4557
