1 8711.4381773767581763     20239.363034253172373      5
2 8723.0207934958871192     16588.613502710726607      9
3 8814.8363511731295148     20353.554177269164938      13
4 8817.4084201580189983     21610.351428033052798      18
5 8830.717029600909882      21248.512460928239307      22
6 8678.2509912885907397     1071.6956350513653433     27
7 8688.815945859407293      4674.4821727816079147     31
8 8678.001117205076298      2619.1557889514301678     36
9 8683.2996826326198061     1288.0870082073283811     40
10 8679.9149753229503403     104.3172208341756857     45
11 8595.1058467222246691     1433.0839522334485991     49
12 8719.1535762215498835     783.12185282221685156    54
13 8509.3519772870786255     2130.4813282585982961     58
14 8802.8416691433121741     6773.7234747707434508     63
15 8798.3535063535164227     1169.1984981323460033     67
16 8599.0920974747641594     2203.8404590300501695     72
17 8788.2598296604155621     752.01589789142690279    76
18 8496.2217301553391735     740.88361237555943717    81
19 9053.2843219562637387     959.88683377704285249    85
20 8917.3203740661338088     1266.5099650535564706     90
21 8919.6263577403733507     1706.6830855796549713     94
22 8599.551173788626329      125.92238330148164493    99
23 8445.8237784540942812     4512.1163558305779588     103
24 8671.8047315092844656      11.013612560848258681   108
25 8415.5094367452293227      56.894479971353185022   112
26 8275.8018561753160611     2797.8640563020840091     117
27 8523.4826517430428794     1055.1716686944491812     121
28 8513.9287767559762869      93.899377438962574161   126
29 9216.2306087554388796     569.93177293566952812    131
30 8973.115576292413607      427.56864886873916021    135
31 8608.4373204122766765     381.59210486696423459    140
32 8585.999827853836905      1504.0442858474016248     145
33 8698.7662286598078936     119.59755214721022298    150
34 8908.0514915430321707     2031.3085340516522592     154
35 8576.9475092981592752      81.56682746598482936    159
36 8528.4387425592049112       0.50771617730936513535 164
37 8767.2609310429852485       1.2531496803050223843  169
38 8575.9051213863167504     134.56657957412775772    173
39 8576.176428929931717      127.52594510644675552    179
40 8603.4229299450162216      13.367092771195631329   184
41 8581.7774157504027244      38.976531237264609331   188
42 8499.3274971389455459       0.28735911833331290177 193
43 8715.9575895851412497     1096.4681606236792959     198
44 8493.572112705813197       77.482527117251976279   203
45 8600.0731229889934184       0                      207
46 8601.779233871584438        0                      212
47 8723.9793158210850379     1515.7449844532568477     217
48 8601.8206928969848377     146.198655533557627      222
49 9364.4426561201889854       0.03547906705642793479 226
50 8752.7138333804450667     979.7849785031698957     231
51 8201.2740644940822676     2468.4719829991195184     236
52 8209.4098623803620285     4613.8184299078693584     241
53 8223.6698096676991554     2786.1403026450429934     246
54 8708.4343423612717743     1324.6242908580259154     250
55 8580.2436798456274119     140.76719209902014995    255
56 8510.2600530912586692     2270.4987365602019054     260
57 8515.8186779819588992     1024.483601093946163      265
58 8518.2427883089148963     1035.842465349934173      269
59 8617.4709299079841003     121.32009499364761496    274
60 9381.2167094514134078     14213.101019404050021      279
61 9798.8560505047080369       0                      284
62 8709.6667439890261448      67.536948394897606818   288
63 8371.3813612029316573      46.156864762555919413   293
64 8617.9279798098068568     3543.490932791672094      298
65 8692.8433361398238048     3685.845314403055454      303
66 8701.2765329427747929     4601.4756136193045677     307
67 9506.5886738566769054       1.222450762403682889   312
68 9147.4030008960817213     145.05614377441483498    317
69 8180.4493225867481669      54.021521897655354394   322
70 8199.2273974619311048     2967.9270153687957645     327
71 8182.7031781943624082     122.98059387646752327    331
72 10193.923976358651998      315.32610179907470638    336
73 8339.6368962674332579      49.796215329179815967   341
74 9434.5684639258179232     183.43248943961691566    346
75 8504.1277195880938962       2.0571253392353203715  350
76 8404.817743312476523      3144.8844861055799811     355
77 8615.6395050134415214     5575.9235717275150819     360
78 8671.15948765344001        61.342665519146322595   365
79 8837.9074395070456376     261.70307276539665509    370
80 8521.9826610290310782     913.30332784507334054    374
81 8594.9486041140680754     18166.510245011915686      379
82 9028.391116540902658      4159.0065349042897651     384
83 9777.4878475024306681     871.37767408124216217    389
84 9837.9576545116979105     1885.1136506725181334     394
85 10032.37306851188805       61469.440320219684509      398
86 8504.6686143684419221     546.79652123451091938    403
87 8224.3556291146505828      89.800977740592273335   408
88 8950.2607776241966349     951.88907933536734163    413
89 8665.5428442193060619     1290.0815370388529573     417
90 9441.6685453696227341      69.99592425255696071    422
91 8459.0178123563837289       5.6463133227624746624  427
92 9178.4871074178736308       6.63358542858625988    432
93 8579.746211121293527        0                      436
94 9259.0620170480033266      18.79813047734949194    441
95 8603.9978601708135102       0                      446
96 9697.8217614343848254     216.26119098303013288    451
97 8719.4226249457369704       0                      455
98 8872.0780117409703962     185.8183834795344751     460
99 9046.8446512622977025       0                      465
100 9520.9597013987386163      36.579963016453930891   470
101 8585.5258397578945733       0                      474
102 8879.5931698714703089       0.20976019363023398756 479
103 9048.3283438873204432       0                      484
104 8845.1743746770807775       0                      489
105 8225.1913212507060962     2049.7337652742585306     494
106 8186.6785220136771386     6035.6132687937997616     498
107 8173.452811607019612        0                      503
108 10005.970287817421195      7314.4375934916288315     508
109 8225.22227184788062       1784.6880194350810598     513
110 8220.135523416023716      507.47217434815746628    517
111 8175.0336965103188049       1.1051137138462867604  522
112 8330.3437504486464604     268.9150070628217577     527
113 8727.9173809046915267       0                      532
114 8272.9911108684027568       0                      536
115 8334.3239661335483106       1.4134218735999137806  541
116 8569.3745092678855144     1702.2202524248068585     546
117 8172.6945299976223396       0                      551
118 8173.5187923653429607       0.03001244489515867905 556
119 8188.391742583670748      994.21923582441854705    561
120 8256.4530319439418236     424.80494363973917871    566
121 8174.4639046830561711       5.8324033629438361004  570
122 8175.3144873536866726       9.3728716998880052813  575
123 8386.0429018567938328       0                      580
124 8124.2822461680680135       0                      585
125 8108.0391327892875779       0                      590
126 8420.0627757351903711     2536.7850309224463672     594
127 8121.2425455789843909     2694.2846963051320017     599
128 8096.72831410398976        45.172259247040571495   604
129 8099.0939859310319662     938.56861614340550659    609
130 8102.4981967431358498     448.84072397856022008    614
131 8124.8576336536116287       2.976772558288375059   619
132 8415.2555233397288248       7.6629655947839623309  624
133 8110.5787077612831126       0                      629
134 8392.7382110968919733     131.70562002239353205    634
135 8108.9102778091619257       4.5985230656030449126  639
136 8522.5923723152664024     1713.4947418494807607     643
137 8756.5326814904838102     228.19001982556213193    648
138 8320.6105446726141963     940.67717927638886977    653
139 8280.8202623329816561     4022.0296477221227178     658
140 8456.4642990928787185     4941.5017336068749501     662
141 8876.4136370903397619     16661.12889913563049       667
142 9392.4460867964808131     6053.8743659454157751     673
143 8125.4848672384559904     4275.1497985197884191     677
144 8099.0582553694248418     245.23198674903701999    682
145 8097.5362155099028314       0                      687
146 8818.3006463546807936     21029.050793676622561      692
147 8107.4358942195731288     135.45053648335562002    697
148 8102.9931653804796952     197.3221193637275519     702
149 8108.1794491137134173     210.32090866614305469    706
150 8099.7208245426227222     243.60017545471896483    711
151 8137.6910147729831806       0.03181235386817851674 716
152 8330.0716680370260292      58.493418410798874163   721
153 8124.2243185009547233       0                      725
154 8099.3894720051457625       0.64419563402238377847 730
155 8147.9346576002917573      12.412401591401957646   736
156 8115.4945775803862489      63.4913975513418265     741
157 8324.4594696755848418      59.925849171787504588   745
158 8530.4753777677178732     530.50156631402705898    750
159 8921.1490557699271449     537.74555107017010869    755
160 8129.6762806213200747     1723.1322039401068196     760
161 8448.618908010494124       77.76006421769587007    764
162 8520.5469503473614168     3137.3081330612776583     769
163 8124.1069028229258038     357.44787134989792321    774
164 8098.0465156586196827       1.0682282313073163671  779
165 8099.6562060168344033      15.861838457758272725   784
166 8101.4386333730881233      47.210796506111009307   788
167 8103.067451426286425       39.264788508337936435   793
168 8181.3209354351911315      70.339422291594317471   799
169 8152.2751616892091988       9.5219276408814703672  803
170 8249.8607253632453649      63.484716821785667662   808
171 8220.4133729634359042     6217.5272326011572659     813
172 8530.3530141419178108     580.3473842234567428     818
173 8687.4190392631317081     547.95503370871290372    822
174 8119.2320297758778906     203.74240509686538303    827
175 8098.8454536559711414     204.78131366623219378    832
176 8118.0302912177539838     107.92594627638585791    837
177 8173.5685499447126858     1243.1198317754358413     841
178 8327.9151143382114242       0.5039860256606041311  846
179 8151.5976924242813766     1801.2350790214752578     851
180 8171.5850139940739609     1569.6970828094270018     856
181 8147.6054919221151067     14305.604262205179111      862
182 8204.3547217532068316     1913.4166745079658085     866
183 8339.8320902661016589      50.363997200209624339   871
184 8103.5280300051308586       0                      876
185 8145.1685293495411315      38.169118022349600494   881
186 8146.9891600481169007       0                      886
187 8152.8932639287568236       0                      891
188 8515.2927695063590363      39.732931261094663      896
189 8114.8242945087422413       0.47779425119899610053 900
190 8114.8191301447923252     239.72891232271507533    905
191 8133.1799235297794439       0                      910
192 8171.8007441862755513     360.49548719482294246    915
193 8260.235628370057384      5340.3532155444690943     920
194 8514.9991890556357248     2194.7663734094830943     925
195 8128.280422092318986      3282.998118821816206      930
196 8134.8012898011347716       6.7955750736378313093  935
197 8138.0831000827465687     168.99138854254033504    940
198 8108.1038128210957439     292.78516124565209111    945
199 8188.1887130822397012      82.859980670464551622   950
200 8229.4746411558644468     127.43241704158826622    955
201 8126.666878602180077        1.3578094966036187152  959
202 8100.7507656946754651       0                      964
203 8097.594367266900008        0                      969
204 8097.5291491682583001       0                      974
205 8096.1529537396991145       0.33409262242835174872 978
206 8130.7345521119241312      59.343560646189956742   983
207 8109.8930247654197956     260.37186314079400518    989
208 8112.1842234246787484     298.78411078483236452    994
209 8144.22019679805544       169.91819904243027395    998
210 8227.2034236876061186     190.26041888385384482    1003
211 8095.219304653486688        0.05347314435943246319 1008
212 8093.9386041896095776       0                      1013
213 8092.7190402629030359       0                      1018
214 8092.6699895206629662       0                      1023
215 8108.8841798147750524     192.91572753631010073    1028
216 8148.0801887554753193     2336.9883216972625632     1033
217 8184.5345209490360503     1152.046567530502216      1038
218 8163.3676021077972109     190.77967171952036551    1042
219 8161.5992529443365129     297.88534342605987604    1047
220 8091.0986031979764448       0                      1053
221 8096.0962973125579083       0.7969848251163428321  1058
222 8089.7055650668326052     276.35439418230475894    1063
223 8121.5630160524196981     434.42935869493805967    1067
224 8134.6123121884165812     920.88977664965625536    1072
225 8195.4334782335154159     106.32696238154593971    1077
226 8211.0574449867635849     166.91179215658985413    1082
227 8089.5212954343433012       0                      1087
228 8097.7885487156036106     184.11773344322932644    1092
229 8091.4937261717795991       0                      1097
230 8087.6818499092778438       0                      1101
231 8160.0270756945956236      63.123764301766215112   1106
232 8096.8721362313681311     187.83717795958227725    1111
233 8089.8853835088248161       0                      1116
234 8102.635285788694091        1.2575395060900278477  1121
235 8157.4505977408807667      93.035060118773458271   1126
236 8159.7401356272830526     231.67643139473113933    1131
237 8136.3556099758379787       0                      1136
238 8100.6633494562411215       1.1504084827463245677  1140
239 8095.1418736590376284       0                      1145
240 8094.9650758503958059       0                      1150
241 8233.4240022707217577     167.35291795768324619    1155
242 8278.0274100726528559      35.333117192829625708   1160
243 8089.1545216069707749     345.76392634118138858    1164
244 8096.0568727412310182       0                      1169
245 8267.2629077071942447     263.44905598304154637    1174
246 8215.9084498747542966     611.69637549967444556    1180
247 8122.1423548129996561       6.7797124325175799342  1185
248 8083.4650799294158787       0                      1190
249 8173.5284829305419407     131.13893117751891282    1194
250 8107.261238564510677      114.52648997539372999    1199
251 8097.9956603292821455       0                      1204
252 8087.1453168421885493       0                      1209
253 8140.4339426907536108      76.046291686630809181   1214
254 8182.4385875728685278     102.67120865958607112    1218
255 8083.5445190736254517       0                      1223
256 8089.0030984621871539       0                      1228
257 8089.0473495072983496       1.0773833387886251334  1233
258 8114.4487947362940758       0                      1238
259 8122.3314081802845976      65.095612519372878069   1243
260 8130.70471267220546         0                      1248
261 8099.0372513998381692     720.47151824144600596    1253
262 8126.4517055481137504       0                      1258
263 8202.9434911392854701     174.77659543187652957    1263
264 8151.8955167535668807     1680.1570260069779579     1268
265 8179.7497147500398569     131.05574002696161529    1273
266 8082.5309129769884748       0                      1278
267 8082.5591426229493663       0                      1282
268 8163.3850291295620991     194.14237732660643587    1287
269 8082.4462604780164838       0                      1292
270 8095.2940029929995944     339.86349288068180385    1297
271 8082.4177055734407986       0                      1302
272 8082.3684008309337514       0                      1307
273 8082.5477494850010771       0                      1312
274 8084.0083877037577622       0                      1317
275 8085.5158229197777473       0                      1321
276 8141.1230621822660396     149.28392757740925845    1326
277 8141.5676934210832769     148.69672277011670758    1331
278 8112.9069378026088089      98.346960657367461067   1336
279 8172.5595977587408925     119.11597050774855688    1341
280 8084.1895161219199508       0                      1346
281 8085.7830524471728495       0                      1350
282 8094.9972934834786429       0                      1355
283 8238.6398469804607885       0.26546835774626892368 1360
284 8089.5785102750596707       0                      1365
285 8084.9558163093179246       0                      1371
286 8087.1368857165371082       0.38227116859492904499 1376
287 8089.4176811519591865     337.74689160773135654    1381
288 8085.6232659517409047     451.7410394431470877     1385
289 8147.9220004618373423     413.87461628798382662    1390
290 8092.6067175624230003     249.12988417128320862    1395
291 8090.3220075598383119       0                      1400
292 8174.2864884712171261       0.00134544784012434145 1405
293 8088.1627518443756344       0                      1410
294 8237.9638207631523983      12.34618420009278239    1414
295 8500.9224419801394106     712.09493701746168881    1419
296 8243.6810996683507256      70.708469070689261571   1424
297 8118.0158180142698257       2.2944683927058662221  1429
298 8083.2260413198109745       0                      1434
299 8083.6977474371060453       0                      1439
300 8172.2704752954914511       0                      1444
301 8184.2429391964697061      79.969041405016412227   1448
302 8082.3355343474731853       0                      1453
303 8180.6306691785630392       3.9432629821881999277  1458
304 8082.2467668817917001       0                      1463
305 8082.0690398593160353       0                      1468
306 8082.0690398593078498       0                      1473
307 8082.0690398593096688       0                      1477
308 8178.0729618270715946       9.6993827973500597039  1482
309 8084.7677699238665809       0                      1487
310 8086.9919116301116446       0                      1492
311 8154.1537782438063005       0.39393950458490756272 1498
312 8152.3947228922306749     465.98361576737789846    1502
313 8198.5999216606815025     128.19120610217586886    1507
314 8096.8551828754689268       0                      1512
315 8083.0164058238069629       0                      1517
316 8083.4336112374430741       0                      1522
317 8090.773253450233824        0                      1527
318 8082.1324573095698725       0                      1532
319 8082.8710988240945881       0                      1537
320 8084.5938835714414381     482.97503703786475171    1541
321 8088.2386566804470931       0.67865121805564621038 1546
322 8083.8885085357669595     347.88624366187826809    1551
323 8175.5884075454696358     105.02017406221854401    1556
324 8181.2865934760584423       5.1638610819871635371  1562
325 8082.1601145349150102       0                      1566
326 8174.9074072467283258       0                      1572
327 8089.229240391508938        0                      1576
328 8089.1431697310918025       0                      1581
329 8181.7155646886349132     107.52250942799950906    1586
330 8091.5159123134526453     297.16666435819200842    1591
331 8086.5445583768687356       0                      1595
332 8082.5094404551591651       0                      1600
333 8082.0379083275802259       0                      1605
334 8082.3139528359370161       0                      1609
335 8082.0087226758687393       0                      1615
336 8094.8841767747699123      60.685700630013776902   1620
337 8137.0486065732375209     129.01181244174247809    1625
338 8082.0011452642966105       0                      1630
339 8094.9185676176466586     418.47180207578014688    1635
340 8193.9897240276732191       0                      1640
341 8081.9943561229838451       0                      1645
342 8082.0103656488054185       0                      1649
343 8082.0020452052676774       0                      1654
344 8132.5083216453540444      16.138964759114458047   1659
345 8130.6420288246054042      16.140620859602883286   1664
346 8082.0068787387453995       0                      1669
347 8115.9255332276416084     103.85359982014857394    1674
348 8200.8930685461527901      87.054047342707804091   1678
349 8082.3130445604429042       0                      1683
350 8083.1415640745044584       0                      1688
351 8089.2062380231418501       0                      1693
352 8091.1984412282299672       0.43724483986060808105 1697
353 8083.0041414006382183       0                      1702
354 8085.4407223726429947       0.03284171649436656848 1707
355 8083.9794849955060272     562.33034884870505721    1712
356 8104.3371174000330939     470.97152439717086736    1717
357 8145.7451000232149454     125.35091314843951693    1721
358 8218.7518013425251411       0                      1726
359 8118.4362249056403016     1811.6997231243622082     1731
360 8084.8783886618166434       0                      1736
361 8151.5316201201030708       8.7562635360716161159  1741
362 8088.4244777173207694     132.40362357604254839    1745
363 8169.2084397483176872     150.3509494229879806     1750
364 8107.2097144413928618       0                      1755
365 8082.3775759333875612       0                      1760
366 8082.9053674955948736       0                      1765
367 8084.5307392353061005       0                      1769
368 8082.197730279548523        0                      1774
369 8082.2498809624939895     331.47819245211394446    1779
370 8083.0492678062537379       0                      1784
371 8087.6808253810313545       0                      1788
372 8085.1598433703547926       0                      1793
373 8176.2657989587660268     258.42973853801453288    1798
374 8180.5330354842717497     511.27396423394100111    1803
375 8097.263762035052423       76.885852657616212014   1808
376 8171.3162731228330813       0                      1813
377 8169.9058689202411188       0                      1818
378 8084.7108174919421799       0                      1822
379 8084.6830660886253099       0                      1827
380 8093.3637790335105819     272.92490576841203165    1832
381 8084.3480413109782603       0                      1837
382 8081.9970491026933814       0                      1842
383 8082.051351798975702        0                      1846
384 8082.8344411995249175       0                      1851
385 8082.5611648699405123       0                      1856
386 8082.0298160368902245       0                      1860
387 8083.0029905589963164       0                      1865
388 8084.1652945686482781       0                      1870
389 8082.1951078034444436     339.58490775513109838    1875
390 8173.239541127872144      494.57217217398874709    1879
391 8187.7013509666603568     919.87505996933998631    1884
392 8082.2882903162717412       0                      1889
393 8173.0281864844018855       0                      1894
394 8085.40288788183625         0                      1899
395 8182.3306608805214637     868.02545665951527099    1903
396 8085.0967113874949064     298.76163007633891766    1908
397 8091.8164956935079317     278.08006018485826871    1913
398 8084.5538393332171836       0                      1918
399 8082.017384056629453        0                      1922
400 8081.9870305026115602       0                      1927
401 8095.007409144885969       66.628486352918258717   1932
402 8082.0568873743295626       0                      1937
403 8174.2773129252718718       0                      1941
404 8170.6179203798756134     243.65388855676630442    1946
405 8091.1379909670595225     280.7056745583311681     1951
406 8084.7245431496312449       0                      1956
407 8082.0348940374569793       0                      1960
408 8082.0061899187485324       0                      1965
409 8081.9913175663314178       0                      1970
410 8081.9878637240053649       0                      1975
411 8082.0082987318837695       0                      1979
412 8082.8007286448773812       0                      1984
413 8084.9729936962576176       0                      1989
414 8086.6848116186001789     122.97329169729255227    1994
415 8183.0003091319886153     190.56271587517409216    1999
416 8171.3070705847458157     482.09613828202424202    2004
417 8081.9820897409335885       0                      2009
418 8082.0010715617518144       0                      2013
419 8168.2812094656292174       0                      2018
420 8082.2576850283476233     334.75878484927960699    2023
421 8082.2689827605054234     336.43773643479181601    2028
422 8091.377258703748339      256.54282650341303906    2032
423 8084.6316577562920429       0                      2037
424 8082.3984534624896696       0                      2042
425 8082.9097977665023791       0                      2047
426 8082.9956549494208957       0                      2051
427 8083.6574014921852722       0                      2056
428 8081.9949558579110089       0                      2061
429 8082.0072334791884714       0                      2065
430 8082.7863401410586448     372.257847971933586      2070
431 8084.1618480872657528       0                      2075
432 8179.4865825347005739     208.17372349712027813    2080
433 8175.1697892786323791     369.05619500656285936    2084
434 8082.0704278656576207       0                      2089
435 8083.7130147353473149       0                      2094
436 8172.075037477306978        0                      2099
437 8172.4870914263683517       0                      2104
438 8091.0884525353167191     257.32492753135664998    2109
439 8084.6185530087223015       0                      2113
440 8081.9785849579811838       0                      2118
441 8081.9779458134280503       0                      2123
442 8082.0648169037476691       0                      2128
443 8082.0324072902058106       0                      2133
444 8185.5092670271114912      81.350173815461985782   2137
445 8084.0703216492811407       0                      2142
446 8091.4175954588890818     255.81897556450135767    2147
447 8082.173601472340124        0                      2152
448 8082.3562054771291514       0                      2156
449 8082.0062807333997625       0                      2161
450 8082.0148372591129373       0                      2166
451 8082.0510879761659453       0                      2171
452 8082.9122892349923859       0                      2176
453 8085.6063869913896269       0                      2180
454 8083.9518070723615892     557.97412336381694331    2185
455 8172.9237803192972933       0.01938131032239888765 2190
456 8175.67832067335803         0                      2195
457 8082.281920837929647        0                      2200
458 8083.5110020257252472       0                      2205
459 8168.2882828176498151       1.5139148147631340535  2209
460 8168.9328240114000437       1.4623741395228118112  2214
461 8091.7381547007171321     254.5573490282755813     2219
462 8081.9850183609778469       0                      2224
463 8082.0085346284722618       0                      2229
464 8082.0176356916599616       0                      2233
465 8082.7927680013654026       0                      2238
466 8082.7933435851555259       0                      2243
467 8087.1478599909514742     142.56340699598266042    2248
468 8082.042497281744545        0                      2252
469 8084.2355282518992681       0                      2257
470 8175.5495578877234948       0                      2262
471 8175.7269690445482411     105.80148373588953348    2266
472 8082.1621688657496634     333.12581047122336031    2271
473 8081.9568302711340948       0                      2276
474 8094.9325265726720318     357.01537941202855109    2281
475 8170.3960975319150748       6.7762076202708820816  2286
476 8172.5301569792636656       6.261036836426080221   2290
477 8082.2251260603297851       0                      2295
478 8082.0181274884580489       0                      2300
479 8082.1800649051710934     334.00676886823777068    2305
480 8081.9792599666061506       0                      2309
481 8081.9515196004858808       0                      2314
482 8082.3734771027129682       0                      2319
483 8082.0980265663956743       0                      2324
484 8164.9294609318694711       0                      2329
485 8081.9660546829563827       0                      2333
486 8171.1839149967927369       0                      2338
487 8092.7323952051547167     248.69117281589032586    2343
488 8084.4164772414214895       0                      2347
489 8082.0180709590986226       0                      2352
490 8082.0787905865145149       0                      2357
491 8083.0192595331564007       0                      2362
492 8082.054075557912256        0                      2366
493 8082.3475978551869048       0                      2371
494 8082.1937655521251145     331.74426693540056021    2376
495 8082.5887407224126946       0                      2381
496 8082.7872324551690326       0                      2385
497 8174.1152689452428604     241.83974002815190829    2390
498 8181.1419413884332243     429.79619122923440955    2395
499 8084.51977680073378         0                      2400
500 8081.9195738884627644       0                      2405
501 8081.9918210585055931       0                      2409
502 8081.9151187665493126       0                      2414
503 8081.9421759543929511       0                      2420
504 8081.9169433636252506       0                      2425
505 8081.9164449962072467       0                      2430
506 8164.8078301762798219     489.97749488338303081    2434
507 8164.8908085740695242     492.73996114472225827    2439
508 8093.2282629547453325     268.1749725065415646     2444
509 8084.4064947454035064       0                      2449
510 8081.9973873694079884       0                      2453
511 8082.2150553170904459       0                      2458
512 8081.9784184764193924       0                      2463
513 8081.9171294087445858       0                      2468
514 8082.0411668943370387       0                      2472
515 8083.2414572470979692     314.30266374994289436    2477
516 8083.5920977216319443     308.75618282462818343    2482
517 8089.3019034803210161     127.24678180432860586    2486
518 8177.0143914877280622     242.44201015465753812    2491
519 8178.5659125431284338     454.4568165182737971     2496
520 8082.0260973536624078       0                      2501
521 8166.8508526283285391       0                      2506
522 8081.9752078437504679       0                      2511
523 8081.9869754940109488       0                      2515
524 8082.5679017270713302     352.32814048693478526    2520
525 8081.9776271647933754       0                      2525
526 8081.9478315657252097       0                      2530
527 8081.9171287848039356       0                      2535
528 8081.9410348711444385       0                      2539
529 8081.9845543998271751       0                      2544
530 8081.9863780772511745       0                      2549
531 8082.7539312078697549       0                      2554
532 8082.1552790277601162     334.47624765609498354    2558
533 8089.0401213294908302     133.21716171774525606    2563
534 8177.6178785581778357     189.15534181139815928    2568
535 8176.2157825573176524     330.95779228125468308    2573
536 8082.5222751803285064     354.72885312428877569    2578
537 8081.9893410138938634       0                      2582
538 8173.4376165029261756       5.9929554642615299187  2587
539 8177.5603068639084086     163.80046973117038078    2592
540 8082.5146724549658757     353.11780177567106875    2596
541 8081.9194838771300056       0                      2602
542 8081.9429209166828514       0                      2606
543 8081.9888256743861348       0                      2611
544 8082.9236086802193313       0                      2616
545 8173.8343082235696784       0                      2620
546 8081.9174166122047609       0                      2625
547 8081.9377933222631327       0                      2630
548 8089.0777500758222232     131.80429761253589049    2634
549 8083.0126128300998971     321.34888474062773867    2639
550 8174.93220834244039         6.0578331090781638579  2643
551 8082.4974563735750053     358.02267505700251604    2648
552 8184.5398370418070044     229.61257392316159098    2653
553 8084.0705058463072419       0                      2657
554 8172.7870150675698824      73.307562744054550308   2663
555 8092.1866506190972359     263.86338212140913129    2667
556 8082.5204511286337947     354.00345657819104872    2672
557 8081.9162248666279993       0                      2677
558 8081.9175675008182225       0                      2681
559 8081.9191705067687508       0                      2686
560 8082.1636453991786766     333.09223647733989537    2691
561 8082.7535575608608269       0                      2695
562 8082.9199913934398865       0                      2700
563 8083.9899556892496548       0                      2704
564 8174.5008694045882294       0.00098868811756999122 2709
565 8175.1529759944705802       0.00024836241758959942 2713
566 8170.7538343771093423       0                      2718
567 8171.3761605838253672       0                      2723
568 8084.0349734468718452     561.97101793953504512    2728
569 8082.5097860368314286     353.69056849360691785    2732
570 8081.915516104035305        0                      2737
571 8081.919250560978071        0                      2742
572 8081.9945348779774577       0                      2746
573 8083.9855062337128402     548.35230898868326221    2751
574 8089.7602345258810601     139.94002771872487756    2756
575 8082.1881997533846516     333.4180184888665508     2761
576 8085.1994687622336642       0                      2765
577 8175.0508135864283759       0.00883612739908959215 2770
578 8175.2622977614964839       0                      2774
579 8177.189901858223493        0                      2779
580 8171.3624928808430923       0                      2784
581 8082.5146724549686041     353.11780177566743077    2789
582 8081.9155207554531444       0                      2794
583 8081.9429966318448351       0                      2799
584 8088.3102320428342864     111.63388668983984076    2803
585 8082.1628485197270493     333.92999809756719287    2808
586 8175.6936470818118323       1.0820501218206728389  2813
587 8175.1800871097384515       0.03136802548030347138 2818
588 8082.4918220710142123     355.66997406516708224    2822
589 8081.9163619098035269       0                      2827
590 8189.1303808020484212     509.39248950055952037    2832
591 8082.1564101694466444     333.94258985249945226    2837
592 8081.9171255172268502       0                      2842
593 8081.9154192493651863       0                      2847
594 8081.9186758322175592       0                      2851
595 8082.9204963539596065       0                      2856
596 8082.9223788947847424       0                      2861
597 8175.2251674712479144       0                      2866
598 8088.3138388602483246     111.14183705929168866    2870
599 8177.3298502639536309      92.9574122997656076     2875
600 8083.9952070911176634       0                      2880
601 8081.9162586047232253       0                      2885
602 8176.1118538519822323     434.46337661153648924    2889
603 8082.5483978537758958     357.51368493820001504    2894
604 8180.7220015137645532     397.9037137400315487     2898
605 8082.158090833391725      333.65910565694917977    2903
606 8081.9444769443598489       0                      2908
607 8081.9428681556437368       0                      2913
608 8082.9191081758044675       0                      2918
609 8081.9929714388799766       0                      2922
610 8081.9887097762302801       0                      2927
611 8085.2200761113235785       0                      2932
612 8083.9884955984316548       0                      2937
613 8175.2468455723137595     460.11460087543753161    2941
614 8186.8248411168679013     920.45131336108363485    2946
615 8084.2072628763871762       0                      2951
616 8081.9210796729976209       0                      2956
617 8174.4885540870445766       0                      2961
618 8088.3386459172343166     111.93401827832808237    2965
619 8082.1901625482769305     332.58070078198488773    2970
620 8082.9482133359324507       0                      2975
621 8083.4324980859419156     327.51268258404553535    2980
622 8174.8508134192961734     236.85935805610401417    2984
623 8181.8363513404365222     446.91625782600044658    2989
624 8081.9470723914155315       0                      2994
625 8175.4361237763196186     259.15156367333429444    2999
626 8089.0570496759073649     132.32695756910345608    3003
627 8088.3138943076673968     111.46633333930084575    3008
628 8083.4293924653384238     324.22486257185516934    3013
629 8083.4358690029685022     327.65495151565176002    3018
630 8088.3152882093845619     110.81799840984875516    3022
631 8173.8844588903893964       0                      3027
632 8178.4687331397381058      96.413112256387989873   3032
633 8081.9201433881216872       0                      3037
634 8173.7828948575697723       0                      3042
635 8082.157543435374464      333.10455610977089691    3047
636 8083.6263736010196226       0                      3051
637 8089.1544967543732128     117.61108264801966072    3056
638 8083.4318791422310824     325.93745783201933364    3060
639 8083.0007325325213969     322.15116088678820461    3065
640 8174.7673723981706644     237.60389510950054159    3070
641 8181.9134349446421766     446.17027796611722579    3074
642 8081.9188346712762723       0                      3079
643 8175.2496292381811145     423.76081816840979855    3084
644 8179.1898043179680826     226.74882285083728561    3089
645 8175.8978192196655073     396.30373217755351334    3094
646 8081.9904444413541569       0                      3099
647 8081.9193024226551643       0                      3103
648 8175.133665306059811      432.5565055698427841     3108
649 8082.8014668024416096       0                      3113
650 8082.8288717146187992       0                      3117
651 8084.0165625339195685       0                      3122
652 8084.8793063875618827       0                      3127
653 8173.7751465457695303     237.88925168835490354    3131
654 8182.8857374000790514     444.30926992395490061    3136
655 8084.2207872193812364       0                      3141
656 8175.4950797305718879     517.48930248621502415    3146
657 8082.9989959702515989     321.60642301912309904    3150
658 8175.4560162100115122       0.02750120824955257226 3155
659 8175.4184572444301011       1.0093783547014800739  3160
660 8081.9877965038213006       0                      3165
661 8174.4535815127710521       0.03497768911930278224 3170
662 8081.9206835495597261       0                      3176
663 8081.9205344467882242       0                      3181
664 8081.9193173883704731       0                      3185
665 8081.9506722852647727       0                      3190
666 8082.9492652013668703       0                      3195
667 8083.4308322620909166     320.44263952435619558    3199
668 8088.3451649997423374     110.1238594347969979     3204
669 8174.4094334739365877       0                      3209
670 8177.9546526693793567      97.448793880192383199   3213
671 8081.9227725220271168       0                      3219
672 8081.9476089905729168       0                      3223
673 8173.6978368384498026       0                      3228
674 8082.1601371898959769     331.40983747457249819    3233
675 8081.9450563938280538       0                      3237
676 8082.7553443563374458       0                      3242
677 8082.9190409795255619       0                      3247
678 8089.7656468485938603     139.38849748091280389    3251
679 8084.1368537411426587     352.05818460722423424    3256
680 8178.2012535863195808     190.41846164919374473    3260
681 8177.4122576166073486     476.46189359919418393    3265
682 8081.9233698682837712       0                      3270
683 8081.9193024226451598       0                      3275
684 8173.4587755563388782       0                      3280
685 8082.017206981234267        0                      3285
686 8083.4791753612907996       0                      3289
687 8177.7510371298130849     581.82046294974338707    3294
688 8184.8491348535953875     746.84317026331927991    3299
689 8084.9792168039630269     419.09464401754252094    3304
690 8081.9201433881307821       0                      3308
691 8172.9170193906511486     246.95739831934815811    3313
692 8082.9234475227231087       0                      3318
693 8088.337385925052331      110.93704221120461284    3322
694 8082.1613274428182194     332.23394583497565691    3327
695 8083.4409291357014808     328.1717507744407385     3332
696 8088.3508416910990491     111.94658062717508074    3337
697 8177.0852266654073901       5.5063949302908987704  3342
698 8173.3955060996431712       0                      3347
699 8082.161327442804577      332.23394583497912436    3352
700 8173.3236743387496972       0                      3357
701 8082.9540600802465633       0                      3361
702 8082.7958251769123308       0                      3366
703 8083.9843793784175432       0                      3371
704 8085.2252683379620066       0                      3375
705 8081.9907422604774183       0                      3380
706 8173.2576950327147642       0                      3385
707 8085.1880265672689347       0                      3389
708 8083.9929198818872464       0                      3394
709 8175.0145615038445612       0.0313831499465132141  3399
710 8175.853948909072642        1.0825656446755518303  3404
711 8081.9935658100766886       0                      3408
712 8081.9164202459942317       0                      3413
713 8173.1314766775722092       0                      3418
714 8174.0841943843479385       0.10420265528905803265 3423
715 8082.0119076777637019       0                      3427
716 8083.9841287306526283       0                      3432
717 8082.5221776905118531     358.63189908306787856    3437
718 8086.6468671088141491     126.61396049690118559    3441
719 8092.1517387846524798     262.09192818553253801    3446
720 8083.9711242675784888     550.19104845557023964    3451
721 8175.6346118867040786       1.0934575092734493129  3456
722 8175.2342711095889172       0.0313402460243474637  3460
723 8083.9940729196523534       0                      3465
724 8081.9189695995737566       0                      3470
725 8081.918787448207695        0                      3475
726 8173.3780149141748552       0                      3480
727 8081.9444901388505968       0                      3485
728 8082.0199838555035967       0                      3489
729 8084.0226160387019263       0                      3494
730 8173.383038234018386      316.35048711871939986    3499
731 8181.5662492598776225     236.31878038913160367    3503
732 8082.4929041814511947     357.97956503492900993    3508
733 8173.4529236481375847       0                      3513
734 8082.7533523686151966       0                      3518
735 8082.1662878288416323     333.64622800430112193    3523
736 8175.7659457425870642       1.1034030138344907979  3528
737 8176.7230164772736316      84.797092594642478502   3532
738 8081.9203839055498975       0                      3537
739 8081.987805000761           0                      3542
740 8173.8328930256047897       0                      3547
741 8172.326454402791569        0                      3552
742 8173.5418704717758374       0                      3556
743 8082.1940438422097941     332.29760009095792839    3561
744 8089.0612285363404226     132.14433599148497933    3566
745 8177.2455917486204271       3.9598879698033395691  3570
746 8082.4924401733615014     358.00110906883207917    3575
747 8081.9191705067632938       0                      3580
748 8172.3266216845186136       0                      3585
749 8089.1795782306689944     118.76117947189159452    3590
750 8083.4376949147626874     329.23441936662180751    3595
751 8173.7329248758960603       0                      3599
752 8176.7580615039823897       5.4201106332376589592  3604
753 8081.9155516068603902       0                      3609
754 8171.913725310274458        0                      3614
755 8088.3217551453035412     110.32796767586899023    3618
756 8088.3114969337775619     111.95921709217090267    3623
757 8089.0521513972335015     132.86420656964125442    3627
758 8089.0558893723364235     132.68123329172988178    3632
759 8083.4316217009009051     322.65807411861038645    3637
760 8175.2145716703507787       0.00010598413536438163 3641
761 8175.1010244237986626       0.00045065954518407102 3646
762 8089.0807393116483581     4498.5597356900598243     3651
763 8175.4572130736551117       0                      3656
764 8172.0012542023378046       0                      3660
765 8081.919573888456398        0                      3665
766 8081.9438694486516397       0                      3669
767 8176.17991312097638         0                      3674
768 8085.1935468103811218       0                      3679
769 8176.3504428036112586      66.130434449909031969   3683
770 8083.9929471824361826       0                      3688
771 8171.7436302615442401       0                      3693
772 8172.5070372066638811       0                      3697
773 8086.6461067866357553     126.43516629327585576    3702
774 8082.4954242079738833     358.87015193793848766    3706
775 8088.3190959501444013     110.65097358313781228    3711
776 8082.1660826803517921     332.25535806025959573    3716
777 8177.3348942762586375     582.07896064066164854    3720
778 8184.9518825933719199     863.67458165853963692    3725
779 8089.0675360165814709     4472.3431256005687828     3730
780 8081.9168212659114943       0                      3735
781 8081.9434730164439316       0                      3739
782 8081.9191948144507478       0                      3744
783 8089.0597156272988286     131.97335757710820303    3748
784 8082.1901807397480297     332.02701568380086883    3753
785 8174.8563090406296396       0.00027639144028196786 3757
786 8175.57427781381557         0.00001578349791394103 3762
787 8083.9895338561073004       0                      3767
788 8176.6620550639308931       0                      3772
789 8084.0198615094113848     549.27369794802132219    3776
790 8093.01936804552588       295.09468458273113356    3781
791 8175.530263537164501      235.27127930291834446    3786
792 8181.9856042848596189     447.66091827665525216    3790
793 8171.8054614015709376       0                      3795
794 8089.0625992467748802     131.242679257089776      3799
795 8082.1936224607743497     330.88736440524371574    3804
796 8176.4829344768513693       1.0446808879636706457  3808
797 8101.3539294660449741     1181.8007191336985215     3813
798 8172.5864832786210172       0                      3818
799 8082.8386047311196307       0                      3822
800 8174.7795308289951208       0                      3827
801 8084.0013524558926292       0                      3832
802 8084.8476037644204553       0                      3836
803 8178.4513886609165638      98.05047249551066102    3841
804 8084.2078836312730346       0                      3846
805 8081.9720044135228818       0                      3850
806 8081.9730316320828933       0                      3855
807 8171.9437870328220015       0                      3859
808 8082.9497577617958086       0                      3864
809 8084.8843658312880507       0                      3868
810 8179.4122374979287997     199.63118218527185377    3873
811 8176.8258154910508892     340.92155868563332888    3878
812 8083.9896928036332611       0                      3883
813 8171.5866891396162828       0                      3888
814 8173.956920995829023        0                      3892
815 8177.366842726842151        5.2329466357023246559  3897
816 8082.1660247780400823     330.84516020889827814    3902
817 8081.9438584510444343       0                      3906
818 8081.9167177763920336       0                      3911
819 8082.7539192050271595       0                      3916
820 8082.7854021249204379       0                      3920
821 8081.9432299018026242       0                      3925
822 8082.780377877965293        0                      3929
823 8081.9433451492432141       0                      3934
824 8175.2989351495261872       0                      3939
825 8175.8503532114373229       0.00156046930939831804 3943
826 8082.7986017235534746       0                      3948
827 8088.3422985149645683     111.76627899307351299    3953
828 8174.6610562374753499       0                      3967
829 8179.4762129740647651     118.59417132947025664    3981
830 8092.1313908938655004     262.68449144364672065    3989
831 8171.6720214252618462       0                      3996
832 8081.9162446564741913       0                      4001
833 8082.7981385499060707       0                      4005
834 8174.3229923633325598       0                      4010
835 8081.9851735521679075       0                      4015
836 8081.9932133078846164       0                      4020
837 8082.8046270619061033       0                      4024
838 8085.1869268761356579       0                      4029
839 8085.1954579953617213       0                      4033
840 8178.8786250244120311      96.152995642105807406   4038
841 8081.9858504820695089       0                      4042
842 8081.9478315657252097       0                      4047
843 8081.9847604919104924       0                      4052
844 8085.94307933026721         0.07238677719927104348 4056
845 8181.6516425397194325     209.01885792255720276    4061
846 8174.6942413388651403     314.657787312392486      4066
847 8083.9926486939375536       0                      4070
848 8093.0649248239205917     329.53554088656727572    4075
849 8084.7796040532612096     581.04621068204301082    4080
850 8174.74167258163925       314.92150865034108165    4084
851 8181.6291699925823195     209.92618647023846279    4089
852 8098.3097477171222636     7316.8853152117071659     4094
853 8081.9445026055864219       0                      4099
854 8081.9823397076206675       0                      4103
855 8173.9648594733407663       0                      4108
856 8089.0810563634877326     133.19181334524404292    4112
857 8176.1823077152594124     253.5806365951810335     4117
858 8182.3844609859288539     366.4700542684499851     4121
859 8171.9929497854973306       0                      4126
860 8082.5199273883299611     357.76290871010462524    4131
861 8086.645815696313548      126.09020824818806261    4136
862 8087.4853003932212232     133.46440530244453271    4140
863 8082.4958025967598587     358.55485589050960016    4145
864 8179.5829091852292549     172.74387701716872812    4150
865 8178.0756299675249466     329.09081750850725712    4154
866 8081.9175917182537887       0                      4159
867 8174.8394099366041701       0.00023312672213108218 4164
868 8176.3161670005792985       0                      4168
869 8086.6628282717929324     127.8467057118888448     4173
870 8081.9997902212689951       0                      4177
871 8081.9877869282199754       0                      4182
872 8082.016074004975053        0                      4187
873 8084.017699521553368        0                      4191
874 8175.3498459110451222     457.55551113312480993    4196
875 8187.5343469352792454     922.86089850503481102    4201
876 8082.0216019743111246       0                      4206
877 8082.0135473932523382       0                      4211
878 8173.7416419238461458       0                      4215
879 8177.8841788691925103       3.6613848226399721142  4220
880 8082.4927237968358895     357.68621299969635174    4225
881 8082.7809968831252263       0                      4229
882 8082.1605025784774625     333.37565450306823323    4234
883 8089.1511887691603988     117.78335180952178973    4238
884 8175.308813411886149      235.75937115224965623    4243
885 8182.2088685002936472     448.1184334280086432     4248
886 8082.0238268129987773       0                      4253
887 8082.8260250154580717       0                      4257
888 8081.987796503825848        0                      4262
889 8083.9888614348865303       0                      4266
890 8085.2131379370212017       0                      4271
891 8085.2010755540059108       0                      4276
892 8175.7132378548321867       0.00164879680965509222 4280
893 8175.4361391884340264       0                      4285
894 8088.5532064581293525       0                      4289
895 8081.9443276142001196       0                      4294
896 8081.946999268109721        0                      4298
897 8173.5806825773142918       0                      4303
898 8177.7464986081176903       5.209477969669770836   4308
899 8081.9318451062545137       0                      4313
900 8083.9546859255506206     322.66646677642904706    4317
901 8083.9862395699337867     550.57433134705411248    4322
902 8083.9971784219869733       0                      4327
903 8086.6454968109428592     125.91176585546750744    4332
904 8092.123565482851518      262.01021808770087773    4336
905 8093.0818135803001496     331.91323205845867506    4341
906 8085.047739847937919      616.98412419832823161    4345
907 8174.2919090434888858     306.9817492704184474     4350
908 8183.3013091737211653     538.22777072513667918    4355
909 8088.5612933243164662       0                      4359
910 8082.9484890410913067       0                      4364
911 8173.8424303240772133     243.19259352273698482    4368
912 8183.8527461129779113     517.35885396937555925    4373
913 8172.0699066924007639       0                      4378
914 8081.9822569468869915       0                      4382
915 8084.854596975844288        0                      4387
916 8083.9783152727914057     550.3822947269644601     4392
917 8092.1337129187822939     262.52300470637214858    4396
918 8176.9657127737991686     512.31893882487224801    4401
919 8186.5979281112613535     802.35937192273775054    4405
920 8082.0036956308795197       0                      4410
921 8081.9214506986745619       0                      4415
922 8088.3451717248271962     110.94954751527208714    4419
923 8175.50965008077128         0.02762112693901863647 4424
924 8176.2103095619831947       1.0694231304424859363  4429
925 8088.3200401864523883     112.13971983828901102    4433
926 8081.9172324014280093       0                      4438
927 8081.9480346852324146       0                      4443
928 8082.7558430909612071       0                      4447
929 8082.5212477423774544     358.33844485347782438    4452
930 8087.4606915298818421     133.33490836309994165    4456
931 8088.3112017078110512     110.63846833698090677    4461
932 8176.2212655347120744     395.69681455729352137    4465
933 8179.7076490271065268     229.27033486432210907    4470
934 8081.935676317693833        0                      4474
935 8088.3104717646374411     111.30921465429506156    4479
936 8174.3695419866753582       0                      4484
937 8179.7629001516015705     117.53476920295901209    4488
938 8172.349790311714969        0                      4493
939 8082.7534164636772402       0                      4498
940 8175.0962714230181518     234.33137575939363728    4503
941 8182.4142760296736014     447.86558519013442492    4507
942 8085.1951318408564475       0                      4512
943 8087.1936971564582564     148.99406149087732842    4517
944 8175.4903870509560875       0.00209926967119010736 4521
945 8175.6598245272753047       0                      4526
946 8082.7989988746348899       0                      4531
947 8174.0773447830551959       0                      4536
948 8082.8019485329887175       0                      4541
949 8084.8581728794060837       0                      4545
950 8085.9200267343703672       0.09253724645783623082 4550
951 8180.0581037781194027     118.34090040832565194    4554
952 8081.9172030415002155       0                      4559
953 8171.6676695562964596       0                      4564
954 8082.7544190113067089       0                      4569
955 8082.7582631589375524       0                      4573
956 8185.6639854213190119     865.03217252554520655    4578
957 8082.7545906771301816       0                      4583
958 8082.78521707735581         0                      4587
959 8082.9225979244638438       0                      4592
960 8173.247804687437565        0                      4596
961 8180.1918860908253919     164.04911067682624548    4601
962 8083.9933251506872693       0                      4606
963 8087.2042155855624515     149.95492158998635546    4611
964 8083.3729835648082371     348.96394027835236784    4615
965 8088.341083783270733      111.4411895012863738     4620
966 8173.6902102294216093       0                      4625
967 8177.9377976956220664       3.7744093241700196195  4629
968 8089.155274973694759      116.76087365437152243    4634
969 8083.4274912048113038     322.00405945306698641    4639
970 8175.7089176123863581     455.73861256720391566    4643
971 8187.1760068738458358     922.15488835621897579    4648
972 8082.7815163336154001       0                      4653
973 8082.9249325361197407       0                      4657
974 8082.1648761327587636     331.39796647914954519    4662
975 8089.7965034172248124     138.60905023811361048    4667
976 8176.1373350008989291     344.00803563548822694    4671
977 8180.092533894013286      200.53835222908409719    4676
978 8082.188067370677345      328.85269977334394298    4681
979 8088.3495145886545288     112.44063120482327633    4685
980 8082.1723429173352997     334.79012136250503318    4690
981 8088.3266822002269691     111.15436506187459997    4695
982 8082.1858338612573789     332.55931728691803073    4699
983 8082.1999732277754447     332.60210569276284787    4704
984 8088.306483932721676      111.12929748926396201    4708
985 8174.0924997371912468       0                      4713
986 8177.2280763421749725       5.2883119457523291018  4717
987 8101.3366530861230785     1185.0608760186025847     4722
988 8081.9238411754149638       0                      4727
989 8081.9361769377319433       0                      4732
990 8081.9195003569802793       0                      4736
991 8175.9354272447108087       0                      4741
992 8082.1690835803337905     332.8428381045694664     4746
993 8173.0608029165741755     244.93854308782721318    4751
994 8184.6062959602759292     515.65756814103338002    4755
995 8085.1908267250810241       0                      4760
996 8083.9870840959092675     553.2839825856524385     4765
997 8092.167855872774453      263.53657434058521858    4769
998 8174.8181198847187261       0                      4774
999 8179.323064885435997      118.58869920062345216    4778
1000 8082.4911685311808469     357.42591302990200575    4783
