1 11507.744585982554781      94484.460012324227137      5
2 12055.369984181268592      82873.422631293782615      9
3 11016.133013211961952      96087.117635738439276      13
4 11733.597715688167227      101053.6596304346167        17
5 11726.340024714520041      103934.00762817083159       22
6 11735.985126003137339      102736.58379629286355       26
7 11471.683008594764033      33860.06454470979952       30
8 11455.214761975994406      6734.6119427256462586     34
9 11501.878165159130731      35505.451606276408711      39
10 12012.483897470538068      6048.9685288550144833     43
11 11583.571672377873256      3647.4705370953943202     47
12 10779.631157530755445      4406.5192828307699529     51
13 10969.064146728900596      15015.192435457443935      56
14 11378.517777145692889      5784.9081115847648107     60
15 11387.128812505765382      7648.8843062895421099     65
16 11384.282650364464644      7269.0119652458497512     70
17 11194.002848914822607      3451.1221333043367849     74
18 11413.419977913879848      3822.3629307506494115     79
19 10669.370823308527179      20601.451866775456438      83
20 10598.997277198581287      29856.092641889892548      88
21 11584.142077311791581      3763.6379428907334841     92
22 11378.866900903172791      2373.4245545485637194     97
23 11586.852622437589162      6189.2464841649434675     102
24 11377.683271409521694      2942.0916353086845447     106
25 11970.697918657198898      2233.8081843684954038     111
26 10848.181507713694373      3215.8309207359438915     116
27 11011.744877033812372      1472.0974490872906699     120
28 10567.623546984526911      3643.0714339206147088     126
29 9806.8090793024766754     119034.59313115818077       131
30 12871.485239572913997      10907.72380393511412       136
31 11014.140156008128542      3225.4376236659472852     141
32 10708.355946535375551      5128.9317333224153117     145
33 10679.884466890434851      9508.4106900157257769     150
34 10924.921127746520142      29665.466845726317842      155
35 10862.509760642209585      7905.5875615494169324     160
36 10630.507104186524884      6527.5679109359916765     164
37 11429.697925083262817      13360.08272162591129       169
38 10862.668259012465569      8542.6502583478832094     174
39 10464.527101274277811      19328.672002920884552      179
40 11460.19435564023297       6181.4790859181521228     184
41 9850.9510601270776533     7782.9480093105312335     189
42 10099.438963185613829      5242.0748152604473944     194
43 11600.332413828662538      3563.6607320286721006     199
44 10807.463680541390204      2343.8735652199316064     204
45 10960.887279235344977      2390.0720480092982143     209
46 10912.215839349541056      4938.391495770988513      214
47 11133.47845133478404       36357.499480996237253      219
48 11079.063659227995231      4056.1419496710514068     224
49 10591.782327431355952      5427.1572164064873505     229
50 10947.913252337468293      1437.9035703242125237     234
51 10856.362877400430079      1649.4323557740103752     239
52 10082.828466937702615      11743.119502239513167      244
53 10024.17413224630036       6146.3413893773122254     250
54 11408.757200510704934      2385.0806055283455862     255
55 11297.654129200785974      1629.7212042850262605     260
56 11225.804850783162692      1800.8352178174288838     265
57 10592.498097548876103      3402.5223913801723938     271
58 10759.299802298190116      1833.479180321933427      276
59 10687.514829294159426      5202.913645222559353      281
60 11127.261991399060207      1732.9108616532994347     287
61 10772.124802375081345      3871.0710778652510271     292
62 10767.705863791512456      2036.3718870228840387     297
63 10629.942346583067774      25906.541539204317814      303
64 11788.025922062983227      6091.41397670166225       309
65 10774.466524768582531      1678.1444674666088304     314
66 11312.387426251330908      1856.1757313353734844     320
67 11087.811969724183655      1290.6686365188975287     325
68 11090.05692636987078       5058.0119636413237458     330
69 10908.599834778777222      1434.020612480883301      336
70 11186.508620808055639      1378.318793226316302      341
71 10988.721893966303469      1386.4141777725510565     347
72 11057.487660756638434      1343.9302913783703843     352
73 11063.523126703519665      7917.8618608931246854     358
74 11078.829079974160777      866.89232040281081026    363
75 11054.00024222157117       200.51528986369146423    369
76 10997.272934382453968       27.821024291010239438   375
77 11085.835832326658419      139.05525436154661634    380
78 11088.356222296337364      125.32048496595514564    386
79 10866.692914618501163       11.472232932048846976   391
80 11282.536152852342639       84.601528490632972535   397
81 10616.972450778159327      9465.2513057057749393     402
82 10860.471941835538018       28.836377090220413066   407
83 10557.987668323185062       91.574348433609273457   413
84 11275.144857797093209       94.10085630857749095    418
85 10703.857288422144848       15.44841337026863215    423
86 11035.862480913636318      272.70189466848512438    430
87 10720.877264930353704      588.12405661030049941    435
88 10867.828478603471012      791.57880805535671698    441
89 10865.93990502154702       317.08100125067585395    446
90 10355.645464825951422      589.06283747388067695    451
91 10351.790382247487287      324.8542131244655593     457
92 10855.647512939771332        0                      462
93 11436.552556881182682      2393.386020431691577      467
94 12187.117352053046488      30129.83963893015607       473
95 8560.2196857807321067     2544.9405872194092808     478
96 10861.824081332764763        3.7474925754762149488  484
97 10862.532499298105904       24.695259921429105532   490
98 11163.339537386962547      1728.5184302300090167     495
99 8604.7992835088552965     4956.0828882217965656     501
100 8638.4988907999340881     5406.1723388143100237     506
101 8630.5405604417010181     727.2427471232648486     512
102 8628.6490428522483853     689.48833359998764081    517
103 10860.897452588433225       10.498211684206831151   523
104 10062.353713608374164      102.24353938288362542    528
105 11945.622106821205307      1240.71242477198507       534
106 10216.73985998831813       1085.3988361389040165     539
107 9506.8611613318353193     670.8293826677091829     544
108 10275.519356710567081       95.876517711757557549   550
109 10380.054940643802183      12248.79549455196684       556
110 12403.060985162086581      7756.0153963351795028     561
111 11601.559096656990732        2.6481461710337605986  567
112 12021.067993124239365      2694.2940649241377287     572
113 12056.668603860409348      659.96389777453725856    578
114 8982.3483854357236851     210.67074649467647873    583
115 13889.217789030457425      4650.0917956435851011     589
116 8280.0394773418338445     1481.2345718856963686     594
117 8357.6198952994673164     783.97113812570626123    600
118 8400.0826508341215231     599.37193815910040939    605
119 11211.912061813356559        0.11019419472546433669 611
120 11403.912865294225412       73.942336867076974727   617
121 12241.958912820304249      323.95280991845226026    622
122 8598.2589020462455665     342.1037193985681597     628
123 8599.2596817396242841     435.85295511966387494    633
124 8600.2830632624081773     521.22566385750462814    639
125 8696.5534877324917034     329.01100106142899904    644
126 10862.499933890259854       55.823753855933802015   650
127 13385.683860890783762      1871.7282025629156124     655
128 8530.2558390888425492     1597.818184737929414      661
129 9064.6723552700095752     144.73727216206663115    666
130 10005.76447906309113       3732.4624376313713583     672
131 10509.377524902492951      12027.543140065217813      677
132 10206.729213142452863      16633.974646970433241      683
133 10375.983459266843056      1205.6169083141605824     688
134 10878.459485576820953      1805.0776359455062448     694
135 12156.500068532332079      3356.0310379191578249     699
136 13354.503303491163024      5720.5604715485915222     705
137 8900.7834359389999008     291.82456022897520143    710
138 8294.7876969354729226     2950.9873479486827819     716
139 8370.7344052055250359     608.62022483056671263    721
140 11402.262131622612287        3.8411408247807408145  727
141 11026.897510303442687        0.04490802959012676898 732
142 11596.868552472305964      564.62232222057161835    738
143 8488.7147413387174311     560.8718419275899123     744
144 8440.7283713084325427     610.78444636599658679    749
145 8488.0652944380890403     607.99124398483240839    754
146 11602.529952137156215       42.351611190609723678   760
147 10860.577480677220592       10.33981695144168711    765
148 10674.459471800748361        1.9400442917234237417  771
149 10060.757808182364897      116.42568169472193063    776
150 9572.4967646997174597     995.19391142311167187    782
151 10277.480180334097895       48.810894409563665874   787
152 10006.956150850419363        0                      793
153 9850.3608172359636228     8592.9500547792231373     798
154 8628.6824405095849215     4701.342524612606212      804
155 8810.3588747537378367     3036.7390868154516284     809
156 8534.9995777802305383     6473.0839112713501891     815
157 8641.6076309855507134     4886.8367035751880394     820
158 10580.670743469623631        5.5085369550104852365  826
159 8467.0679103415350255     4671.2134789964766242     831
160 10782.219923768867375      353.59044711498836477    836
161 8435.5640394399833895     5864.7935751159238862     842
162 10801.380779063270893      109.24396172744999944    847
163 9502.0276378285307146       0.53071033133133382886 853
164 9724.5536298375081969     1448.9386896569901637     859
165 9552.8451024870319088     1029.0471936844783158     864
166 9764.6928425059995789     943.33237429937958041    870
167 14065.046414251159149      12086.409412661787428      876
168 13635.045553399404525      47663.96720685348555       881
169 11336.511414521597544        0                      887
170 8237.1919684373733617     5883.7284717641023235     892
171 8232.8566098283099564     4480.184389593537162      897
172 8137.4161195150691128       0                      903
173 8652.2107593679902493     23885.101336049177917      908
174 8884.6736454743404465     10322.884537258929413      914
175 8092.1051145434230421     104.40803509084314271    919
176 8086.2341304369001591       0                      925
177 8866.3279948904255434     19277.006178779407492      930
178 8259.692392436807495      451.41185117814916339    936
179 8321.0373274246303481      13.4317553753936334     942
180 8323.7944272333170375     492.12913829897962614    947
181 8260.2633748305233894     384.2995917364022489     952
182 8804.5635091037438542       4.25073022321797378    958
183 9808.3221010619890876     112.72522503607093824    963
184 11232.670145688354751      283.70176531537418896    969
185 8484.8589374528528424      46.742917165393272683   974
186 8110.1050178972245703     1293.1736524392458705     980
187 8428.0563643337500253     1130.9300653307761877     985
188 8116.773664646609177      369.60317839194459566    990
189 8179.0286850544225672     1996.6897257052376062     996
190 8214.2180030602266925     2329.6201834364114802     1001
191 8381.5724292591839912     4552.3666744636257135     1007
192 8480.9379273796112102     1237.1691407170037564     1012
193 13662.45514081246256       14366.371472555149012      1017
194 8483.1634269606129237      23.529608151999113375   1023
195 8125.8132767535953462     219.4412371211957975     1029
196 8090.6390645730971301     104.91646083990346483    1035
197 8101.9098975105589489     105.1052069723607616     1040
198 8091.3540114055540471     121.42096156333410306    1046
199 8442.4619991753934301     164.71459080738989655    1051
200 8754.1380995179151796      60.334175949503894287   1057
201 8233.2309287188763847       0                      1062
202 8130.198056638016169      1128.1475009893931656     1067
203 8332.8792034049474751     102.60500343967267156    1073
204 8458.0043990246376779     845.28073967117575194    1078
205 8186.1812779262863842     5109.0224726137521429     1083
206 8204.8053270194377546     176.16768663864837663    1089
207 8872.4011574382820982     1164.2378103976084276     1095
208 14712.380141889756487      13630.292936702997395      1100
209 8142.9954146554791805     3079.769778958887855      1106
210 8304.8845117118780763     10223.854453323063353      1111
211 8157.9237708818072861     8713.6295950706498843     1117
212 8157.4328601946035633     8705.8919622898829402     1122
213 8120.4182898213584849      51.221698194903446222   1128
214 9199.0186108476191293       0                      1133
215 8157.5500172347637999       0                      1138
216 8160.4244095850162921      58.201773327986423112   1144
217 9808.3738519814469328       0                      1149
218 8125.7487053236327483       2.8666418507828259621  1155
219 8196.5159443773281964       0                      1161
220 8496.3363476588474441       0                      1166
221 8103.0810474264580989       2.1737509928441625107  1171
222 8128.7488253493993398       0.34108334317938465707 1177
223 8141.6685601453727941       4.4748625824540404494  1182
224 8532.8569248715684807       0                      1188
225 8091.1990112543389841      89.667892625525382755   1193
226 9366.4800779549987055       3.1765608320912241958  1198
227 12524.577260381272936       18.314465779767882481   1203
228 8118.158637018040281        0                      1209
229 8291.6541813982694293     2071.5944112134507122     1217
230 8333.5189078308667376     1928.9567649020727913     1222
231 9452.5766128311479406     1585.7206172663250072     1227
232 9458.0972348665527534     2670.2285460928387693     1233
233 8544.1062950888408523      11.056715768491690355   1238
234 8616.6526209337189357      13.343028596509737937   1244
235 8086.379141738432736        0                      1249
236 8087.133295081441247        0                      1255
237 8096.6626648055480473       0                      1260
238 8212.1528616020550544       0                      1265
239 10501.96858329884526        68.869645280415099364   1271
240 8088.1091681717171014       0                      1277
241 8112.5439694122405854     157.274874002083493      1282
242 8228.728723931722925       14.522726410416083809   1288
243 8118.9963511557934908     1156.0378743340604615     1293
244 11621.638595534608612       34.724552682188935648   1298
245 8100.910328761981873      616.52433266634579923    1304
246 8138.2747733407659325     328.03653313735622987    1309
247 8129.2199581985723853     281.73006281753907842    1315
248 10043.237191844840709       13.093739364215986498   1320
249 8706.3903530921797937       0                      1326
250 8500.9914771672029019     120.58392753221775706    1331
251 8777.2512634158101719       8.8508706600510684837  1336
252 8276.9767541231612995      36.906815258317436701   1342
253 8082.4425499299977673       0                      1347
254 8111.1244846744330061       0                      1353
255 8085.8224439446530596       0                      1358
256 8118.011583515842176        0                      1364
257 9888.6414515437736554     131.25351789416862403    1369
258 10067.039483762731834       78.862080841585409985   1374
259 8689.3657214542035945      11.505448162285199842   1380
260 8265.3288347124707798      30.262488770704909058   1385
261 8082.652522370506631        0                      1390
262 8083.2624442978940351       0                      1396
263 8089.2155759059778575       0                      1402
264 11303.254825138270462        0.00090463935872719633 1407
265 8084.8014392979994227       0                      1412
266 8083.261114578642264        0                      1417
267 8106.3574828680257269     287.54805581665823411    1423
268 8113.1929350519603759     448.50655363349767413    1428
269 8140.7487980193664043     358.88190921798491217    1434
270 10777.746403893490424       19.017448129490858832   1439
271 8103.196621859266088      838.47966017704561636    1445
272 12287.683642878822866      2844.9069473291601753     1450
273 8092.5711302702093235     708.74104818747355239    1456
274 9963.997573324080804      203.94468146112231466    1462
275 9965.5227186599622655     204.41664221346928798    1467
276 8740.0524029583666561       5.6748940574222297428  1473
277 8268.7756012202880811      31.439951053505630796   1478
278 8082.4348282278515399       0                      1483
279 8082.4206786254635517       0                      1489
280 8082.4593074285385228       0                      1494
281 9687.590783347885008      273.35357740739095789    1500
282 9688.9056258501732373     273.12140500367161167    1505
283 8102.6928626565031664     1802.3319956386965259     1511
284 8102.812932995763731      1799.1677260118829054     1517
285 8744.0493466222687857       5.2297358649215475168  1522
286 8268.3392865105506644      31.291889741901439237   1527
287 8082.4843938589856407       0                      1533
288 8119.8355537566840212       0                      1538
289 11933.154325686708034        0.95854567132289780762 1543
290 8083.3611834511939378       0                      1549
291 8108.5566730831660607       0                      1554
292 8111.5370295779739536       0                      1559
293 8084.0931508041003326       0                      1565
294 8116.134131875717685        1.1080483069214190905  1570
295 8084.3082031408603143     568.49175834826462506    1575
296 10736.88953769188447         0                      1581
297 8110.9166910999883839       0                      1586
298 11177.391196985214265      110.10565159505787847    1592
299 8092.2769404531663895       0                      1597
300 8144.2410438275910565     116.79702627482880928    1602
301 9763.1280396849851968     2143.5859784071185459     1608
302 8714.5836624977018801       1.7093799344310445232  1613
303 8234.8803334504646045      24.391654870762870644   1619
304 8083.9385442757284181       0                      1624
305 8083.3832153068278785       0                      1629
306 8086.0587681225060805       0                      1634
307 8086.867735927040485        0                      1640
308 8090.6169697700333927       0                      1645
309 8086.6211943699026961       0                      1651
310 8086.2062256710405563       0                      1656
311 8084.3360758663466186     511.78242866358164065    1661
312 11202.710179929537844        0                      1667
313 11407.385126799264981      369.59998667634351932    1672
314 8084.502427697801977        0                      1677
315 8086.0845095955955912       0                      1683
316 8087.8512151861114035     635.55684506484794838    1688
317 8086.7729247036750166     442.36621815146480685    1693
318 8083.440935533800257        0                      1699
319 8082.6458888199549619       0                      1704
320 8082.364940374375692        0                      1709
321 8082.6975215491393101       0                      1714
322 10739.3905726580997          5.455723206205411735   1720
323 10882.969867676347349        4.9073120030759005417  1725
324 8105.0661094656725254       0                      1731
325 8086.6711239726364511       0                      1736
326 8540.0887440559035895      58.044577755878698611   1741
327 8203.082377826623997        5.4049646056872431288  1747
328 8082.343310447076874        0                      1752
329 8082.6627964646240798       0                      1757
330 8083.124845252446903        0                      1763
331 8082.9714775470956738       0                      1768
332 10734.815220682930885        0.02318045211166377267 1774
333 11883.666497170355797        0                      1779
334 8582.0714833446327248       0.38950384277961236368 1785
335 8627.1623681709897937     411.89229733028605551    1790
336 8551.738982212404153       53.143239305379175619   1796
337 8208.5545742258000246      17.232707823971168182   1801
338 8082.4356905782142348       0                      1806
339 8089.9759954171458958       0                      1812
340 11324.550369221342407        5.9001204921777130608  1818
341 8083.8270868571271421       0                      1823
342 8089.1942747088014585       0                      1829
343 8082.4294419322368412       0                      1834
344 8083.1904832199470547       0                      1840
345 8089.882829534877601      156.98276131063823868    1845
346 8087.884846024021499      107.00763812078723447    1851
347 11283.644233724298829      207.2971990640030242     1856
348 8093.8336985275072948     719.15859068423674216    1862
349 8083.9147360250462953       0                      1867
350 8086.895828035235354        0                      1872
351 8084.2916820437103524     298.65833369318602308    1879
352 8083.6134038678665092       0                      1884
353 8082.5342940464270214       0                      1890
354 8083.2882827165949493       0                      1895
355 8083.1300148320979133       0                      1900
356 8083.8396387638476881       0                      1906
357 11228.730696475880904        0.00552360358208895709 1911
358 11378.716398246919198        0                      1917
359 8082.9893869496663683       0                      1922
360 8083.4777797727874713       0                      1927
361 8082.5298901115129411       0                      1933
362 8084.2405394045017601     549.50305109822375016    1939
363 8089.6531670437843786     136.72675823847612264    1944
364 8084.9100113582480844     350.89313845585888885    1950
365 8085.0280269833911007     358.30700703204001911    1955
366 8082.4445200476184255     331.12623855095483805    1961
367 8082.6493460212386708       0                      1966
368 8082.5911832245119513       0                      1972
369 8083.2284395385759126       0                      1977
370 11312.653541768606374        1.0078208218120898731  1982
371 8082.290823809399626        0                      1988
372 8082.6108424616350021       0                      1993
373 8089.3425589833714184     189.64543892983652995    1999
374 8089.4055343141362755     187.6796604992759967     2005
375 11183.034071773852702        0                      2011
376 8084.3423782646686959     296.72566705578242363    2016
377 8083.5268964605620567       0                      2022
378 8082.3811883777980256       0                      2027
379 8082.2685620052225204       0                      2033
380 8082.2676916084437835       0                      2038
381 8082.8587824814767373       0                      2043
382 8083.303606827648764        0                      2049
383 8083.2914513394434834       0                      2055
384 10845.563014178835147        0                      2060
385 12028.568600157615947      336.57341462677379695    2066
386 8564.7246917439679237      51.109468954601510404   2072
387 8207.2320276526861562      16.963005813189351301   2077
388 8088.1250920502534427       0                      2083
389 8085.6395059620554093       0                      2088
390 11281.4573338657774          0                      2094
391 8082.2719028846777292       0                      2099
392 8082.717817318995003        0                      2105
393 8082.5703271242118717       0                      2110
394 8082.8673029949350166       0                      2115
395 8083.0822026535252007       0                      2121
396 8088.1245561855703272     122.00477504857610711    2127
397 11326.012146950344686        0.00348830485134359958 2132
398 8089.0434055628984424       0                      2138
399 11186.848043488678741        0                      2144
400 8082.3801518206410037     341.45229463776263401    2149
401 8084.9073535270845241     292.05649811068815325    2154
402 8083.3821061846738303       0                      2160
403 8083.3489766565198806       0                      2165
404 8082.9873233321468433       0                      2170
405 8083.0129175154152108       0                      2176
406 8082.1751259379971088       0                      2182
407 8082.8838811753103073       0                      2187
408 11142.185870747143781        1.9100374958517840618  2193
409 11158.711814870048329        0                      2198
410 8081.9431028910385066       0                      2204
411 8095.5978220061406319     342.57413367482030253    2209
412 8082.0181044878145258       0                      2215
413 8083.8427677349718579     338.04014945695627148    2220
414 11412.460599984082364      605.84088831890949223    2225
415 11591.774680155809619      601.26924170557026628    2231
416 8164.9567586576758913     244.15747751058944459    2236
417 8101.9746626222968189       0.17344940263136682246 2244
418 8085.4503638098885858       0                      2249
419 11294.988776610256537        0                      2255
420 8081.9697302717586354       0                      2260
421 8082.0398551705593491       0                      2266
422 8082.9943254343888839       0                      2271
423 8082.2016037395333115     336.24173701379362456    2276
424 8082.959391862312259        0                      2282
425 8084.1335943128688086       0                      2288
426 8085.3761127060079161       0                      2293
427 11313.060635777019343        6.7202588614140443823  2299
428 8084.3169123044935986       0                      2304
429 11231.156741956610858        0                      2310
430 11333.617219125721022        0                      2316
431 8081.9205588636204993       0                      2321
432 8082.1384926958953656       0                      2327
433 8082.2308940445118424       0                      2332
434 11252.297749786515851        0                      2338
435 8082.2018800822652338       0                      2343
436 8086.2062371590091061     278.06187184042408944    2348
437 8083.0991256764573336       0                      2354
438 8083.1391034504295021       0                      2359
439 8082.6674569253082154       0                      2365
440 11290.147454462388851        0                      2371
441 8081.9507929859073556       0                      2376
442 8081.9288852768067954       0                      2382
443 8083.1097594444963761       0                      2387
444 8081.9443189282110325       0                      2392
445 8082.1598772320794524     335.33705194469672506    2397
446 8082.7969510072161938       0                      2403
447 11316.817716181127253        2.0795930171381877827  2408
448 8086.1799513643609316       0.03803070510698224049 2413
449 8084.2914035796156895     345.41082490518971326    2419
450 11225.495600143585762        0                      2424
451 8083.2070691075978175     332.24671180608851273    2430
452 8082.263679876171409        0                      2435
453 8081.9638565727955211       0                      2440
454 8081.9799275729656074       0                      2446
455 8082.7546523790242645       0                      2451
456 8083.9881381271834471       0                      2456
457 11267.757687548450122        0                      2462
458 8081.9472677659014153       0                      2467
459 8082.2113541749249634       0                      2473
460 8082.9282126005682585       0                      2478
461 8082.6213898264240925     366.47812442178997117    2483
462 11340.136113146483694      195.08137182188474412    2489
463 8087.5947561921266242     128.92598787949279426    2494
464 8082.1134370994759593       0                      2500
465 8083.0553151526610236       0                      2505
466 11234.859334443781336        0                      2511
467 8085.6853095136420961     357.33205789525834462    2516
468 8082.2665457088905896       0                      2522
469 11277.45834289375307         0                      2527
470 8082.032067376674604        0                      2533
471 8081.9864371246094379       0                      2538
472 8081.9281507394325672       0                      2544
473 8082.0212816048324385       0                      2549
474 8082.76919227716553         0                      2555
475 8084.8819726163492305       0                      2560
476 8088.3309882744460992     109.99480033865393125    2566
477 11330.917905000207611       35.362616854449889559   2571
478 8083.5678584514234899       0                      2577
479 8083.5778167475800728       0                      2582
480 8082.1665302198125573     334.51904890832565798    2588
481 8082.7600268371325001       0                      2593
482 8081.9351476921938229       0                      2599
483 8081.9522929201875741       0                      2604
484 8081.9285153120172254       0                      2610
485 8081.9163619098035269       0                      2615
486 8081.9232918639208947       0                      2621
487 8082.9013194281142205       0                      2627
488 11215.409008046512099        0                      2632
489 8082.1628485197270493     333.92999809756719287    2638
490 8081.9172324014280093       0                      2643
491 8082.0264388951418368       0                      2648
492 11308.014269930295995        0                      2655
493 8081.9252025324840361       0                      2660
494 8081.9460172255203361       0                      2666
495 8081.9154192493651863       0                      2671
496 8081.9321046690138246       0                      2677
497 11227.244025480145865        0                      2682
498 8082.0264350059915159       0                      2688
499 8083.5468150811711894     327.40478578568684043    2693
500 8082.2039515571696029       0                      2699
501 11313.135561864777628        0                      2704
502 8081.9624249142125336       0                      2710
503 8081.9640538922949418       0                      2717
504 8081.9400292048276242       0                      2723
505 8081.9691668402110736       0                      2729
506 8083.0398089175905625       0                      2735
507 8082.1762742028286084     329.45840808621375118    2740
508 8082.7922015161948366       0                      2745
509 8083.9843793784175432       0                      2751
510 11295.107017036360048       20.644489517322959671   2756
511 8086.900722407685862      118.94885216166319708    2762
512 8085.9680660330704995       0.08533499473083566711 2767
513 8085.9385412904484838       0.00960563838401780334 2773
514 8082.1723362665943569     332.55979830471932246    2778
515 8082.9211819723841472       0                      2783
516 11294.970688702745974        0                      2789
517 8082.0102929075628708       0                      2795
518 8082.0359035835808754       0                      2800
519 8081.9429209166828514       0                      2806
520 8081.9164530493508209       0                      2811
521 8081.9205634331701731       0                      2817
522 8082.1753600072215704     333.07878752381236609    2823
523 8082.755016134624384        0                      2828
524 11311.871026699023787       24.461098396224819851   2834
525 8088.3182922318183046     111.29895686043430203    2839
526 8083.6604269818617468       0                      2845
527 8082.8086920308214758       0                      2851
528 8082.1810536552102349     330.30202470061624354    2857
529 8081.9155516068603902       0                      2862
530 8082.9205358412409623       0                      2868
531 11301.336705514646383        0.00021140288992853889 2873
532 11295.589834426406014        0                      2878
533 8081.9523531729191745       0                      2884
534 11285.091408299325849        0                      2889
535 8081.9472735014478531       0                      2895
536 8082.1758769633506745     330.58425357066994366    2900
537 8081.9964873423859899       0                      2905
538 8081.9953417875658488       0                      2911
539 8081.9187425570762571       0                      2916
540 8081.9233698682837712       0                      2922
541 8081.9725603090246295       0                      2928
542 8082.931833253579498        0                      2933
543 8082.1675192900283946     332.80885166625824922    2938
544 8085.9261628340291281       0.08771425671960754455 2944
545 11302.608834665728864        6.0615847625396082066  2949
546 11301.305813826278609        0                      2954
547 8088.3217551453035412     110.32796767586899023    2960
548 11285.560835138374387        0                      2965
549 8083.6904421247954815       0                      2972
550 8081.9932133078846164       0                      2977
551 8081.9195003569802793       0                      2983
552 8081.9162586047232253       0                      2988
553 8081.9155207554531444       0                      2993
554 8081.9432299018026242       0                      2999
555 8082.1662878288416323     333.64622800430112193    3004
556 8082.920219934857414        0                      3010
557 8083.0046695328046553     321.87232964244100231    3015
558 11304.680150178286567        0                      3020
559 11299.172426473844098        1.0566851965930446067  3026
560 8081.9774696234235307       0                      3032
561 8082.9241612395207994       0                      3038
562 11304.832420704371543        1.0229963096103189546  3043
563 8081.9162248666279993       0                      3048
564 8081.9168212659114943       0                      3055
565 8082.7539192050271595       0                      3060
566 11299.839297091712069        0                      3066
567 8083.9861339457593203       0                      3071
568 8082.9499654650917364       0                      3077
569 8083.4356849114437864     326.07968148853296952    3082
570 8083.4606648546787255     322.33766268738548888    3088
571 8088.3078040217133093     110.80546265374479731    3093
572 11302.933357804027764        2.0517981718858950835  3099
573 8086.6495674126881568     127.1389043702560997     3104
574 11292.676524009926652        0                      3110
575 8082.0041950862832891       0                      3115
576 11302.510413892990982        0                      3121
577 8081.99177415324084         0                      3127
578 8081.9933946921119059       0                      3132
579 8082.0015851324878895       0                      3137
580 8081.9238411754049594       0                      3143
581 8088.3104717646374411     111.30921465429506156    3148
582 11300.491472153793438       24.325287159989816388   3153
583 8081.9206835495560881       0                      3159
584 11293.033679875701637        0                      3165
585 8081.9191948144507478       0                      3170
586 8081.9448984766613648       0                      3175
587 8081.9171287848039356       0                      3181
588 8081.9452364257558656       0                      3186
589 11297.938788269573706        0                      3191
590 8082.7577255126752789       0                      3197
591 8083.6300074206246791       0                      3202
592 11304.836876185447181        2.0083626296586127857  3208
593 8081.9205344467809482       0                      3214
594 8081.9441490603448983       0                      3219
595 8082.1832332232743283     329.75002886552107384    3225
596 8081.9174005135373591       0                      3230
597 8081.9434730164439316       0                      3236
598 8082.7814043760936329       0                      3241
599 11306.331887240536162        0                      3247
600 8082.0216019743111246       0                      3252
601 8083.5166357618099937       0                      3257
602 8083.9899556892496548       0                      3263
603 11296.67396426331652        24.322664179776392501   3268
604 8081.9195003569848268       0                      3275
605 11293.199261742094677        5.9030562118649880787  3280
606 11298.355666772786208        0                      3286
607 8082.1804506609259988     333.38400756577499351    3291
608 8089.0652219329203945     132.87766760837052971    3297
609 8082.1940438422097941     332.29760009095792839    3302
610 11304.594765484649542       12.538207173519479554   3308
611 8082.4908029422485924     356.24414186123385662    3313
612 8081.9851735521679075       0                      3319
613 11290.426607779587357        0                      3324
614 8081.9151187665493126       0                      3329
615 8081.9186172812878795       0                      3335
616 8081.9167177763920336       0                      3341
617 11281.741618513187859        0                      3346
618 11284.719644615524885        0                      3352
619 8082.1803759739086672     330.85416862205573807    3357
620 8081.9973591352600124       0                      3363
621 8081.9171294087445858       0                      3368
622 8082.9199913934398865       0                      3374
623 11297.844220566270451        0                      3379
624 8081.9884437898590477       0                      3385
625 8082.7990708324095976       0                      3390
626 8082.8115403545352819       0                      3396
627 8082.1636453991786766     333.09223647733989537    3402
628 11305.93004629357165       183.32561632341466407    3407
629 11289.278715146258037        0                      3413
630 11290.749131956607016        0                      3418
631 8081.9162446564741913       0                      3424
632 8082.7534164636772402       0                      3429
633 11299.361589969907072        0                      3434
634 11303.313619158117945        0.00084671472863671264 3440
635 8081.9191705067687508       0                      3445
636 8081.915516104035305        0                      3450
637 8081.9444901388505968       0                      3456
638 8081.9888256743861348       0                      3462
639 8082.9225881520123949       0                      3468
640 8084.8154889932193328     582.19036393221972503    3473
641 8088.3138388602483246     111.14183705929168866    3479
642 8082.5052399604210223     360.31638686560160068    3484
643 8081.9822569468869915       0                      3490
644 11287.727098152436156        0                      3495
645 11291.09638687747065         0                      3500
646 8082.7535575608608269       0                      3506
647 8082.0240816926998377       0                      3511
648 8081.9945348779774577       0                      3517
649 8083.9971784219869733       0                      3523
650 8082.4952145646175268     358.57644185340143395    3528
651 8084.0226160387019263       0                      3534
652 8086.6460843988606939     126.25655311042001472    3539
653 11296.113959627946315       15.31244950719957032    3545
654 11307.855887926218202        0                      3550
655 8084.9807794515982096     419.16795002295623362    3556
656 11286.91380030172877         0                      3561
657 11289.278715146247123        0                      3567
658 8081.9444769443598489       0                      3572
659 8082.9191081758044675       0                      3578
660 8083.6536518996817904       0                      3583
661 11305.977101930584467       40.125181604033983263   3589
662 11298.409548462888779      170.69885928486996818    3594
663 8082.4927237968358895     357.68621299969635174    3600
664 8081.9172030415002155       0                      3605
665 11290.749131956610654        0                      3611
666 8081.9194838771300056       0                      3616
667 11301.717700844777937        0                      3622
668 8082.9482133359324507       0                      3627
669 8084.0165625339195685       0                      3632
670 8093.0804224173798502     332.01969302288949848    3638
671 8084.7988992853297532     587.21429759035265761    3644
672 11301.05313504019432         2.0536411969049344073  3649
673 8081.9997902212689951       0                      3655
674 8081.9193024226551643       0                      3661
675 8081.9428681556437368       0                      3666
676 8089.0847846064734767     133.00865758124990634    3671
677 11286.509253581838493        0                      3677
678 11304.060028716679881        0                      3682
679 8082.1901625482769305     332.58070078198488773    3688
680 8088.3102320428342864     111.63388668983984076    3693
681 11299.910610224242191       15.428321679759051221   3699
682 11304.869582497167357        0                      3704
683 8082.1723429173352997     334.79012136250503318    3710
684 8088.3190959501444013     110.65097358313781228    3715
685 8089.061435030607754      133.4161486882204315     3721
686 8082.1660826803517921     332.25535806025959573    3726
687 11298.381920192145117       40.352006742054982169   3732
688 8082.4929449819328511     358.29446369836659869    3737
689 8081.918787448207695        0                      3743
690 8081.9429966318448351       0                      3748
691 11296.45592928633414         0                      3754
692 8087.877663787831807      156.10374485202083861    3760
693 8082.5199273883299611     357.76290871010462524    3765
694 11306.494283759966493       12.412911693684584691   3771
695 8087.1420746824778689     143.5580898415048523     3776
696 8081.919250560978071        0                      3782
697 11299.39947225715332         0.00026070893380215611 3787
698 8088.3152882093845619     110.81799840984875516    3792
699 8083.9552648610342658     322.94523554635446771    3798
700 8083.980252568438118      552.60855529719447077    3803
701 8086.6729825294605689     126.40845594601120183    3809
702 8093.0970083722131676     331.6087825218342573     3815
703 8082.1901807397480297     332.02701568380086883    3820
704 8083.4587448068286903     324.41778144953150331    3825
705 11304.272030339496268      191.06274120033339159    3831
706 8087.9319946907671692     913.00994723533824526    3837
707 8081.9174166122047609       0                      3842
708 8086.6553775415577547     126.97357304104284026    3848
709 8086.6483658166189343     126.95975836857290631    3853
710 8083.9826427896177847     555.32357534027732981    3858
711 8093.1105887486846768     331.14149101063270564    3864
712 8083.9839121741160852     545.46361783738097984    3869
713 11301.48419434686366         0                      3875
714 11302.539873836230981      201.16106054603702091    3880
715 8081.9193024226451598       0                      3886
716 11288.422052968347998        0                      3891
717 11298.713366875375868        0                      3897
718 8088.3112017078110512     110.63846833698090677    3902
719 8092.9878429511863942     292.37996284775937283    3907
720 8082.4999120126203707     358.8917322724770429     3913
721 8082.9981389120839594     321.30702205297751561    3918
722 8083.9689494969143198     549.51719843769330964    3924
723 8087.4685146142228405     133.34896710398189157    3929
724 11305.136676687789077      304.95832133137872688    3935
725 8081.9164202459942317       0                      3940
726 8081.9929714388799766       0                      3946
727 8082.0238268129987773       0                      3952
728 8082.9225979244638438       0                      3957
729 8083.9926486939375536       0                      3963
730 8085.2010755540059108       0                      3968
731 11304.67982993680198         0                      3973
732 11299.166396936489036        1.0515887656278057882  3979
733 8082.0031794547603567       0                      3984
734 11299.801251580227472        0                      3990
735 8082.4929041814511947     357.97956503492900993    3995
736 8086.6428960883968102     125.89801050905950319    4001
737 8088.3225361445511226     111.64644903179197399    4007
738 8082.1720281186780994     333.95146206974601455    4012
739 11302.971632059659896        2.0982930513255322325  4018
740 8084.0027569790709094       0                      4023
741 11286.50925358184395         0                      4029
742 11304.496332985885601        0                      4034
743 8082.7986017235534746       0                      4040
744 8083.9591498011404838     323.49210067072436914    4045
745 8086.6461067866357553     126.43516629327585576    4051
746 8089.0570496759073649     132.32695756910345608    4056
747 11300.985739775580441      208.9390932928553184     4062
748 11302.905572219018723        1.0895545597421445461  4068
749 8082.4911685311808469     357.42591302990200575    4073
750 8081.9173560131575869       0                      4079
751 8082.1749025742374215     331.13674933076987372    4084
752 8083.5080890614663076       0                      4090
753 11303.275181764820445        0.0001669309157994625  4095
754 8083.9929198818872464       0                      4101
755 8088.3138943076673968     111.46633333930084575    4106
756 11309.098066647824453        0.00006376242914529335 4112
757 11280.940457621472888        0                      4117
758 11285.648796292731276        0                      4123
759 8084.7898622027050806     584.22445140277056908    4129
760 8089.1807516724711604     117.91883851510948489    4134
761 8092.1592595925158093     262.76611555574095291    4140
762 8083.3832874274921778     346.99637349441530887    4145
763 8084.0049111026946775     548.40873844189343345    4151
764 8093.0008619676309536     293.73554022846002454    4156
765 11302.376468088899856        0                      4162
766 11319.331458291528179      319.6748587934440593     4167
767 8083.9756112238474088     547.48827181239278161    4173
768 11326.633783867062448        0                      4178
769 8082.0045335301156229       0                      4184
770 11304.19788935365068         0                      4189
771 8082.8015989741734302       0                      4195
772 8082.9250158699551321       0                      4200
773 8082.7627423200174235       0                      4206
774 8085.1902390475370339       0                      4211
775 11315.291486462132525       15.495146302527734505   4216
776 8082.4924401733615014     358.00110906883207917    4222
777 11302.399843652165146        0                      4227
778 11303.861872618526832      166.11410996865035372    4233
779 8081.9206835495597261       0                      4238
780 8081.9450563938380583       0                      4244
781 8081.987796503825848        0                      4249
782 8082.0303987434499504       0                      4255
783 11304.860247872778928        0                      4260
784 11314.512900964862638        1.0413190313280176191  4266
785 11304.318704039746081        0                      4271
786 8081.9438694486516397       0                      4277
787 8083.6292198761166219       0                      4282
788 8082.757334491147958        0                      4287
789 8082.78521707735581         0                      4293
790 11306.865677783342107        1.0454405184865820377  4298
791 11312.50273060726613         0                      4304
792 8081.9207105081932241       0                      4310
793 11299.118359319883893        0                      4315
794 8082.9234475227231087       0                      4321
795 11311.537876158887229        0                      4326
796 11308.343651756489635       20.309600607201847566   4331
797 8082.166148232764499      331.70201113351868116    4337
798 11297.548619218923704        0                      4342
799 11312.156061124234839        0                      4348
800 8082.1966304242669139     334.2776545310146048     4353
801 8088.3200401864523883     112.13971983828901102    4359
802 8082.1625053116522395     332.53839088270393631    4364
803 11306.369663201618096       24.242440957658391909   4370
804 8082.4910330404227352     357.111414235870825      4376
805 8081.9188346712762723       0                      4381
806 11298.401090355140695        6.2711595885423907504  4387
807 8081.9169433636052418       0                      4392
808 8081.9205344467882242       0                      4398
809 8081.9206495070820893       0                      4403
810 8082.9260677926413337       0                      4409
811 11308.036196789345922        0                      4414
812 11310.435077888107116       12.381490815265484784   4420
813 8082.1720482335795168     335.03912000887601152    4425
814 11297.021872100494875        0                      4431
815 11304.279954996552988        0                      4437
816 11315.20875698490272        15.263447435227416094   4442
817 8081.9441515629632704       0                      4448
818 8082.7552682246505356       0                      4453
819 8082.7544190113067089       0                      4459
820 8082.9484890410913067       0                      4464
821 8083.6293325544347681       0                      4470
822 11308.553505036874412       12.385974678653894898   4475
823 11311.069778900788151      159.82329897342444269    4481
824 11305.047280699393013        0                      4486
825 8092.1337129187822939     262.52300470637214858    4492
826 8082.5212477423774544     358.33844485347782438    4503
827 8082.4954242079738833     358.87015193793848766    4513
828 8083.9783152727914057     550.3822947269644601     4523
829 8086.674432436531788      126.75401608107836182    4529
830 11314.578461649245583      349.19660233405897998    4534
831 11317.129434054655576        0                      4540
832 8086.6818768079083384     126.76779435439671317    4546
833 11301.173015192842286        2.041291305107653109   4552
834 8082.7533523686151966       0                      4558
835 11296.579749990909477        0                      4563
836 8085.9234034404225895       0.09892628586108746791 4569
837 8089.1544967543732128     117.61108264801966072    4574
838 8083.4318791422310824     325.93745783201933364    4580
839 8083.0007325325213969     322.15116088678820461    4586
840 11301.368689936069131        0                      4591
841 11320.035949594581325      172.06470079399610995    4597
842 11316.476722277096997        0                      4603
843 8085.2131379370212017       0                      4608
844 8085.2279375289426753       0                      4614
845 11303.145965724055714      343.94399431139459011    4619
846 8082.4964488598689059     357.08990648472075691    4625
847 8081.9484294637768471       0                      4630
848 8081.948373033169446        0                      4635
849 8082.756246217692933        0                      4641
850 11307.597184180604017        0                      4646
851 11310.698052385538176        2.0338507459802475097  4652
852 11306.152563317675231        0                      4657
853 11312.317982078095156       12.376998577812805991   4663
854 11300.067747551507637        0                      4669
855 8082.9190409795255619       0                      4674
856 8082.8235175980380518       0                      4679
857 8085.1994687622336642       0                      4685
858 11308.638882219569496        0                      4690
859 11310.729128597951785        1.0739558330206051551  4696
860 8081.9171255172268502       0                      4701
861 11296.23510032089689         0                      4707
862 8082.7598466433491922       0                      4712
863 8082.9492652013668703       0                      4718
864 11313.404973223554407       15.50033898403096444    4723
865 11308.171561069504605      148.63382210952272544    4729
866 8082.1660247780446298     330.84516020889492438    4734
867 11300.774767511011305        0                      4740
868 8085.217795833670607        0                      4745
869 11318.61378467852046       309.42899705289090662    4751
870 8083.9839121741306371     545.46361783741599538    4757
871 8081.9307655444699776       0                      4762
872 11298.534664576247451        0                      4768
873 11300.475821440100844        0                      4773
874 11307.537248656739393        0                      4779
875 11310.757112352639524        2.0311311140505523554  4784
876 11294.656075396636879        0                      4789
877 8081.9193173883704731       0                      4795
878 8082.9204963539596065       0                      4800
879 11312.201142082272781        0                      4806
880 11306.325122917012777       24.109967421047002745   4811
881 8081.9480346852324146       0                      4817
882 8083.6555865684158562       0                      4822
883 8082.7558430909612071       0                      4827
884 11306.75483879008425         0                      4833
885 11314.558652463490944      175.59514093841235649    4838
886 11302.270184735605653        0                      4844
887 8082.9236464548612275       0                      4849
888 8089.0597156272988286     131.97335757710820303    4855
889 11310.754990086883481      174.12331837327707262    4860
890 11310.559259170096993        0                      4865
891 8087.6601711206958498     3614.8693904219903743     4871
892 11306.077443723239412        0                      4877
893 8081.991707836941714        0                      4882
894 8082.7983185117745961       0                      4887
895 8081.9904444413541569       0                      4893
896 8083.9859596901687837       0                      4898
897 8083.9929471824361826       0                      4903
898 8081.9230092021571181       0                      4909
899 11295.014457022141869        0                      4915
900 8083.3815481647488923     346.12040531545687827    4920
901 8087.1909581565614644     148.41073406982548022    4926
902 8088.341083783270733      111.4411895012863738     4931
903 8089.7924307611356198     139.7237240818187729     4937
904 8084.1368537411426587     352.05818460722423424    4942
905 11308.368006743974547        0.15872213287441147567 4947
906 11311.124145480513107        0                      4953
907 8084.0071917028499229       0                      4958
908 11294.621820558248146        0                      4964
909 11309.941186804491736        0                      4969
910 11309.541512350238918       15.392264333186734149   4975
911 8082.780377877965293        0                      4980
912 8083.0379259316405296     323.86330178541658142    4986
913 8089.0625657510354358     133.77211885518124745    4991
914 11300.975962923625048      199.37957580458078155    4996
915 11318.328883523938202        2.0771761539950133191  5002
916 11294.249509986415433        0                      5007
917 11303.436845830961829        0.00060167161343254946 5013
918 11314.765905702801319        0                      5018
919 8083.432901804481844      324.36642933763369001    5023
920 8083.4324980859419156     327.51268258404553535    5029
921 8083.4409291357014808     328.1717507744407385     5035
922 8085.1908267250810241       0                      5040
923 8083.9857632417515561     543.25239150426693868    5045
924 8092.1512702718127912     262.10719467472387123    5051
925 11304.589624237676617        0.17164793306719045018 5056
926 11314.908170122133015        0                      5061
927 8092.137540482980512      262.36211275582695635    5067
928 8081.989290927809634        0                      5073
929 11309.076872115718288        0.00063358762482639214 5078
930 11309.119824564240844        0                      5083
931 8081.9907422604719613       0                      5089
932 8082.8014668024416096       0                      5095
933 8085.1935468103811218       0                      5100
934 8087.8737190917099724     155.88995380436290361    5106
935 8092.9996688861619987     292.92239436098191163    5111
936 8085.0486223858642916     611.77098151225675338    5117
937 8083.9862745670443474     546.13527803832039353    5122
938 8082.7977000734545072       0                      5128
939 11317.107393545726154        0                      5133
940 8082.8012256287383934       0                      5139
941 8082.8116347424847845       0                      5144
942 8082.7995499096377898       0                      5149
943 8084.0009842928275248       0                      5155
944 8083.9888614348865303       0                      5160
945 8084.8643512088483476       0                      5166
946 8084.8483842145205926       0                      5171
947 11301.193936441144615        1.9927491393717926549  5176
948 8084.2080866039696048       0                      5182
949 8082.9239229939739744       0                      5188
950 8081.9443276142001196       0                      5193
951 8081.946999268109721        0                      5199
952 8082.9236086802193313       0                      5204
953 11303.398481361051381        0.00006985047893366243 5210
954 11314.803574971780108        0.00005794917715266176 5215
955 11331.955637339779059        0.00004216224518598842 5221
956 11289.259074357569261        0                      5227
957 11292.753263803617301        0                      5232
958 11330.009708883429994        0.00006645520612809124 5237
959 11333.902807651629701        0.00002324919364996679 5243
960 8082.7958251769123308       0                      5248
961 8082.8030234908374041       0                      5253
962 8089.6145474703307627     976.72734227244393423    5259
963 11339.75176789969737         0                      5264
964 11290.832976967900322        0                      5271
965 8081.9164449962099752       0                      5276
966 11333.655508486564941        0                      5282
967 11334.718265882507694       40.035289986484571045   5287
968 8081.9929714388772481       0                      5293
969 11331.918071186581074        0                      5298
970 11335.889340256322612        0.00037267536906096738 5304
971 8083.47901001538321         0                      5309
972 8084.0183672156708781       0                      5314
973 8082.4908449041131462     356.5367529293617963     5320
974 8081.9288822089411042       0                      5325
975 11330.9553455897003          0                      5331
976 8081.9912796822918608       0                      5337
977 8083.4293924653384238     324.22486257185516934    5342
978 8085.1967691812751582       0                      5347
979 8082.4958025967598587     358.55485589050960016    5353
980 8087.1905166051637934     148.78529828570842142    5358
981 11337.124090370718477       12.354466343725707844   5363
982 8083.9994057604053523       0                      5369
983 11329.844229263413581        0                      5374
984 8082.807737177801755        0                      5380
985 8092.1412482571267901     263.29295427996277112    5385
986 8083.9870840959092675     553.2839825856524385     5391
987 11331.720393766674533        1.0317428994564914468  5397
988 11337.329222184029277      216.47438914374779984    5402
989 11327.507937134938402        6.0256433896225658486  5408
990 11337.719196970152552        0.00038784499889725867 5414
991 8082.5000498271510878     359.74007184602783127    5419
992 8083.9727637076211977     552.41655442873661741    5424
993 8092.123565482851518      262.01021808770087773    5430
994 11331.107736716170621      195.87228956925355305    5435
995 11338.125042359759391        0                      5441
996 11333.227862070099945        0                      5446
997 8082.9206324697279342       0                      5452
998 8081.995671463853796        0                      5457
999 8082.8022053214581319       0                      5462
1000 8085.1918292676764395       0                      5468
