1 8948.530261578522186      11882.348858710607601      4
2 9003.7669100815764978     7942.148520906936028      8
3 9081.0924663270561723     12569.033789348381106      12
4 9074.141016409801523      12497.934111133259648      17
5 8991.5558698639106296     12059.424348371525411      21
6 8924.0315925950017117     4221.4657676254191756     25
7 8963.6920878154633101     9031.313831557510639      29
8 8941.3406108680683246     5425.7720580888035329     34
9 8929.6120702215048368     4339.0434920765146671     38
10 8923.2198480214410665     1105.4766997608053316     42
11 9006.2178709991276264     11775.816637075266044      47
12 8767.2701829231045849     1713.8308380649714309     51
13 9018.1125660317047732     6740.3548729301128333     55
14 8825.8030086281141848     5945.2510765285924208     60
15 8566.461679706841096      2625.3990081635110982     64
16 9041.6538783430987678     2303.0035332529037078     69
17 9044.3736020186970563     3092.2455178051509392     73
18 8947.8373166982128168     12000.056669124947803      78
19 9556.3897129785436846     19329.330282000188163      82
20 8908.2938710637354234     11199.897947579189349      87
21 8969.737689084464364      2496.3167827759325519     91
22 8912.8808030663130921     453.00220305386523023    96
23 8904.4740758054686012     529.06528918856520249    100
24 8628.4471648428861954     11942.593537109918543      105
25 8809.9354001246047119     1691.0122517077754765     109
26 8768.7739584987430135     401.89123403109095989    114
27 8884.1389725956105394     1696.7324633322452883     118
28 9234.1677939901928767     1248.5715285999235675     123
29 8947.4195495721087354     506.96330345593293032    127
30 8823.2896303136913048     436.43446521255339121    132
31 9319.038539461853361      10200.057689637731528      136
32 8729.4247830897165841     740.4787877929024944     141
33 8817.8344503462358261     348.03313484281346746    146
34 8712.3722305888695701     437.28703800398739077    150
35 8704.7433220963321219     643.49840763767201679    155
36 8617.9150245833970985      26.167846987760221111   159
37 8485.6930885559413582     2153.3383883670499017     164
38 8828.9645985539045796     894.47020072091663678    168
39 8714.4080891612975392     632.50113211873599539    173
40 8710.1933141266417806     463.06338125480351664    177
41 8421.4251166864105471     2399.8711197374495896     182
42 8457.4925135741341364     5786.5023834078110667     187
43 8531.9827788118345779     1506.8749484677050532     191
44 8644.0537046879853733     1304.4935042305737625     196
45 8667.9436325821934588     158.93135446113439002    200
46 8646.5944538518924674     107.90755520851566018    205
47 8612.8569470538641326     529.35499303436631635    209
48 8663.1572197535115265     4183.4313646823675299     214
49 8753.8527045461451053     144.77007230160901941    218
50 8660.3637156628938101     831.9212390461477753     223
51 8585.3488635263311153     500.03151728406044185    228
52 8825.953259150377562        1.7556221711419792708  232
53 8789.2013708061876969     278.16260072140983084    237
54 8691.7442231282402645     1050.6228728663083984     241
55 8715.8061121550817916       0                      246
56 9805.0356784473224252     6890.2260106336379977     251
57 8503.2630862825571967     1664.2389746875282981     255
58 8744.3621472696777346     631.04205334583866716    260
59 8757.0585483823706454     210.62193400219425143    264
60 8608.2247269877498184     1058.7087370004151126     269
61 8717.9081891922396608       3.9792589073801036825  273
62 8468.6557523924420821      54.046641111195505403   278
63 8641.3928813719612663     3139.4456094116826534     282
64 8662.4709425812943664     1356.6071922189171346     287
65 8703.914282849547817       80.639502517128988757   291
66 8720.6817231803579489     275.60040912193625218    296
67 8728.7372306406068674     459.83166210084607428    300
68 8717.3324093879436987     507.28533907833372041    305
69 8853.5525457759304118     664.97024114446014664    309
70 9060.2100159495930711     366.17107445903388907    314
71 8852.3587553975194169     7206.7184201480422416     318
72 8913.9414602695414942     450.57175142608673468    323
73 8830.7650493177025055     349.93865620426578289    328
74 8786.3048517725364945     103.81128338966473734    333
75 8611.2035417415590928     902.21256817428889008    337
76 8633.0774064830275165      84.945945928350099052   342
77 8688.8957723556923156     105.24281368163951811    346
78 8694.8673790503726195      19.286614860010690364   351
79 8579.9985036442958517     692.76174021639189959    355
80 8694.4520285574108129      80.804998441642439388   360
81 8696.037462767726538      496.405383193489115      365
82 8717.5848567279681447     106.8515748708965134     369
83 8482.4363482632106752     2517.6795107521747923     374
84 8713.5419891332840052       1.3930625084777172873  378
85 8712.9293409955243987       1.5387676692316314409  383
86 8514.2161146797425317      36.822652565191120289   388
87 8530.5757650574196305      15.7173029375296327     392
88 8997.5581121724662808     211.99141577456407504    397
89 8599.9573433784371446       2.961780897668357948   401
90 8541.4829310568202345      27.790074701025453408   406
91 8712.1526143292285269       2.167474527832963016   410
92 8687.9110217161723995       3.7605915194175638661  415
93 8712.3706553386618907       1.6981148697774841594  419
94 8524.4403481806402851      41.852466623810165913   424
95 8729.6732900873103063      12.16671165102139085    428
96 8618.8968903408167535       7.9041426867881261487  432
97 8716.1403768445416063     532.93907931878902673    437
98 8721.3436533047424746     350.40851649590439365    441
99 9005.2196406471357477     1205.8434177489657486     446
100 8721.8963626062832191       0.97397761499397716989 451
101 8743.4943219913329813       0.28219480135868324489 455
102 8467.6542881514542387      82.046423082548415096   460
103 8398.4849906463714433      82.532924147189746122   465
104 8989.5672122189007496     214.96987117756196994    469
105 8603.3057404774845054       3.1062477277756315175  474
106 8660.0915802166236972     885.51521523271355818    478
107 8713.7581964167875412       1.347529184554393078   483
108 8736.7844448299965734       0                      487
109 8707.3880110067366331      17.956626983590631141   492
110 8705.9863978621906426     165.85771601079238735    496
111 8721.9032997893773427     658.90768964080257319    501
112 8824.154347677656915      378.81586919172622174    505
113 8650.2500888173071871     935.39016258896936051    510
114 8859.3158428607421229     1084.1255694160490748     514
115 9115.3478556129230128      89.245333008425944854   519
116 8713.3135407661302452       0                      524
117 8741.0519733149576496       1.0140370261813300701  528
118 8705.8674397890317778       0                      532
119 8683.8139999036047811       0                      537
120 8569.121273404589374        0                      541
121 8306.2575423341168062      42.211137902495636354   546
122 8666.0896186269565078     181.3370719730010876     551
123 8431.044574505998753        6.6309050706646681661  556
124 8689.2503879936193698      14.860850737586186909   560
125 8588.6478119846924528       5.6089213910820854281  564
126 9173.2244576810662693     121.83437681822437071    569
127 8506.6473166052346642      12.860226580068513158   573
128 8424.2151010502238933      25.412367200732241201   578
129 8440.7265878949237958     5242.9636731602922737     583
130 8745.6613009672983026       0                      587
131 8379.4775030392411281      16.167652909476455392   592
132 8565.8694877851812635      29.479844815862993102   596
133 8490.6579757138188143      19.329784229698091735   601
134 8573.6715659135152237     749.64718996549231633    605
135 8564.6781267135902453       4.4498099231515801932  610
136 8758.4575305140206183     190.51815718138630018    615
137 8628.1521268756132486     284.07618317725575707    619
138 8476.49937846820103        87.056975957560979396   624
139 8477.0897647795627563     1188.59029286478426       629
140 8331.2422568634319759      94.308291426240231203   634
141 9138.1029732394345046     136.8946903917850193     639
142 8541.5009548989364703       7.492256651296740344   644
143 8582.0202929169554409       0                      648
144 8665.06751647553574         0                      653
145 8524.4888996186218719       1.2579995206850795864  658
146 8460.3028371545879054      57.512869314601289261   662
147 8565.6925437943355064     206.01253722778187694    667
148 8563.7500879913714016      45.040107426286674297   672
149 8566.6246809294134437      26.158637079770631573   677
150 8528.4945366188840126     112.65554568209293507    682
151 8491.6642660963625531      76.577549361683566076   686
152 8870.3921379966832319       0                      691
153 8628.0253465238347417       0.84373844984601176211 696
154 8585.4306461985506758     112.47378518223973742    702
155 8586.7625590600000578     112.21836073988225735    706
156 8535.7968425345770811      20.85474919278010475    711
157 9095.1310173443998792     158.24242158084246057    716
158 8533.4114579780798522       5.3920277542000825122  722
159 8562.2677145430880046       0.01621603620130817464 726
160 8546.3011200871078472       1.7404290853559702956  731
161 8520.9611775797511655      29.794038702874608759   737
162 8596.3075124563183635      66.206438013400926934   742
163 8596.1021892826465773       5.5912976333574633259  747
164 9078.3423247367718432     111.87894399710179982    752
165 8528.9600851423037966       5.5011840542849217428  757
166 8566.4095579227705457       0                      762
167 8561.593209578502865        0.98892453362109855597 767
168 8597.6892782298964448       0                      772
169 8256.2921539810304239       0.08717998657113547323 777
170 8255.9839120246979292       0.30349313781945341795 783
171 8479.5969287613334018       6.0895563576724809352  788
172 8478.7343788790567487       6.1853330160158614959  792
173 8479.539053326650901      205.76264968130990951    797
174 8677.2418696942622773       0                      802
175 9129.3752433843856124     171.01784835405854324    807
176 8388.0566286218054302      22.023693412373749112   812
177 8567.2057803678926575       0.1975318911991510995  817
178 8656.8454083013857598       0                      822
179 8562.3527009882309358      87.390801574116409256   827
180 8558.7873823395893851       7.2393705572998197084  832
181 8562.7197340604725468       4.9734064022979502795  837
182 8499.5295061231263389      15.559245770833976863   842
183 8645.3941345832918159       0                      847
184 8653.5596830411141127       0                      852
185 8519.9712944968086958       1.332335263285537863   857
186 8569.2311388246707793       2.111866210510715991   861
187 8488.4259778144423763       2.1124800025830436923  867
188 8593.8330140564285102       0                      872
189 8585.2453736419229244       1.6346779235735870994  877
190 8594.3698124664588249       0.92437591823793563428 882
191 8404.8882993034549145      32.839656676355211573   887
192 8405.5703550713096774      32.721803920305667646   892
193 9084.7408329221252643     177.79444686939325493    897
194 8409.5436307248783123      14.405089795964649113   902
195 8536.8878516557379044       0.38858770561398403576 907
196 8610.3524694164534594       0                      912
197 8523.7418697981338482       3.2032092935544720369  917
198 8566.9248182619776344       0.04027938169748476044 922
199 8566.625231947606153      877.34350943518529675    927
200 8562.1035403418900387      12.271960002371891107   932
201 8523.5099345062499197       1.0256055123705585252  937
202 8504.8992791654764005       1.4779405799688281054  942
203 8525.0513648809683218       1.7789267433500763893  947
204 8633.3587907113287656       0                      952
205 8664.5699321766733192      82.296115058599809799   957
206 8556.9035099535976769       0.93648040788208408713 962
207 8549.347992514480211        0.18353144751128533385 967
208 8519.9016671047666023      48.725932468019266253   973
209 8520.0476541999796609      48.223906380549415474   977
210 8735.9369746691154432     726.90129745943670514    983
211 8576.3230882278003264       1.3751985693794253063  987
212 8581.8642805449308071       0                      992
213 8576.7716544353916106       0                      997
214 8545.8820915845535637      11.480151578175126659   1002
215 8561.433488725540883       14.047597761464096777   1007
216 8581.0301797922948026       0                      1012
217 8562.1912413153113448       0                      1017
218 8572.1480113039360731     470.89599789299671784    1022
219 8562.6734827212894743      31.680419262120981472   1028
220 8586.2603202294649236       8.7832483881712200002  1033
221 8585.7729483920575149       0                      1038
222 8650.5116356603157328     1113.6792088999145562     1043
223 8557.1348033875692636       3.1802675854618684959  1048
224 8549.8166592813304305       1.5980966781808663146  1053
225 8578.6617625708386186       0                      1057
226 8545.2836100381882716       0                      1062
227 8496.612796962761422        0.51094699132149168364 1067
228 8527.0887708115587884       0                      1073
229 8428.4151508962277148     518.73527510717224231    1078
230 8517.1597313979382307       0                      1083
231 8532.6989501703337737     372.35494994435185845    1088
232 8675.9230871524723625       0                      1094
233 8676.111095162366837        0                      1099
234 8509.1158573096799955       0.84820112071273456866 1103
235 8530.7040639669394295     1629.3911303382651568     1109
236 8560.1718605034839129       2.4159164384062146169  1113
237 8510.217127581456225        1.3215492894308904503  1118
238 8607.6048941977023787       0                      1123
239 8482.2020578904484864       0.66562946326322902646 1128
240 8425.7493735714142531      69.917158118244174148   1133
241 8511.3299545462214155      28.824214909385300842   1138
242 8514.184192913780862      176.51642648260911983    1143
243 8581.8825639302649506     342.82294121188539293    1148
244 8564.7951819416648505     657.88222659842654139    1153
245 8677.1652918790587137     672.93467290625085298    1158
246 8531.6828725853793003     795.77382012662553734    1163
247 8501.9282526781098568      27.340825230718206029   1169
248 8510.3557778207959927     431.8895861610288307     1174
249 8578.8009289319452364       0                      1179
250 8608.1276664726174204       0                      1184
251 8595.5715939346537198       0                      1189
252 8554.507696100314206      1261.1113199678220553     1194
253 8579.668357214271964        0.44842115295370044148 1199
254 8528.1913822025435366       0                      1204
255 8483.0279652114386408       0.58159429790667827032 1209
256 8526.428164257958997        0                      1214
257 8570.1613195034860837       0                      1219
258 8514.4606355261512363     148.69027350316744673    1224
259 8516.9326521747334482       0.7928544572972169302  1228
260 8528.8039789877675503     540.1614708218502301     1233
261 8516.9276209989620838      81.726007628836796925   1238
262 8536.8693433288499364     535.09883928201418257    1243
263 8606.5254095634936675     188.21004441117955253    1248
264 8510.8829845673462842     6054.5060569963497983     1253
265 8542.0637812622808269       0                      1259
266 8542.9223310954330373       0                      1264
267 8506.1006980895363085     126.61216780840612728    1269
268 8637.8121743791925837     666.07349018513400551    1274
269 8521.1009184425456624       0.0181651588515175863  1279
270 8500.7360580953172757       0.11939216632199937951 1284
271 8520.1200042379005026       0                      1288
272 8539.6532467730066855       0                      1293
273 8516.4884871824833681       0.06287675985196387873 1298
274 8515.9748718721839396     108.89143078468183035    1303
275 8519.067142119154596        8.7794769635229563676  1308
276 8527.5264974557121604     1394.5910727581515403     1313
277 8520.2272577648800507     1285.0899862263704563     1318
278 8565.6952139721270214      98.389284756400527954   1323
279 8567.5012618402033695     754.10947452873165275    1328
280 8517.5824508334844722      92.281003482754840661   1334
281 8510.3894155265661539       0.58409946603401530218 1339
282 8542.4495136262685264       0.00870088220208335011 1344
283 8497.0625712094060873     383.72121297081071134    1349
284 8517.8679821588029881      17.025523983805925354   1355
285 8518.8983959688957839      16.892151117155886908   1360
286 8568.3594177392897109       0                      1365
287 8632.7010724316951382     664.81594699885476984    1370
288 8520.6262717608515231       0.00787240602294477822 1374
289 8544.5420351259945164       2.6207615672025870168  1379
290 8560.3690844845004904       0.20602367912928326588 1385
291 8569.1904194421858847       0.06714643555094522431 1390
292 8584.3897050478735764       0                      1395
293 8587.6357564710106089       0.10689391563133401886 1400
294 8534.1000544910129975     1236.4045972789801908     1405
295 8571.5962498678854899       0.37242560285925846442 1410
296 8502.1468478107526607       0.44253375034980624303 1414
297 8459.8629373251678771       2.3391012512496742737  1419
298 8493.5689006523134594      85.819846102042106395   1424
299 8500.8210032812930876      76.583634355639432556   1429
300 8514.7127020156767685       0.34243953628458662086 1434
301 8517.681980514420502      1647.8910316403248544     1439
302 8520.425493459795689        0.46662618686449891525 1444
303 8501.7755532017436053       3.9467257291259749685  1449
304 8512.6612899742067384       9.9674510877634983075  1454
305 8541.0136336187024426       0.02254637144312986521 1459
306 8597.1478019828664401     1722.7136834382317829     1464
307 8503.3939195821640169     196.17727005909162585    1470
308 8521.1324397103126103       0.00128618865674679406 1475
309 8482.1670828915121092       7.0009626957848327677  1480
310 8480.5948326598590938       1.5307222885205706842  1484
311 8524.5595627050606709       0                      1490
312 8487.9327475803384004       0.53660551056026895012 1495
313 8515.4773160295790149       0                      1500
314 8538.3755666961114912       1.2743329171471942107  1505
315 8535.2059866849194805       0                      1509
316 8521.1468929167749593       0.90695433552895199369 1515
317 8526.5093575395712833       0                      1520
318 8525.2289443092849979       0                      1525
319 8525.5633647352005937     1255.3229724467923916     1530
320 8568.0456683272623195       0.46357401657745411772 1535
321 8534.3389167128989357       0                      1540
322 8522.8990939726336364       0                      1545
323 8561.9098038673964766       0                      1550
324 8572.3801584653701866       0                      1555
325 8519.5106523246249708       0.27224169672155995592 1560
326 8511.0223893064176082       0.28149366662004532413 1565
327 8503.4525325598297059      85.106903837133287993   1570
328 8514.1363737480751297     1281.4051980522963277     1575
329 8528.1164349493737973      13.811041270600791009   1580
330 8533.0990156752595794       1.9044440507736235535  1585
331 8510.885016285454185       89.236292542515130322   1590
332 8461.4457002349608956      10.710038228625869294   1595
333 8459.1083242712156789       3.4913197872062737837  1600
334 8501.5700842187707167       0.29930650564896094101 1605
335 8500.3696885932367877       0.54618679873588948936 1610
336 8626.4653349796135444     665.93523277111160041    1615
337 8515.5909095366459951       0.0317595983258852077  1620
338 8496.4300717951118713       0                      1625
339 8481.3772327304995997       0.07317585772853003878 1629
340 8569.3717772639629402       0.05385216913303485231 1635
341 8515.4390960518594511       0                      1640
342 8574.9342429046337202       0                      1645
343 8511.7597734695682448     1739.5538089595063411     1650
344 8558.4403135781703895       0.62106183167366946218 1655
345 8501.6000772007409978       0                      1660
346 8500.785542350689866        0.09070724034093810562 1665
347 8492.04855500899248         0.00496247196724439784 1670
348 8478.0457981615272729      87.586073983393262665   1675
349 8475.4287978846841725     1493.9915853999330011     1679
350 8493.1045489372299926       0.6890605564731684396  1684
351 8494.8165699567962292       1.2260750206494492875  1689
352 8495.1061162864552898       0.07830192882431424861 1694
353 8549.6757284790146514       0.00012776553934847426 1699
354 8495.4398432490743289      31.870755597470584064   1704
355 8504.0972147335742193       0.06373430730882001516 1710
356 8651.8760481282533874     444.30072926536757905    1715
357 8552.4748933963546733       0.01794588852732952738 1720
358 8534.0430316506535746       1.2170793000195441191  1725
359 8535.105565389712865        1.1695536109005497671  1730
360 8514.7039101758455217     1720.5431509560739869     1735
361 8555.8900451190202148       0.68447246546375084542 1740
362 8495.1954921323940653       0                      1745
363 8527.6489376935751352       0                      1750
364 8606.2369898020933761     448.23881920673215973    1755
365 8546.8284816487248463       0                      1761
366 8564.4612508813715976       0                      1766
367 8520.8994875759126444     1664.3574397857105396     1771
368 8566.6087422592954681       0.21413875905885371154 1776
369 8475.1580923218079988       0                      1780
370 8418.0913007403905794       1.3880651154529317637  1785
371 8573.7294319642223854       0                      1791
372 8537.2173513066427404       0                      1796
373 8541.7435294629758573       0                      1801
374 8526.8342246837528364     1638.8532932466273451     1806
375 8567.821021880608896        0.14970133097310106551 1811
376 8496.1136616183121077       0                      1815
377 8470.9640906238855678      71.65106778235723084    1820
378 8472.6829933685221476       0.14914853845485478989 1825
379 8475.1653986437049753     110.81844744210025056    1830
380 8475.2463967000840057       0                      1835
381 8528.2062736280058743       0                      1840
382 8561.1047267989379179       0                      1845
383 8476.3348146292391903       0.67568195037899370092 1850
384 8517.0479070317815058      28.57900895028447863    1855
385 8586.0947843755348003       0                      1860
386 8476.487701998466946      1070.4631893917910475     1865
387 8482.1031622047739802       0.20820914182757960242 1871
388 8550.0053056912456668       0.05305885370071633522 1876
389 8550.3971177052208077       0.0310444601467448518  1881
390 8553.5808884003927233     1582.1174647908424049     1886
391 8487.5529570683556813       0.37846758090033971733 1891
392 8471.1463540128424938       0.01557027007150612284 1896
393 8472.7245001493629388       0.00000339036803105564 1901
394 8465.5690858972902788       0.00108505443572927255 1905
395 8491.173419463346363        0                      1911
396 8505.9734204414016858       0                      1916
397 8548.8750835398477648     1585.7245391747424037     1921
398 8487.8900835087897576       0.32930650328124627668 1926
399 8426.3317146639474231       1.05851856916740239    1931
400 8460.5124487025022972       2.7735109431623978793  1936
401 8470.7053365520150692       0.09332610840812528841 1940
402 8470.8637999930597289       1.7413873322535278199  1945
403 8474.1603735376193072       0.50253010173328760413 1950
404 8509.5245020525890141       0                      1955
405 8524.8171863326515449       0                      1960
406 8472.752126339068127       90.767411039016735685   1965
407 8468.4607558684547257       2.5086920878932406076  1970
408 8493.9680213074007042       0.18637082150748079945 1975
409 8449.7159283588462131     1585.3674774121536757     1980
410 8443.5585435053471883       4.7220288817347118027  1986
411 8465.560006793222783      1378.6170911545218587     1991
412 8541.7064978352973412     1575.2200531016769673     1996
413 8485.3786098745167692       0.34170542855802898963 2001
414 8493.0198749039973336       0                      2006
415 8477.5392026028093824       0                      2011
416 8454.5102571028546663       0.15140144028677429699 2016
417 8467.2678011047810287       3.0600619801954320742  2021
418 8477.4204837426514132     1259.6488933680168429     2026
419 8471.4118366199618322       0.09670392830938046025 2031
420 8475.6100892843624024       0                      2036
421 8477.4177033780015336       2.1722071718005286911  2040
422 8473.7109939932615816       2.3233885196689296748  2045
423 8478.4227385117501399       0.0158398226409139295  2050
424 8482.8568193504779629     115.76427181355126095    2055
425 8471.2686150397457823     214.71384356529145521    2061
426 8491.6202165831382445       2.5725577051285744012  2066
427 8516.3514748025954759     1509.6724009073943762     2071
428 8500.5368469011264096       0.04630867324649264039 2076
429 8472.5285039776772464       0                      2081
430 8471.9445892522235226       0                      2086
431 8470.2294972208983381       0                      2091
432 8465.4137743243736622       0                      2096
433 8474.5796288794772408       0                      2100
434 8435.7626118581047194       0.15028232078908776437 2105
435 8472.1310220814593777       1.7447033798234616864  2111
436 8471.7813045447601326       1.8162958405038907017  2116
437 8570.2767595745208382     676.76734404334081319    2121
438 8481.525387086920091      1561.1659423808616793     2126
439 8436.2526360926894995       2.5932411653636173732  2130
440 8459.5434389877136709      89.288668288584162269   2135
441 8467.0596397775789228       0                      2140
442 8376.5046033337475819       3.7105489197567340653  2145
443 8361.5410503061011696      71.765942775586182734   2150
444 8466.0136195444938494       2.1453734616460340412  2155
445 8465.9311392613799399       0.50829541816377499241 2160
446 8470.9604994163237279      38.332210480774286054   2165
447 8482.0573530159344955     105.75558966889238377    2170
448 8392.3543262965213216      54.497616682811518274   2175
449 8573.1877116113137163     879.69113221980251183    2180
450 8458.1891826325336297       9.4812348719843662082  2185
451 8453.924595444532315        0.01127193339727911373 2189
452 8381.9660009342460398     129.44983924662767549    2195
453 8447.733444462181069        0.42703082041741741159 2200
454 8449.0158067722059059       0.11908145807820828821 2205
455 8586.8694833047738939     853.4409357746196747     2209
456 8435.3285625641256047       3.5124948948426086837  2214
457 8448.2406855803383223       0.24157844936567096639 2219
458 8460.2629099374280486     914.3268887180161073     2224
459 8473.7029188535689173       0                      2229
460 8453.0127551799341745       0.49791059717951535735 2234
461 8460.4200167134604271       0.70974249906586461822 2239
462 8475.9891752863622969     113.89565184038943357    2244
463 8516.6337950942070165       0                      2249
464 8470.8086867164802243       1.9362767343622682148  2254
465 8479.9420910982644273      86.440621231258830903   2258
466 8500.4594828740682715       0                      2263
467 8464.5580394971220812      39.781103352294643116   2269
468 8450.8422070991509827      15.61039189498336377    2274
469 8489.3734254786431848       2.4232667718861300443  2279
470 8490.3993343200636446       2.3569646254860092682  2284
471 8552.7137121762607421     809.45584434429451903    2289
472 8426.4279649599775439       3.9632284058084601419  2294
473 8464.7187034239086643       0                      2299
474 8462.6656781659658009       0                      2304
475 8456.7962875639714184       0                      2309
476 8468.6531847269743594       0                      2314
477 8371.4079822082658211      72.444853858412002978   2319
478 8469.9579144853523758       5.9356473711589696762  2324
479 8469.2441742289738613       3.1572772683290644125  2329
480 8562.8750895984503586     865.64356902396798432    2334
481 8438.8738378621637821       2.869574484859410024   2339
482 8452.7108199593130848       0                      2344
483 8440.6794015169471095       0.06015444502919504999 2349
484 8476.0559580977933365       0                      2355
485 8566.6946878950438986       0                      2360
486 8568.497627352580821        3.470583912539988436   2365
487 8563.7698103704824462     843.08811963030802872    2370
488 8438.6632732639518508       2.7793426246022021608  2375
489 8456.53951666138164         0                      2380
490 8460.919182927460497        0                      2385
491 8362.0831223162294918      67.85716195888382174    2390
492 8464.7503974255814683       0.07206299948284551615 2395
493 8560.7938567588171281       0                      2400
494 8359.9708078304283845       5.3100347161065331036  2405
495 8454.3089206297117926      36.221809181052513793   2409
496 8451.5677634048224718       0.78774810527541794247 2414
497 8367.4077745711256284     1469.3058799250236461     2419
498 8482.4530187217060302       0                      2424
499 8556.1084267588175862     728.72008717935432287    2429
500 8376.2851330917983432      45.284658637034191031   2435
501 8376.2845293156424304       7.4466078167682461242  2440
502 8489.7747681877408468      44.404451336783360205   2445
503 8520.8197376159005216     111.60352849320683788    2450
504 8606.0964602974745503     1537.7682450078909824     2454
505 8423.8545507600483688       2.626577818700644773   2460
506 8446.7590584939789551       3.0402842758779282661  2464
507 8428.2241437564844091      33.021044081610192222   2470
508 8440.9277126920042065     870.32774544925791815    2475
509 8448.1673611515743687       0.05991082000311810651 2479
510 8450.9684708997356211       0                      2484
511 8445.865885207131214        0.01051033858359397971 2489
512 8485.3056904242494056       3.7287804211815638311  2495
513 8482.2937065351707133       3.980652427944241456   2500
514 8492.0323097440632409       0                      2505
515 8497.5696829333573987       0                      2510
516 8602.3340491698181722     1536.5845313702723161     2515
517 8433.752720266185861        4.0514135631496737133  2520
518 8458.1450396473628643       0                      2525
519 8442.8032031480215664       0.02726854896766442785 2530
520 8460.1472170216584345       0                      2535
521 8404.9933034813275299       0.7235166857790668038  2540
522 8443.7327780949490261      88.077388509999721578   2545
523 8447.4008596520452556       0.51184310286720591243 2549
524 8454.4861216893241362       0.60938859641077003371 2554
525 8462.3670248736034409       1.3040495292035716446  2559
526 8485.927072641772611       50.132369634650288504   2564
527 8447.040238980544018       72.030808636802618139   2570
528 8426.6836424229804834       3.879223860183713235   2575
529 8428.2051819217704178      70.077514657255974839   2580
530 8439.3144085057429038       2.9542501335795807726  2585
531 8434.5532699669038266       3.3603869362487186478  2590
532 8598.4529467590618879     1535.5977428948945089     2595
533 8422.1269400624914852       2.6324975858581716182  2600
534 8454.0489277918895823       0                      2605
535 8448.6628218604964786       0                      2610
536 8441.8385079313302413       0.03466478002667271879 2615
537 8425.5658687876748445       0.2145348724893963166  2620
538 8457.9798465593958099       0.72151687870115299717 2625
539 8594.6647675785825413     1547.9200416018038595     2630
540 8421.0730927160693682       2.8074705298008031384  2635
541 8453.2564566171167826       0                      2640
542 8447.8323439334253635       0.00018996312867897568 2645
543 8468.4369449831156089       0                      2650
544 8443.84458642667596         1.2334423606355171543  2655
545 8448.6330856274908001       2.9509492780740451678  2660
546 8450.2775220846233424       0                      2665
547 8448.2052626466211223       0.06817687102167792335 2670
548 8448.3182534637162462      90.70367501554925127    2675
549 8469.7903856879074738       1.0392616154727332134  2680
550 8476.1341158018167334       1.0646318829246923521  2685
551 8429.0304996534250677      40.724884175778399253   2690
552 8452.8388850755472959       2.2720143802136805178  2695
553 8453.2655929760221625      20.411709151101533166   2700
554 8462.4200038847502583       0.12594316463567445386 2705
555 8464.2785369351640838       0.04873647761635702125 2710
556 8555.4436364440462057     1584.2761947203600812     2715
557 8414.183002209820188        3.0666466527504967488  2720
558 8449.3008619651918707       0                      2725
559 8450.0734835974308226       0                      2730
560 8448.0379557990727335       0                      2735
561 8446.19554807048371         0                      2740
562 8440.9580373717217299       0                      2745
563 8427.8528783001620468       0                      2750
564 8413.3816494362727099       1.1935304682502323459  2755
565 8402.5034381951809337       7.6035922135860074533  2760
566 8326.2562927496037446      27.455701004085145911   2765
567 8470.3164751536787662       0.00670201401661476518 2770
568 8469.0019061654893449       0.15286532890413848107 2775
569 8661.3689271578332409     1350.5815442664363673     2780
570 8431.1582559104645043       0.18200141412615195025 2785
571 8403.1212733166394173       8.4383715775285921268  2790
572 8428.6313800082189118       0                      2795
573 8338.5926684529149497       4.4542603218229288586  2800
574 8426.9549226480812649       0.94539225799255877103 2805
575 8430.5531765219875524       3.3820348882431514603  2810
576 8430.150995406696893        8.9427857021208829735  2815
577 8432.4731968788400991      45.203688464549962589   2820
578 8389.3473172227750183      32.48856980123645144    2825
579 8433.5032515825514565     1211.8055425743707474     2830
580 8652.6605045817377686       3.6372663914038807498  2835
581 8425.8562728644992603     102.15075194604521869    2840
582 8412.0030349473909155       0.71492814671605864341 2845
583 8496.0890293837583158       0                      2850
584 8344.0824986362767959      24.842906735026836884   2855
585 8325.9092161647167813     127.18745511846842078    2860
586 8564.8664260792957066     1508.9202267716386814     2865
587 8415.6085059621509572       1.8281801566762174716  2870
588 8457.7234388765591575       0                      2875
589 8452.3169311229976302       0                      2880
590 8379.7474253608124855       1.2981344420960447827  2884
591 8398.184329539682949       40.531130326623483029   2889
592 8455.5544162859405333       0.17826813995991802608 2894
593 8462.2551856775407941       0                      2899
594 8420.8029967341790325      91.673815616869291034   2904
595 8425.7209763127229962       1.6174196059917695933  2909
596 8424.1583033921433525       0.01607747581468549694 2914
597 8490.3690167741187906       0                      2919
598 8462.4142233499460417     1352.0324724503807374     2924
599 8466.975619656030176        0                      2930
600 8492.8421723712599487       0                      2934
601 8492.7521768402129965       0.03752874030592392302 2939
602 8432.5136887983462657      26.632042675589161718   2944
603 8539.1113343927081587     1510.3822675463350151     2949
604 8407.8624878107002587       2.8854409702480694477  2954
605 8432.845368518419491        0                      2959
606 8440.0138875955180993       0                      2964
607 8423.876377584234433        0                      2969
608 8413.329390106811843        0.24743017974608672027 2974
609 8450.7554686021303496       2.914953337311180892   2979
610 8388.8557791190050921      34.913410527320614563   2984
611 8441.7652727307995519       0                      2989
612 8453.5504970797246642       2.411737364787633453   2994
613 8557.9150606364491978     1434.3665940423800294     2999
614 8409.509665369099821        2.4337662345655033391  3004
615 8426.4767905860426254       0.00156511670967464161 3009
616 8461.9663541345398698       0                      3014
617 8422.2870354561036947       0                      3019
618 8417.5551038030716882       0.0225008155487590282  3024
619 8471.2610336488232861       0.3348228272343654055  3030
620 8473.7330253448963049       3.6323163081160134702  3035
621 8382.6509280606805987      10.046650320524339151   3040
622 8383.8207511973450892       9.8018773741829789969  3045
623 8551.1960881898376101     1459.4169838124339549     3050
624 8409.136601930775214        2.5174686842828521982  3054
625 8420.761368022120223        0.03103487168394683873 3059
626 8457.5580728652166727       0                      3064
627 8424.9746168692308856       0                      3069
628 8425.0336004956516263       0                      3074
629 8446.8379897000468191       0                      3079
630 8421.0602166106928053       0.64758640451937321547 3084
631 8419.2794661205334705       2.1507873420158873934  3089
632 8413.5155759015324293      76.314736805571214973   3094
633 8469.1302279881329014       5.1861309048936146127  3099
634 8477.6731417708397203       3.6607214081966907848  3103
635 8433.3243460542471439     1186.9512532080138953     3109
636 8486.5091343867479736       0                      3114
637 8416.1143575717542262       0.71176201649755810319 3119
638 8430.2776421871440107       8.9213644260641906669  3124
639 8517.5884459015960601     1501.2043195640101203     3129
640 8401.7644233435785281       2.9786602845684893026  3134
641 8434.6367406589542952       0                      3139
642 8418.8176488901553967       0.00248769047668267714 3144
643 8425.7867031097794097       0                      3149
644 8426.5513482269670931       0                      3153
645 8416.2814191182296781       0.78063732178703026943 3158
646 8414.9791558785400412       2.4376721641073868518  3163
647 8415.7626254066472029       5.2049662097713085274  3168
648 8420.1384444547293242      89.697390895448421588   3173
649 8479.849948254890478       69.082967237011089878   3178
650 8478.9479792331367207     1945.2237212741210897     3183
651 8418.5429683187448973     1302.0936894848591692     3188
652 8420.400317035824628        0                      3194
653 8414.8333889387995441       0.00020729398581020541 3198
654 8455.161542959865983        0.07957454155871108992 3204
655 8455.7779603199778649       0.05226569228004098594 3209
656 8410.3605937598786113       7.026589432061257412   3214
657 8410.3605937598695164       7.0265894320594739497  3219
658 8513.1642897944184369     1515.3061076366664111     3224
659 8400.851011698037837        3.0505822343481452386  3229
660 8421.9387777269657818       0                      3234
661 8410.9778063999692677       0.04219302456282605224 3239
662 8416.7997551083935832      93.808265214419506606   3244
663 8417.7198512933209713       0.78951185157097159006 3248
664 8418.7094459565560101       2.1878243216408170824  3253
665 8419.9594418483047775      71.322219185586376966   3258
666 8425.2082528102619108     1321.6446360743054811     3263
667 8419.7775696765038447     1218.1501645390437716     3268
668 8474.5331440346035379       0.52940540769283106481 3273
669 8474.300573394555613       35.413739820740559594   3278
670 8450.8248551392316585     141.98923836662780218    3284
671 8420.219402338096188        0                      3289
672 8419.6806650976559467       0.00002890971968948139 3294
673 8462.5861080940485408       0.04386216087980420592 3299
674 8408.1743234138957632      38.222115296786235206   3304
675 8457.042147560412559        0.08156909698570787015 3309
676 8518.3839245780764031     962.23020660009524363    3314
677 8393.5453745877839538       0.72099964323494947216 3319
678 8421.7585896564614814       0                      3324
679 8423.8133040178745432       0                      3329
680 8420.0638154346488591       0                      3334
681 8419.6011239884846873       0                      3339
682 8418.2496629086763278       0                      3344
683 8414.5245323438739433       0.13304709649322771225 3349
684 8477.6530089772695646       0                      3355
685 8477.9582620876990404       0                      3360
686 8367.5286371908587171       2.8784319461469194401  3365
687 8405.8446829733020422       0.41761276943531455697 3370
688 8520.4114433432641817     962.75308633634404032    3375
689 8394.7864054870678956       0.69764618238817854845 3380
690 8423.8967341651168681       0                      3385
691 8433.0328056120542897       0                      3389
692 8411.3509054884962097      35.349249540922599522   3395
693 8468.0640441421055584       0                      3400
694 8386.0174305601703963      64.700935580844316064   3405
695 8412.4531023650979478      68.125584968638762007   3410
696 8417.9758723613776965       0.04486526139175560368 3415
697 8418.2268317482667044     1250.5077074888224615     3420
698 8440.0227265099820215       2.4856650199639389598  3425
699 8507.9886013367977284       0.39146212823504689116 3430
700 8431.4778836052173574      21.769263837452673016   3435
701 8447.2140365009581728      60.940622991750394988   3440
702 8456.8850307106476976      58.004767999191081174   3445
703 8427.3081324945615052      49.333846167741057798   3450
704 8478.3904493987756723     1201.9061396926506404     3455
705 8406.3564684753710026       3.4154982355848306774  3460
706 8420.3774494427289028       0                      3465
707 8424.5729678060633887       0                      3470
708 8438.8326011441495211       0                      3475
709 8416.4263609786157758       0.78699136609932618391 3480
710 8419.9124963460599247       2.3086149727608868965  3485
711 8418.6737745906029886       7.3210342411544102603  3489
712 8431.777970138055025       97.924959813324292668   3495
713 8442.8873680457581941     1195.1895447336366942     3499
714 8462.1400527370351483       1.4206894404095531392  3504
715 8484.6987693436549307       0.73525369364579518106 3509
716 8382.4891850113544933      72.36650942130893327    3515
717 8476.1671123926989821       2.4216041970883042111  3520
718 8404.3479924864732311       4.7181094232988680659  3525
719 8403.4201178075381904       4.8085644886768292849  3530
720 8472.5273279484172235     1215.8972708343544582     3535
721 8405.2809750656087999       3.5390710181556737091  3540
722 8416.6563596819760278       0                      3545
723 8411.9125130239044665       0.01891966590560715394 3550
724 8462.0720755094098422       0.03113408192343818798 3555
725 8454.7864488413506479       0.13132463823950515924 3560
726 8403.2540856279974832      71.639803938390301141   3565
727 8471.0132852104725316     1218.0167770916857535     3570
728 8404.3517442971606215       3.6316273829210379276  3575
729 8416.2272595999929763       0                      3580
730 8414.9721511866373476       0.0002778663533752049  3585
731 8464.7893288138511707       0.05850792462845252895 3591
732 8466.7705153299866652       0.03972952465601041483 3596
733 8410.3258319218712131       0.03216807718372543395 3601
734 8411.1383743853857595       0.02104538092000153224 3606
735 8475.3324518726440147     1206.0931201473799774     3610
736 8412.6858066621534817       0.00997876346481302128 3616
737 8411.5149557884342357       6.8954633396405737855  3621
738 8417.7912101837537193       0                      3626
739 8424.9172656612954597       0                      3631
740 8413.7827286833926337       0.89650444901004033849 3636
741 8412.5835964077286917       1.4399674549418173264  3641
742 8416.7383190808795916      91.363911639345488425   3645
743 8417.5470492148797348       0.04241227743346834972 3651
744 8464.9410084590526822       0.21877480077076283393 3656
745 8481.5344167102448409       0.31327052046961667564 3661
746 8414.520680386956883        0.00014924406857739751 3666
747 8409.6909859459792642       1.1459393139330165123  3671
748 8467.3926083456954075       4.1089990424915905365  3676
749 8412.4530846645902784       3.7308607006078999824  3681
750 8469.8999818005850102     1217.1320583625745257     3686
751 8404.2080628105832147       3.6644615473616330981  3691
752 8416.7465687803032779       0                      3696
753 8416.9942761525089736       0                      3701
754 8415.0073930869730248       0.07829432445539337426 3706
755 8417.8204628310104454       0                      3711
756 8420.9578868064127164       0                      3716
757 8415.0420364213168796       2.662554920404379466   3721
758 8416.3047148615241895      88.289785968129109506   3726
759 8420.4802541476019542     884.92888961222661237    3731
760 8471.0404356918625126      38.127346933616294677   3736
761 8476.1585444064039621       0.35877223244980765982 3741
762 8415.0455926280810672     110.66388645563445436    3746
763 8411.5247296472316521      23.776059233878363841   3751
764 8411.5247296472189191      23.776059233880026511   3756
765 8475.0159363900693279      24.348345812528307874   3761
766 8423.6519760176943237     1309.4433216719289703     3766
767 8416.0799769011700846       0                      3771
768 8415.6421960762199888       0.00106796485229811665 3776
769 8460.4040991299061716       0.08683704820398070734 3781
770 8414.8909772050610627       0.0000033285428855147  3786
771 8412.8890338493220042       0.00230264252333607904 3791
772 8417.6909746147102851       0                      3796
773 8473.0468875011938508     1207.1682121317990095     3802
774 8404.7219928895301564       3.6039243514273078262  3806
775 8406.8764357406253112       5.6925976944811722547  3811
776 8408.0192608582656248       0.03399418256098944019 3816
777 8415.9436827600984543       0.00000335903383345862 3821
778 8416.4827312267425441       0.00000480527761202002 3826
779 8412.946202387145604       17.685632626894363995   3831
780 8418.4452055657293386       5.3114913959226459639  3836
781 8414.0221494216675637       0.86978609981016774544 3841
782 8405.9915148532345484       1.9517843869254352107  3846
783 8407.7128391646037926      96.545847419943342516   3851
784 8424.2445602307179797       0                      3856
785 8441.8991420212078083     1319.1349970378118996     3861
786 8401.6627143055884517       2.3930188629250745969  3867
787 8410.9459618562104879       0.00977242987543853504 3872
788 8413.7750868878210895       0.0010402526590538076  3877
789 8457.709653227153467      1286.1103500804726991     3882
790 8403.2694448877282412       0.09721202749420158884 3887
791 8419.9939213183715765       0                      3892
792 8417.4486285349830723       0                      3896
793 8409.5039706458974251       0.13267027101586029159 3901
794 8414.1268245322262374       0.00000449746946874387 3906
795 8408.3576317228471453       1.8812551397758667804  3911
796 8414.6056335023022257      90.71669773900758571    3916
797 8413.7053844877918891       2.7599476629713519671  3921
798 8415.5559599675525533       0.06018212677166348556 3926
799 8415.9019923366122384       0.77653074238682662234 3931
800 8424.2517506678377686       4.0992249790361405815  3936
801 8415.1072098391759937      34.520640161734327478   3941
802 8408.4304317233545589       0.20573260665850218176 3947
803 8416.9528915484479512       0                      3952
804 8422.6349202735855215     1309.7906365663757242     3957
805 8415.4143246794174047       0.00000334388839722788 3962
806 8415.6861032536908169       0.00000403454364875383 3967
807 8421.9247828071056574     1525.4296439047072909     3972
808 8416.7757746681800199       0                      3977
809 8412.8541174319143465       6.638458259316490917   3982
810 8413.6718037823611667       0.08234664866789222215 3987
811 8417.2274761408662016      80.677819107603653492   3992
812 8417.0526996458411304       0                      3997
813 8415.1094431895453454       0.00000106622626414093 4002
814 8420.6354449109858251     1241.931622322690373      4007
815 8411.7059066543624795       0.00661461395346253818 4012
816 8412.2109823469691037       0.00870371577611088638 4017
817 8414.6196577607588551       0.00000270216337211962 4022
818 8415.5612859764514724       0                      4027
819 8415.6623830966800597       0                      4032
820 8415.1775139707624476       0.00000453294918866582 4038
821 8413.239607316096226        1.4157342310162421839  4042
822 8408.5855990313830262       1.9247965480319766396  4047
823 8415.9736424158872978       0.00000535041483625587 4052
824 8421.8713721812000585     1697.8416826993616269     4057
825 8417.4712077547537774       0.96393078728104619746 4062
826 8416.1520732153858262       0.00000108412730453088 4067
827 8412.3049944713602599       0.12654529316340318301 4072
828 8416.6435074825694755       0.00000017353979079468 4077
829 8416.9942761525253445       0                      4082
830 8415.3983411729532236      98.884194331000259126   4087
831 8415.1835521746143058       0.84284314800254733768 4092
832 8413.9217006996877899       2.7880074376739849562  4097
833 8417.9444520658889815     104.74682896674771371    4102
834 8416.0877274240756378     109.81902244799179869    4106
835 8420.5414813364841393     1150.2987155008377158     4111
836 8417.7126147924282122      85.474051453230629249   4117
837 8421.2797641677934735       0                      4122
838 8407.5279031829741143       0.25001751360536339508 4127
839 8411.817301815668543        0.01351878181893190374 4132
840 8408.3133575078445574       0.22424692842987276054 4137
841 8410.3805255440820474       0.02681333769537684944 4142
842 8413.8555807059892686       0.00000376399075724927 4147
843 8416.6259340374363092       0                      4152
844 8417.1543081128857011       0                      4157
845 8418.0409206906879263       0                      4162
846 8412.8824170793086523      71.867389539511009389   4167
847 8416.7130222408359259     112.34565013952075674    4172
848 8414.3763289089292812       2.6785841281457019036  4177
849 8414.5210442087554839      98.542922548527542403   4181
850 8417.4887614017752639       0.00022312637714106548 4187
851 8415.8243387046404678       0.00000282794214345501 4191
852 8417.1464507879281882     942.73117872929879013    4197
853 8418.2826530754791747      58.55152036541218763    4202
854 8410.8247971824021079       3.817045767499548159   4207
855 8408.4748129690124188       4.2445111543559894685  4212
856 8426.5217741636133724     1851.714676794099887      4218
857 8414.4525360682582686       3.573771957056980586   4223
858 8416.0906047444132128       0                      4228
859 8414.7961513867339818       0                      4233
860 8410.4080264960794011       1.7391106646524947532  4238
861 8415.2147805063104897       0                      4243
862 8415.7380843213486514       0                      4248
863 8426.5217741636115534     1851.7146767941139842     4253
864 8414.273851339430621        0.00001784759220660342 4258
865 8414.0029773015085084       0.00001627187743593492 4263
866 8416.3278409529939381       0                      4268
867 8413.4335615959098504       2.7590756202501713901  4273
868 8413.6114317581286741       2.7143558170701691523  4278
869 8413.5755206291451032       0.08103530446382457841 4283
870 8415.3678301866621041      77.213895442837852556   4288
871 8413.574947619543309       90.361656999318597627   4293
872 8414.8703408101428067       0.80104693131064852452 4298
873 8427.9384795651440072     1704.438502849649467      4303
874 8421.4717843566304509     1238.6398141763743297     4308
875 8411.2026880034081842       5.7066869817485166294  4313
876 8415.5908278946244536       0                      4318
877 8413.9934173401779844       0.08442023495358197405 4323
878 8415.7380843213522894       0                      4328
879 8414.5177710122588906      90.760940380989381993   4333
880 8416.4654331792989979      33.639258133601146028   4338
881 8416.1664834693165176       7.4075183804208650784  4343
882 8416.4604482233735325       1.2293807201911852722  4348
883 8416.0901216532056424      91.135050563458733563   4353
884 8422.6705076072757947     1240.4137226865666435     4358
885 8409.0834985417168355       0.18715005067393683524 4363
886 8418.0825259027278662     116.4070725100447703     4368
887 8428.7010953750759654     1921.0979698545509109     4373
888 8416.8501406861887517       0.81697051252085417516 4378
889 8415.324462127427978        0                      4383
890 8413.9116445164545439       3.5778536919038406161  4388
891 8414.4101057524585485       5.361808809741930304   4393
892 8417.0242879467932653      51.264943253415417246   4398
893 8418.5204857800599711       4.1391574756236488852  4403
894 8417.315211994557103       12.959485083792007032   4408
895 8420.5338330325175775     1240.6296737873267375     4413
896 8408.5261370281677955       4.3183665798352475207  4418
897 8411.0643369743302173       0.011690069031791794   4424
898 8410.6104551128901221       3.9937329563170567148  4429
899 8428.4621194264691439     1926.697958868222031      4434
900 8419.0590377778189577       7.4843723984471370869  4439
901 8412.6697218412118673       2.7956174668171187569  4444
902 8414.3822070411806635       0.08054938287056803703 4449
903 8415.7549279536524409       3.612406118613555428   4454
904 8417.4010792660737934       1.1998718754996511304  4459
905 8414.4694437726575416       6.3813345950778348481  4464
906 8416.3817726220295299      12.830950234554657996   4469
907 8417.0322576640228363      65.677505602282565178   4473
908 8415.4271380411792052       0.07036962017366497901 4479
909 8412.9794846381955722       0.09970095687011189256 4484
910 8412.1863199634808552       0.11713618539171910538 4489
911 8413.161311543723059        3.6688061827465290321  4494
912 8414.1042423767812579       0.06654615656419311798 4499
913 8414.1403252427517145       2.6646188172098912439  4504
914 8414.934334783203667        0.00025758861855408973 4509
915 8415.644641382548798        7.4074958016685998885  4514
916 8415.9388810936998198       1.2765514102007518016  4518
917 8418.3575759982340969       0                      4523
918 8416.533853975492093        0                      4528
919 8413.6506771405256586       0.0003400892197474254  4534
920 8413.7463611607709026       0.00111358991030848301 4539
921 8411.7637314700768911       2.9530764943815492884  4544
922 8417.2538759885192121       1.2103020628392588964  4549
923 8413.5526699146084866      73.364847158264041127   4553
924 8416.6930260559565795       3.6019327759582906445  4558
925 8413.9792046475486131     103.77000804190055305    4563
926 8416.716683910410211        0.79219006845598205491 4568
927 8418.312614464572107       33.484687034420517193   4573
928 8412.5291359735529113       0.10090363372253290108 4579
929 8415.7118746199521411       0.00000455033039916772 4583
930 8410.7130399421948823       1.7191774280406026953  4588
931 8412.7817517775583838       0.09682627487132441924 4594
932 8414.767028114052664        0                      4599
933 8414.6841916682988085       0.00007609687107221999 4603
934 8411.1148905495101644       0.11660687587676943355 4609
935 8415.2953037771385425       0                      4614
936 8412.802268183675551        5.469506782327216321   4619
937 8416.2993910944369418       0                      4624
938 8412.7534067630967911       0.10173596540564686097 4629
939 8414.057051309320741        0.84712725474833017181 4634
940 8412.792866390051131        3.6649679170636653147  4639
941 8418.0583096271766408      11.01889910621405555    4644
942 8415.2845510708575603      91.120366537445477206   4649
943 8417.4152926733258937       1.3781373507008107815  4653
944 8416.3600081948807201       2.7134902663161071246  4658
945 8431.4278252284857444     2474.4792146095355747     4663
946 8414.2360574130107125       0.07735221910865278105 4669
947 8415.0635230920597678       0                      4674
948 8428.1800419499086274     1924.9414983542251321     4679
949 8413.4530512348974298       0.00148459767544363748 4684
950 8411.7281164941650786       1.653851371355637756   4688
951 8415.5324994700567913       0                      4693
952 8413.826493277816553        0.00004003386343630939 4699
953 8413.281050235775183        0.0854183196167970088  4704
954 8414.4910440434287011      90.610651313329313439   4709
955 8414.8452782315362128       0.81090453853404542706 4714
956 8412.7871414992168866       2.7785701843184247295  4719
957 8419.6272676324715576       1.3727301852653146508  4724
958 8414.144923711215597        2.8165078284711144718  4728
959 8415.7089252176974696       0                      4733
960 8410.9656825287092943       0.01092828733352442343 4739
961 8413.9742728358542081       0.00014010743151707245 4744
962 8414.2447631590130186       0.00014462977929606026 4749
963 8413.5467569751872361       0.08553137484810094393 4754
964 8413.5482576240192429      90.21166364696765072    4759
965 8414.5240206913349539       2.6475287829917872884  4764
966 8415.9367243633441831     109.93935935240416768    4769
967 8416.4322868049439421      33.565078682254458897   4774
968 8415.4181756818707072      73.843028005053227503   4779
969 8424.2437097029978759     1352.8790691783103739     4784
970 8415.8757653530246898       0.00000052745069965811 4789
971 8411.6002772008287138       0.00233024702647979635 4794
972 8413.3094304760852538       0.08092453091432465218 4799
973 8413.3719094790394593       0.08676285285094037514 4804
974 8413.5809843794068001       2.7278801296278811783  4809
975 8415.2558148746411462       0.06396454529221039242 4814
976 8417.0042681747981987       1.5005728176625681147  4820
977 8416.7752325436613319       2.6205054532845055704  4825
978 8420.5023997655443964     1240.5586500274541777     4830
979 8416.8185580397985177       0                      4835
980 8412.4211377403407823       0.00325325935070318361 4840
981 8415.7089252177029266       0                      4845
982 8415.5375503704453877      11.040753602796080202   4850
983 8416.8628066789387958      32.788389585904766932   4855
984 8413.5246129633487726      73.229589015072392044   4859
985 8415.8607531361994916      99.559978266743442532   4864
986 8418.6025421558497328     111.07728605952189582    4869
987 8419.2808946631230356     1191.0601503592699828     4873
988 8420.1778534697732539     1154.3884963628606783     4878
989 8422.3899575016384915     1353.6735256739580109     4883
990 8414.3537651206424925       0.00000213930382286909 4888
991 8411.4838480906055338       0.00606244782341389902 4893
992 8412.742741105501409       84.360472973957627119   4898
993 8415.3734513117360621       0.77563481310714543771 4902
994 8416.4326502056301251       1.2632388777504330868  4907
995 8414.0800385561415169      98.504930269513181429   4911
996 8416.0944297117566748     111.79294623233388961    4916
997 8416.3673772894635476       0.00000005541712018621 4920
998 8415.5715468927519396       0                      4925
999 8415.5997107518378471       0.00000029709684036881 4930
1000 8416.9174031352158636       0                      4934
