1 10465.344451243969161      24492.725337246261915      5
2 10498.41986537068442       18050.669607497995457      9
3 10484.002025477853749      36267.056884956495196      12
4 10681.035919180161727      26424.452351040505164      16
5 10685.392930871146746      26299.821029493356036      20
6 10618.194028656575028      25236.488594437556458      24
7 10452.093120031013314      9448.5186429506338754     28
8 10495.666081674404268      24953.435548207602551      32
9 10460.764446426674112      10832.977083437121109      36
10 10031.293761269824245      743.23037462848162704    40
11 9097.8040664236941666     2518.8049246139589741     44
12 9673.8482374154300487     1159.6218233974425402     48
13 10244.353455801308883      2274.9132203158342236     52
14 9668.5800400706484652     688.8983234243669358     56
15 9359.0011529264247656     1934.1039732624278713     60
16 9517.9683106546908675     1649.9162118739820926     64
17 8912.8272029720956198     10247.432579280592108      68
18 8989.6584599442903709     2469.6743939371731358     72
19 9044.1817017222620052     23916.353690751562681      76
20 9045.6526969728511176     6698.485683200724452      80
21 9235.2802494591596769     2984.099177569404219      84
22 10197.657417385664303      154.57922554946952687    88
23 10423.449447662096645      822.75917744410674004    92
24 8858.4144325706365635     1088.3709433004012226     96
25 9211.2285259058826341     34117.20402936078608       101
26 10045.833177297425209      1595.3745448608276547     105
27 9667.9412047489531687     651.33245003898321102    109
28 9662.2281682385291788     119.93066805638194694    113
29 9661.0654970739560667     133.94366264239954489    117
30 9275.798706354056776      19735.81423850450301       121
31 9287.6167666910514527     25921.546696187335328      126
32 9328.9404482634163287      26.094748463787109216   130
33 9190.957545507038958      587.67631852700526451    134
34 8924.4595622794186056     18013.97698122935617       139
35 8611.8645437667710212     11893.486642905516419      143
36 10642.029555997558418      441.0002665926937766     147
37 10421.056857844308979      151.31532225859734808    152
38 9344.2842687147131073     469.16977516493551548    156
39 10113.860311876147534      563.63538656065850319    160
40 8765.6001990758923057     2371.6303110101489438     164
41 9389.6016094244787382     2718.5745854778515422     169
42 8751.2299943911293667     2351.7376814057711272     173
43 9544.2221051711749169     4658.3794234296919967     177
44 8908.6014558785718691     1774.7608150416833723     182
45 9344.9537751989828394     2189.946395323341676      187
46 8840.1048556490186456     509.61100898719519137    191
47 8382.6712470181500976     4956.4883316397454109     195
48 9542.0295901168592536     204.21882878822151497    200
49 10922.687949573039077      162.28877437552949914    204
50 10416.441512793644506        0                      209
51 10378.78677006883845       247.79667638306494837    213
52 10168.795546648416348      103.82415813945638661    217
53 9217.4369566691420914     827.1263775369642417     222
54 10224.876678587635979      115.47849617880946482    226
55 10294.10043539389153       118.32583771974809395    230
56 10438.891185292070077      168.9818271891694792     235
57 9839.6719805799220921      65.484229893005490908   239
58 9485.9586735143293481     153.6193658540648812     244
59 11598.887595532765772      7974.0188714067262481     248
60 8147.8237437689622311     271.55921080415151891    252
61 8161.6727720295712061     697.64126293742401685    257
62 8166.6099058672916726     667.7667895698036773     261
63 9386.822643367722776      2189.2703986009209984     266
64 9877.0026858655946853     177.06448927522862391    270
65 9153.7784031966075418     23518.507648213784705      274
66 8616.319629433519367      1771.1871990541712876     279
67 8809.9812621058845252     4194.9493227889815898     283
68 8830.1993103440890991     3213.517268795603286      288
69 10051.687272371693325      3735.3596695116398223     292
70 10256.17615232494245       44852.28972082879045       296
71 10484.228370258460927      185.8746976450962336     301
72 10839.083543276137789      53113.978942789690336      305
73 8610.8907441068877233     471.29639504199423072    310
74 8347.3260548151556577     3366.4288045668527047     315
75 8833.5982579642004566     5490.1504005894585134     319
76 9380.6613822962608538     126.46859437372816615    324
77 9661.4415419286196993      68.412710659504838873   328
78 10361.669399328282452      169.40403260258833029    333
79 9327.5381680156315269     201.50266339713610364    337
80 9497.8383159535296727     261.91458745407425113    342
81 9670.0394377678421733     117.51389721087522844    346
82 9171.4462830276734167     493.48568567078314118    350
83 9342.203146778529117      5886.5573132186491421     355
84 9530.0205630610325898     12839.067437060895827      359
85 10433.144677017207869      3428.8423237985675769     364
86 9037.4848570615449717     326.90624450661425726    368
87 9837.3034754213676933      71.322157609592792937   373
88 9838.3379826776254049     118.66059615433842112    378
89 8786.5104701396176097     522.73579322890066123    382
90 10086.024740089196712       91.690459718985081849   386
91 9525.1565628121188638     141.89645893948673461    391
92 9986.2942345182655117      40.450180905874596249   395
93 9678.4426607659552246      98.311949780206830951   400
94 9663.2698372009472223     142.28797827284736854    404
95 10031.030121254198093       59.40457304525556026    409
96 10190.251326284029346      104.20301486897909626    413
97 9708.2524970738177217      84.806938749294459967   418
98 9605.950072372726936      241.30493110987555383    422
99 9987.1030215016926377      42.919185381895964326   427
100 10128.906982239610443       78.670048938532573857   431
101 9719.0464627225537697      80.895768064926073748   436
102 10116.294446208976296       74.703034300987866345   440
103 9724.4774934136567026      78.972182948467605001   445
104 10110.021650486100043       72.760542234776309556   449
105 9726.2975345358499908      77.981807018760861183   453
106 10107.795827928701328       71.766525748776658133   458
107 9728.1137559000162582      77.525308027204289374   462
108 10105.782899412984989       71.3051068664690888     467
109 9163.6833122626812838     389.69270448762409842    471
110 9320.6230713368786382      33.573997211330691925   475
111 9311.2455284585212212      14.487469944727138227   480
112 9373.704112313398582       14.310679119614739818   484
113 9189.6358665456609742     592.62653060796412774    489
114 9331.7965778662091907     403.45695486487846892    493
115 10237.809785735174955      1046.1698188436712371     498
116 9895.5467631679239275     1190.5148965453447545     503
117 9836.0123107300023548      23.650853555881724333   507
118 9628.9224059239750204     1529.3819217478239807     512
119 9649.0695448521655635      66.313273122342280885   516
120 10029.040285379893248      219.52713213962024952    521
121 9312.9015208930049994      58.386169084677867147   525
122 9208.8397839425688289       0                      529
123 8799.4045823566502804       0                      534
124 9917.9829077757858613     124.07340444949299751    538
125 8759.6223554357202374     10731.54413565541654       542
126 8886.2220165771359461     6201.8499710404103098     547
127 8872.9217263203281618     3918.1890400595052597     551
128 8393.7510925290807791     318.07769034645309603    556
129 8410.3324807908393268     1755.1741092390120684     561
130 9835.4779149145870178      38.740783922804503447   565
131 9651.651289674688087        6.0995889071663214054  570
132 9068.9908338897803333       0                      574
133 9649.5557635447730718       6.4992152132164910938  579
134 9650.7894469545917673      12.592967592330273519   583
135 9650.1995133325435745       8.1889398993863480314  588
136 9057.9201102859224193       0                      593
137 8694.9695028173191531     262.89147719714554796    597
138 8883.4500239892568061       0                      601
139 8592.6031588900186762     822.44183448353851418    606
140 8671.935490989138998        0.03063938459402613945 610
141 8369.1289371527564072      41.405551871162842303   614
142 8187.384603723690816      174.73616854621565153    619
143 8258.0966093498263945     542.09891095793386739    623
144 8200.8448262389229058     114.32985481892396251    628
145 8746.3551258080478874       0                      632
146 8646.5300736186109134       0                      637
147 9005.2546031551191845     251.78440023519010538    641
148 8128.546514853822373        0                      646
149 8383.5723971558727499     10704.836748344880107      650
150 8103.8514533631978338     230.04900325664971206    655
151 8164.9692938540829346     9157.5117480158005492     659
152 8089.7491612832609462     164.1997152299535685     663
153 8090.5395757413307365     172.06745770563821907    668
154 9164.052891499017278        0                      672
155 8920.477987535068678        0                      677
156 8427.1473597251278989      52.207805170462080468   681
157 8995.1425726429952192      55.275377943857215257   686
158 9254.2345061818814429     348.55387217964522506    690
159 8135.3428771573780978      45.36599060964713459    694
160 8455.9512858535672422      36.461164710969441671   699
161 8137.2219631324278453     2807.7436453582809008     703
162 8168.184804392807564      2296.0345146355698489     708
163 8713.2473649223720713     18868.699245796298783      712
164 8953.4589487499142706     111.0448095860295723     716
165 9217.9434949432870781     1952.3854953094923985     721
166 8106.0245413277580155     3773.0920933949823848     725
167 8220.7519815367104457     6380.6624505983763811     730
168 8203.500915466918741      4163.9991140081647245     735
169 8485.7805072193550586       4.4340060490142763072  739
170 9308.0634940712861862       0                      744
171 8442.9875062110404542       7.3938396820417402466  748
172 8133.58195543542206       193.15228636919255223    753
173 8117.7284712648506684       0.07535951781078563394 757
174 8149.2645638883932406     951.15721869257708931    761
175 8148.7523700714609731     218.84494318480420816    766
176 8144.1839935940824944     792.53127196423395162    770
177 8226.97415119453035         0                      775
178 8203.5459545326339139     2719.3325461208360139     779
179 8343.9561343863388174     1108.5614942256738686     783
180 9348.6617593279934226     3422.6802816280342086     788
181 8094.4572216664164444       0                      792
182 8137.3808015671020257     376.54673311398437363    797
183 8111.3208619992337844       0                      801
184 8176.745727192402228      321.36680634666771539    806
185 8175.5217497464154803     385.94505211294119817    810
186 8121.6111329159348315      83.562388101713423794   815
187 8170.9182519790583683       0                      819
188 8087.4195608642476145       0                      823
189 8190.5347892412373767      18.481797377756386425   828
190 8156.4719029053658232     2101.868750851558616      832
191 8176.4632924977277071      56.26339937729453311    837
192 8174.6819243921572706      41.682627573456457526   841
193 8192.7209112929176626       0                      846
194 8149.7420765257556923      12.585240533477776381   850
195 8515.6557921690946387       3.9915927955677301675  854
196 8297.4877556744577305       0.01070773174437196149 859
197 8570.6244991797866533      36.839512702809429356   863
198 8608.739302353855237       25.761873505887809443   868
199 8989.0175118304450734     714.17822216458421281    872
200 8182.667917919959109      241.55272772568463324    877
201 8088.2199520631875203       0                      881
202 8796.3290939476864878     225.53753023809548495    886
203 8099.6894277894289189       3.3427763747863168398  890
204 8206.1488190007712547      12.190402474951872236   895
205 8105.9315652132945615     133.80329318638615632    899
206 8428.5340712646775501     1061.2964854295530586     903
207 8107.4307479156886984     1088.8048413630453979     908
208 8496.5075984467839589     108.91058824857626064    912
209 8109.8537937195869745     321.79325114483725656    917
210 8641.6134474846458033     1192.9421916518667786     921
211 8158.6701443155052402     2572.2206042311590863     925
212 8089.901119683448087        0                      930
213 8090.7770759455470397       0.00973036108970950185 934
214 8138.3668838814946866     1203.7688966340053867     938
215 8084.8610128356031055       0                      943
216 8166.033637896592154      113.49284948710013055    948
217 8094.2057442916475338       0                      952
218 8268.3306253896917042     253.87309544423598595    957
219 8148.3541004674561918     222.19701794243627546    961
220 8192.4435060802115913     320.63947710926038326    966
221 8198.5996691244945396     260.27976804653957288    970
222 8414.8002029968756688      19.249679753777307667   975
223 8082.296226433787524        0                      979
224 8087.8623323427418654       0                      984
225 8087.4630059685823653       0                      988
226 8145.8510210356262178     155.61559353932480576    992
227 8086.0120050987525246       0                      997
228 8224.4174094199861429     155.56067071970687721    1001
229 8203.199091332811804      100.38941470048204962    1005
230 8091.393541372420259        0                      1010
231 8113.4741784934221869       0                      1014
232 8215.6285488568501023       0.82970193304929440448 1019
233 8124.437884831266274        0                      1023
234 8591.7387180504974822     834.47285685070585259    1027
235 8143.9305397754887963     639.59827193504384013    1032
236 8152.1046221806482208      28.717271526661377834   1036
237 8209.7833490671255277     946.79186302596224323    1041
238 8113.2895147334347712       4.1720903245648566227  1045
239 8362.0577158902597148      31.743827436609208803   1050
240 8143.3344527978651968      22.083494651532561193   1054
241 8113.247013042884646      104.72858731243398722    1059
242 8196.0659203387185698     6823.5216112376656383     1063
243 8113.1140664236318116     104.72956571653239166    1068
244 8652.0143948623481265     3828.5130157047738066     1072
245 8249.95270255489595       142.36405645611094428    1077
246 8228.2001812957241782      79.086295207810820784   1081
247 8094.2543308510321367       0                      1085
248 8115.1952933355451023     185.89806820547090638    1090
249 8179.5507639513070899       0                      1094
250 8192.455854402454861        0                      1099
251 8117.6323467493466524     126.25961406787955355    1103
252 8089.0423679799787351       0                      1108
253 8226.5065068444018834       4.1539241958911103936  1112
254 8109.4922092139777305      86.801558818618545388   1117
255 8111.1170508499562857      57.079556078771425121   1121
256 8144.2494812882423503     1137.8220186819532955     1126
257 8126.8512344171631412     268.24419974112311138    1130
258 8104.3283149876042444     1920.0527148106136792     1135
259 8177.0976088004827034     2407.3139477163203992     1139
260 8101.4661522662627249     1088.2279998874716966     1144
261 8115.6999174596185185     2724.1202443972028959     1148
262 8223.3708751189751638     106.88994001878820939    1153
263 8233.6079896208811988      75.926919979328076238   1157
264 8110.6591804709705684       0                      1162
265 8105.2227467473849174      44.034806738800412518   1166
266 8105.1122866999849066     951.09343228949774129    1171
267 8108.0673507905648876     284.91556853619908907    1175
268 8122.2139277739743193     1150.2933133248907325     1179
269 8092.839648695701726      218.30790243438428888    1184
270 8107.594220056767881        1.4185787617849909825  1188
271 8099.2540321099859284       0                      1193
272 8097.7314761666884806     260.74131090635830788    1197
273 8087.9986081833831122       0                      1201
274 8361.0821254409238463     231.78607071425761887    1206
275 8102.8071037432346202     882.92911320914447515    1211
276 8103.6355783238541335     901.0089745117242046     1215
277 8101.8684681748236471     1174.6768113846012511     1220
278 8198.7288165239151567      23.138640590041347878   1224
279 8295.5715473263826425      52.428196359067193555   1229
280 8082.8213543558094898       0                      1233
281 8091.385728208528235        3.0854204706710408601  1238
282 8083.4654008496709139       0                      1242
283 8094.5835483006139839       0                      1247
284 8119.6968660941220151     441.40390813333272035    1251
285 8089.6493505241633102       1.1171752891637989347  1256
286 8082.5423741504282589     329.06199110222087256    1260
287 8086.9075192123791567       0                      1265
288 8099.2266181255108677       0                      1269
289 8090.1932742594644878     566.73426180475269121    1274
290 8117.4604144010172604       0                      1278
291 8091.2910426976477538     936.34225555270893437    1283
292 8086.3983363164270486       0                      1287
293 8122.5854887920659166     1221.26649725011589       1292
294 8182.3135964601624437     106.72966016878942241    1296
295 8107.7276545355680355       4.390238452253839796   1301
296 8092.7059983203225784     410.18321449429470249    1305
297 8082.627928237316155        0                      1310
298 8085.1749022442318164       0                      1314
299 8082.5573764088785538     351.38584088768033098    1319
300 8082.0152964963244813       0                      1323
301 8088.0060748562591471       0.05500621748369684955 1327
302 8092.249119765569958      1083.650371716048312      1332
303 8094.5202273862987568     1033.6429584151089784     1337
304 8094.4806902776917923     1029.6637950326705777     1341
305 8097.7015785091416546     182.83208335309078052    1345
306 8200.3494050947192591      95.800270136602236448   1350
307 8096.1706780827080365       1.4678125251528826301  1354
308 8082.5946957789092266       0                      1359
309 8082.3032644224331307       0                      1364
310 8083.4139822236966211       0                      1368
311 8082.2434626693384416     342.1563318409316139     1373
312 8085.0403181019428303       0                      1377
313 8082.0800847654054451       0                      1381
314 8083.1852402138010802       0                      1386
315 8089.695415770852378        0                      1390
316 8083.5444470900483793       0                      1395
317 8100.2657858185020814       1.3409059781297150149  1400
318 8088.6224239186385603     103.51340135123230368    1405
319 8084.0483172632311835       0                      1409
320 8091.4056775367671435     633.59030404370696488    1414
321 8088.680287482863605        0                      1418
322 8089.7711129475865164     184.1744125801527332     1423
323 8106.9389666254555777     232.99446923382470231    1427
324 8087.7165340685023693       0.00128610990539014384 1432
325 8160.0461626236738084      57.862248937157488626   1436
326 8082.1047307584403825       0                      1441
327 8082.1482252126970707       0                      1445
328 8082.4056055723349345       0                      1450
329 8082.3252046392281045       0                      1454
330 8182.2435701686172251     133.77180975467589974    1458
331 8097.8126461044448661       1.9393777345322604777  1463
332 8082.1073148174373273       0                      1467
333 8084.8423006292077844       0                      1472
334 8082.9838569702951645       0                      1476
335 8083.8182800432723525       0                      1481
336 8099.2032788577580504       0                      1485
337 8086.5005917846119701       2.6032363612704951805  1490
338 8083.5491896514058681       0                      1494
339 8082.6792918291876049     368.33541096946458993    1498
340 8090.7870667000088361       0.53868741978542722393 1503
341 8084.8239856114796567       0                      1507
342 8094.9024903899944547     251.82107364568224739    1512
343 8086.6177519116490657     382.64163385534476447    1516
344 8087.5228313838797476     605.57856256620561908    1521
345 8087.1435916697719222       0                      1525
346 8084.3374989820231349     347.72029138895561573    1530
347 8103.8181144588397729     239.91565744091909096    1534
348 8088.1177370546265593       0.00916817359608603465 1539
349 8082.0939874057721681       0                      1543
350 8084.4288105874693429       0                      1548
351 8086.1562502325004971       0                      1552
352 8081.9286430088295674       0                      1556
353 8085.2115299077968302       0                      1561
354 8082.8556822390319212       0                      1566
355 8082.9276672243504436       0                      1570
356 8084.030165761074386        0                      1574
357 8083.1312486843762599       0                      1579
358 8179.8395713045138109     134.24933031611232082    1583
359 8099.7207473221005785       2.3742562233079032019  1588
360 8082.0021991891526341       0                      1592
361 8082.7651799260256666       0                      1596
362 8084.256839411650617        0                      1601
363 8089.5821918965339137       0                      1605
364 8082.1106641326159661       0                      1610
365 8082.1648761327551256     331.3979664791633013     1614
366 8082.9679179471622774       0                      1619
367 8083.6838838897756432       0                      1623
368 8084.4340987357609265       0                      1627
369 8098.1572577523302243       0.97353683339429930577 1632
370 8093.632773193075991      241.7972595243269609     1637
371 8083.3229639393412072       0                      1641
372 8085.5390360923456683       0                      1645
373 8089.8837157232492245       0                      1650
374 8086.3689943230974677     398.48839286612366095    1655
375 8086.3866273672501848     396.7582757241713125     1659
376 8104.1547439294326978     233.76714351235682443    1663
377 8088.0518965364008181       0.00205724438484972561 1668
378 8082.0486659756124936       0                      1672
379 8082.2257207369593743       0                      1677
380 8082.4848233892953431       0                      1681
381 8083.9943470807866106       0                      1685
382 8083.8291517697425661       0                      1690
383 8082.0618025641879285       0                      1694
384 8088.3247601004859462     113.45766486212360746    1699
385 8082.9682440806491286       0                      1703
386 8093.3035248400119599      94.637674183479362      1708
387 8089.7581392870006312     746.57293827481908011    1712
388 8082.9298014266141763     352.65666038188845732    1717
389 8083.5573664103349074       0                      1721
390 8083.549519061589308        0                      1725
391 8082.3806035202105704       0                      1730
392 8088.1225552421028624     269.56585191087469866    1735
393 8084.1821386012006769       0                      1739
394 8081.9492049443297219       0                      1743
395 8082.0215719533916854       0                      1748
396 8082.2657459772653965       0                      1752
397 8082.8134984825219362       0                      1757
398 8084.0032269556759275       0                      1761
399 8085.6256955776470932       0                      1765
400 8082.0059284752405802       0                      1770
401 8082.9246968064098837       0                      1774
402 8088.9991610018287247     124.47989315984304426    1778
403 8092.8237297588439105       0.06692228822017372292 1783
404 8085.742596818074162      664.26013460322224091    1787
405 8082.7524496315299984       0                      1792
406 8082.8400458179385168       0                      1796
407 8090.0055072564427974     118.7773571582617933     1801
408 8090.0775319931044578     118.44996237599431765    1805
409 8082.660232647376688      313.38611482050521317    1809
410 8081.9582993975354839       0                      1814
411 8083.9848712518596585       0                      1818
412 8087.014104998136645        0                      1823
413 8081.9529198452801211       0                      1827
414 8081.9738285105067916       0                      1831
415 8081.9232996040045691       0                      1836
416 8082.1196155344150611       0                      1840
417 8082.1017937317601536       0                      1845
418 8081.9551552397706473       0                      1849
419 8088.2979891000359203     787.72301600532227894    1854
420 8087.5881697797049128     748.38091761262171531    1858
421 8088.3382245726343172     289.56608468678683721    1862
422 8084.0663452542221421       0                      1867
423 8081.9199338731386888       0                      1871
424 8081.9840130488792056       0                      1876
425 8081.9751623880483749       0                      1880
426 8081.9528166723102913       0                      1885
427 8084.5699997366828029     379.75818992572709476    1889
428 8106.7551853603517884     225.42135435249244324    1894
429 8087.6225200015569499       0                      1899
430 8081.928756232271553        0                      1903
431 8081.9522955187267144       0                      1908
432 8082.7947359347081147       0                      1912
433 8093.0445290783345627      98.815264823687030571   1916
434 8082.0311297684856982       0                      1921
435 8082.2008689887652508       0                      1925
436 8082.9599544951270218       0                      1930
437 8084.1804216582277149     592.65262130642088323    1934
438 8086.7074900299567162     129.23570632881515508    1939
439 8087.8662356960439865     426.8228215783888686     1943
440 8082.5396185391609833     349.88658847719949563    1948
441 8082.0127492153642379       0                      1952
442 8082.0214646126423759       0                      1957
443 8086.3114524858228833       0                      1961
444 8088.0585366241248266       0.64761617438852281392 1966
445 8088.275967654492888      289.60545563706511984    1970
446 8084.1723840576678413       0                      1975
447 8082.8435314332755297       0                      1979
448 8081.9451619749461315       0                      1984
449 8081.9955030584069391       0                      1988
450 8082.0274444161259453       0                      1993
451 8083.9922988078833441     545.65521374789670972    1997
452 8095.1773484666991862     102.6984886195086375     2002
453 8093.7650237572852348     1184.718249277869063      2006
454 8082.7703933474413134       0                      2011
455 8082.9232396265288116       0                      2015
456 8083.9783402760094759       0                      2020
457 8084.0201244033114563       0                      2024
458 8087.7284803405655111       0.49450069113991551584 2029
459 8082.0429983297035506       0                      2033
460 8083.5987961974969949       0                      2038
461 8094.5355865032743168      74.850809737535968225   2043
462 8082.5672347102763524     317.21156974675932361    2047
463 8081.9607167000958725       0                      2052
464 8081.920720577370048        0                      2056
465 8081.9224936411928866       0                      2060
466 8081.9468222389223229       0                      2065
467 8081.9492217388924473       0                      2069
468 8082.0112462599299761       0                      2074
469 8082.7580197173310808       0                      2078
470 8082.1803759739050292     330.85416862205909183    2083
471 8082.922677097628366        0                      2087
472 8090.9812649284131112     832.33566638923969094    2092
473 8092.4677399946149308      87.87006499304187912    2096
474 8081.9726890614419972       0                      2101
475 8087.5469756716338452       0.00058624430991452208 2106
476 8087.2599961400810571       0                      2110
477 8081.9598382340864191       0                      2115
478 8082.086145252606002        0                      2120
479 8096.2482026675170346     106.10897182021321328    2124
480 8096.0847015784675023     106.57945158112339357    2129
481 8082.5328615127273224     318.57232270936799523    2133
482 8081.9276198905636193       0                      2138
483 8081.9278156039645182       0                      2142
484 8081.9385476793677299       0                      2147
485 8082.0704735900944797       0                      2151
486 8088.8937000142623219       0                      2156
487 8081.967615004403342        0                      2160
488 8085.1795615703413205       0                      2165
489 8082.5223148200029755     356.5908152477064732     2169
490 8087.0814085555784914       0                      2174
491 8088.6268131206234102       0                      2179
492 8088.7284608899080922       0                      2183
493 8089.8539814181140173     139.55983806620344012    2188
494 8082.1972440380723128     335.57849070100144218    2192
495 8081.9250454639823147       0                      2197
496 8081.9181511017313824       0                      2202
497 8081.9788046441235565       0                      2206
498 8087.0253499712998746       0                      2211
499 8088.2279868194700612       0                      2215
500 8082.194085010625713      334.73951583815068034    2220
501 8081.9154192493660958       0                      2224
502 8081.9241924405559985       0                      2229
503 8081.9503966068759837       0                      2234
504 8086.7624014317188994     407.24973271065636027    2238
505 8081.9211796458939716       0                      2243
506 8088.3264828792353001     265.1717987689028746     2247
507 8083.4001416821138264       0                      2252
508 8081.9187425570771666       0                      2256
509 8081.9191948144634807       0                      2261
510 8081.9322695784039752       0                      2265
511 8082.9261844161201225       0                      2270
512 8083.7409706018743236       0                      2274
513 8089.8939074717864059       0                      2279
514 8081.9993606999560143       0                      2283
515 8087.3996656446497582       0.41199697337869761737 2288
516 8088.3530007008839675     116.28671938527844532    2293
517 8088.3622190481528378     109.64788849764676115    2297
518 8089.258627983952465      4580.8316598929977772     2302
519 8081.9871106550235709       0                      2307
520 8086.7910978247127787       0                      2311
521 8082.1950821432928933     334.52682288062044336    2316
522 8088.7608279678888721       0                      2321
523 8082.5535480921917042     317.51103960103796453    2325
524 8081.9171255172122983       0                      2330
525 8081.9171287847930216       0                      2335
526 8081.9428681556601077       0                      2339
527 8081.9360582422177686       0                      2344
528 8082.8332300614883934       0                      2348
529 8082.9197071597391187       0                      2353
530 8082.1675192900247566     332.80885166625472493    2357
531 8082.7539192050116981       0                      2362
532 8090.4431653491237739     786.84082149638095416    2366
533 8092.9810563086430193     107.04101284330572241    2371
534 8083.982883005522126        0                      2375
535 8081.9508275187381514       0                      2381
536 8081.9788046441390179       0                      2385
537 8089.044314232493889      735.60601704082750985    2390
538 8082.18884386760692       329.46818534033451442    2394
539 8081.9441515629632704       0                      2399
540 8081.9164202459851367       0                      2403
541 8081.9186758322248352       0                      2408
542 8082.9202199348583235       0                      2413
543 8083.9895338561127573       0                      2417
544 8081.9432299018080812       0                      2422
545 8082.8274601360544693       0                      2426
546 8084.8477956864444423       0                      2431
547 8088.3104717646610879     111.30921465429702266    2435
548 8094.4007102189516445      75.48591912169261775    2440
549 8093.2813807366137553     1165.5394694033195719     2444
550 8083.688188353698024        0                      2449
551 8093.991143480620849      104.84874915069798362    2453
552 8094.3244273013451675     125.47346659453631901    2458
553 8082.1922284010252042     328.91669009825017156    2462
554 8081.9162248666316373       0                      2467
555 8081.917400513548273        0                      2472
556 8088.0793018893273256       0.55523886866521909855 2476
557 8089.2244909889959672       0                      2481
558 8081.9444901388515063       0                      2485
559 8081.9452364257513182       0                      2490
560 8081.9932133078846164       0                      2494
561 8082.1704328653304401     334.20036462964458224    2499
562 8081.9154192493651863       0                      2503
563 8081.9154192493633673       0                      2508
564 8081.9154192493606388       0                      2513
565 8081.9154192493588198       0                      2517
566 8081.9154192493679147       0                      2522
567 8083.6587534777763722       0                      2527
568 8084.8680547586664034       0                      2531
569 8087.0697777804061843       0                      2535
570 8087.1396886348748012       0                      2540
571 8082.1810536552084159     330.3020247006195973     2544
572 8081.9155207554467779       0                      2549
573 8081.9162586047232253       0                      2554
574 8081.9174005135528205       0                      2558
575 8081.9432299018153572       0                      2563
576 8082.753919205029888        0                      2567
577 8081.9887097762330086       0                      2572
578 8082.8077836680040491       0                      2576
579 8082.1675192900120237     332.80885166629599325    2581
580 8089.6587808060312454     751.00527805694378003    2586
581 8092.931003172673627      107.36038724174703418    2590
582 8083.9929198818872464       0                      2595
583 8081.9223597294567298       0                      2599
584 8081.9212586271723922       0                      2604
585 8087.4097960569461065     413.03921442399956732    2609
586 8082.1888438676141959     329.46818534033451442    2613
587 8081.9441515629723654       0                      2618
588 8081.9162248666207233       0                      2622
589 8081.9198844332968292       0                      2627
590 8089.1690989811122563       0                      2631
591 8082.8053541324125035       0                      2636
592 8081.9933946921100869       0                      2640
593 8081.9945348779538108       0                      2645
594 8088.1442752459715848       0.56890346905957678292 2650
595 8088.310471764648355      111.30921465428906458    2654
596 8081.9429966318448351       0                      2659
597 8087.6059146789166334       0.45995852873906167835 2664
598 8081.9195003569720939       0                      2669
599 8081.9932133078955303       0                      2673
600 8088.3122163685711712     110.98520020604667025    2678
601 8082.1901625482696545     332.58070078198488773    2682
602 8083.4399712871490919     327.79783368610424077    2687
603 8084.1373789656581721     350.42486545521410335    2692
604 8089.7596264089443139     139.76410984513353242    2696
605 8083.0082087709743064     322.41686668213878875    2701
606 8092.3740857529210189      87.784942975351569316   2705
607 8089.5419266658082051     747.82317406659808512    2710
608 8083.9887964907802598       0                      2714
609 8081.9441515629641799       0                      2719
610 8087.2018776449804136       0                      2724
611 8081.9168212658996708       0                      2728
612 8081.9171287847939311       0                      2733
613 8081.9483730331539846       0                      2737
614 8082.9237054621380594       0                      2743
615 8082.9227970572546838       0                      2747
616 8083.986133945731126        0                      2752
617 8088.4772266952313657       0                      2756
618 8089.0862916539144862     132.29956593749636795    2761
619 8081.9877965038303955       0                      2765
620 8088.2842378927052778       0                      2770
621 8087.7218906962443725       0.51218274807933550363 2775
622 8082.1810536552202393     330.30202470064023146    2779
623 8082.9202199348465001       0                      2784
624 8082.4926641940028276     357.70778458805250466    2788
625 8082.499406363428534      359.44597617527455213    2793
626 8083.9938658086311989     548.54437996353078688    2798
627 8086.6790686286103664     127.4587228488098134     2802
628 8087.7717070280641565       0.00492643378149173854 2807
629 8088.9861231798222434       0                      2811
630 8081.916361909799889        0                      2816
631 8081.9847604919104924       0                      2820
632 8081.9171294087327624       0                      2825
633 8081.9207226971630007       0                      2830
634 8081.9238411754040499       0                      2834
635 8082.757334491160691        0                      2839
636 8089.4290234361487819     745.211844882495825      2844
637 8093.1463030188879202     106.4013212240199806     2848
638 8081.9858504820695089       0                      2853
639 8087.3211884298734731       0.38262292310084239366 2863
640 8082.499491969410883      359.15191054860275699    2882
641 8083.9884748405202117     552.80134823197010974    2898
642 8086.6483658166207533     126.95975836856010233    2907
643 8089.0565678856346494     132.15599202866039263    2912
644 8092.1235654828424231     262.01021808768661003    2916
645 8082.1660826803499731     332.25535806024936392    2921
646 8093.0231075800775216     1159.5395638546688133     2926
647 8095.5771994917549819      84.709761057283188279   2931
648 8089.095920320903133      4499.679109941887873      2936
649 8081.9191948144616617       0                      2940
650 8081.9162248666279993       0                      2945
651 8087.0603468565614094       0                      2949
652 8082.1703909955222116     331.97235854718047676    2954
653 8088.3152882094027518     110.81799840982884575    2959
654 8088.5440708352762158       0                      2963
655 8088.342673710314557        0                      2968
656 8081.9195003569775508       0                      2972
657 8087.1050349985944194       0                      2977
658 8087.0167615580630809       0                      2981
659 8082.9448575964215706       0                      2986
660 8082.0240816926934713       0                      2991
661 8083.9843793784120862       0                      2995
662 8083.9893926994882349       0                      3000
663 8084.0148496456413341       0                      3004
664 8094.6491094616649207      74.712793565123106987   3009
665 8094.7575274613163856     1303.6289814128847411     3013
666 8084.2141182249151825       0                      3018
667 8081.9164530493508209       0                      3023
668 8081.9184050267194834       0                      3027
669 8087.345433218015387        0.40694526812961556717 3032
670 8082.7542157239868175       0                      3036
671 8082.9223788948120273       0                      3041
672 8083.6266678479250913       0                      3046
673 8087.355880336739574        0                      3050
674 8085.0638985262967253     609.83120474380643827    3055
675 8087.7478444876451249       0.00387078771720737128 3059
676 8092.1371463848090571     261.59384236079006314    3064
677 8083.9843793784139052       0                      3069
678 8087.1752945476991954       0                      3073
679 8086.9605124484105545       0                      3078
680 8083.4356849114437864     326.07968148849221279    3082
681 8088.3413736756747312     111.11675832723901181    3087
682 8083.0070064095025373     321.04949673180789205    3091
683 8087.71017425739592       416.87773699670600536    3096
684 8092.8254786648394656      99.876147444370246831   3100
685 8083.9860435933524059       0                      3105
686 8084.1969716500316281       0                      3110
687 8087.1112011237073602       0                      3114
688 8083.629913715191833        0                      3119
689 8095.5060787669717683      84.571687798488270005   3123
690 8094.0962701954740623     1253.9923509928471503     3128
691 8081.9195003569848268       0                      3132
692 8081.9191948144552953       0                      3137
693 8082.1758738120670387     333.66771823269289143    3142
694 8087.437490611555404        0.0000899511111159858  3146
695 8087.1181554789536676       0                      3151
696 8082.7627320236415471       0                      3156
697 8082.764461853424109        0                      3160
698 8086.7872115390227918       0                      3165
699 8081.9151187665493126       0                      3169
700 8081.918617281285151        0                      3174
701 8081.9820779239134936       0                      3178
702 8087.3447479466940422       0                      3183
703 8081.9773264851746717       0                      3187
704 8082.1758769633506745     330.58425357066994366    3192
705 8081.9155516068585712       0                      3196
706 8081.9246942477866469       0                      3201
707 8081.9340643511932285       0                      3205
708 8081.9922880056865324       0                      3210
709 8082.8133080042271104       0                      3214
710 8082.9199913934326105       0                      3219
711 8086.6574574711839887     126.11684180539374722    3224
712 8083.3883786094793322     346.46103308443667856    3228
713 8093.2203589973914859     1162.3993109091891256     3233
714 8094.2237701320009364      75.904616135612613448   3237
715 8082.553677692329984      363.79251250011651564    3242
716 8081.9815468447695821       0                      3247
717 8081.9155161040325765       0                      3251
718 8081.9186758322221067       0                      3256
719 8081.9191705067723888       0                      3260
720 8081.9428681556628362       0                      3265
721 8081.9888256744061437       0                      3269
722 8082.7544190112976139       0                      3273
723 8093.0960768736040336     331.79024841328805451    3278
724 8082.1625053116558774     332.53839088272098934    3282
725 8095.6049654997204925     104.36505324231839609    3287
726 8092.730671317868655      1148.603159012198148      3292
727 8086.9241987619479914       0                      3296
728 8082.1783531546216182     330.03190598414511214    3301
729 8081.9912796823036842       0                      3305
730 8081.9163619098035269       0                      3310
731 8082.8052140756672088       0                      3314
732 8082.8074499038093563       0                      3319
733 8081.9429209166819419       0                      3323
734 8082.1636453991814051     333.09223647734324913    3328
735 8084.8601774469361771       0                      3332
736 8092.4835711329924379      87.507430078059172729   3337
737 8089.207774515733945      740.00464025630651577    3341
738 8081.915516104035305        0                      3346
739 8081.9722428138538817       0                      3351
740 8087.1445593085791188       0                      3355
741 8081.9193024226642592       0                      3360
742 8081.9877869282281608       0                      3364
743 8081.9877965038267575       0                      3369
744 8082.8077205616509673       0                      3373
745 8082.9205358412373243       0                      3378
746 8087.5711010755539974       0.00103570362936604237 3382
747 8088.2331086860594951       0                      3387
748 8088.3138388602274063     111.14183705928374479    3391
749 8081.9151187665493126       0                      3396
750 8082.1783531546261656     330.03190598414164469    3401
751 8081.9470804995544313       0                      3405
752 8082.753557560842637        0                      3410
753 8082.4954242079829783     358.87015193792774426    3414
754 8086.6461067866121084     126.43516629325468159    3419
755 8083.9855062337155687     548.3523089886721209     3423
756 8083.9727637076175597     552.41655442874639448    3428
757 8088.8267219292174559       0                      3432
758 8089.3843713780406688       0                      3437
759 8092.1455120259761316     263.03687633817457936    3441
760 8088.2107448015676709      77.314359309759964844   3446
761 8087.4269816195364911       0.40112005737353334522 3451
762 8081.9447176600388048       0                      3455
763 8083.9884955984407497       0                      3459
764 8082.1612705532925247     331.6806402587827165     3464
765 8083.9899556892496548       0                      3469
766 8082.7986017235525651       0                      3473
767 8089.0586847345721253     131.42474728149755947    3478
768 8088.1211589304366498     424.92818544911801837    3482
769 8092.2104454268901463     101.97298671455966712    3487
770 8081.9233698682774047       0                      3491
771 8089.2962338571833243       0.26964750524712610691 3496
772 8082.1714309707467692     330.8665159394499824     3501
773 8081.9447176600469902       0                      3505
774 8090.1768747124460788     781.88857352930938305    3510
775 8093.035576936610596      106.70749465685622681    3514
776 8082.1612705532761538     331.68064025877936274    3519
777 8087.0872868567985279       0                      3524
778 8082.7533523686297485       0                      3529
779 8082.7813318836915641       0                      3533
780 8084.1414089456966394     353.84316495765671107    3537
781 8087.4282545998739806       0                      3542
782 8088.3138943076646683     111.46633333929086973    3547
783 8088.312492951115928        0                      3551
784 8081.9207226971466298       0                      3556
785 8082.7534164636772402       0                      3560
786 8087.095931861867939        0                      3565
787 8087.2531710228358861       0.36594786387170008535 3569
788 8082.1742036670029847     330.31381660972959935    3574
789 8082.7803778779789354       0                      3578
790 8082.1858338612573789     332.55931728693525429    3583
791 8087.978938280134571        0                      3587
792 8088.3064839327353184     111.12929748926006823    3592
793 8081.9167177763920336       0                      3597
794 8081.9172324014207334       0                      3601
795 8081.9484294637741186       0                      3606
796 8081.9171255172122983       0                      3610
797 8082.7582631589621087       0                      3614
798 8087.4521920163915638       0.00036853370743641353 3619
799 8081.9325147048630242       0                      3624
800 8081.9169433636252506       0                      3628
801 8087.3577939241458807       0.38405141351083965651 3633
802 8081.9480346852251387       0                      3637
803 8082.7816010570277285       0                      3642
804 8082.7558430909512026       0                      3646
805 8082.998138912075774      321.30702205299763818    3651
806 8088.1091019228524601       0                      3655
807 8087.6357477265119087       0.00225635028210442084 3660
808 8088.3112017077883138     110.63846833696909755    3664
809 8081.9292845302406931       0                      3669
810 8081.9155516068603902       0                      3674
811 8087.0274551708453146       0                      3678
812 8082.7553443563447217       0                      3683
813 8083.6263736010178036       0                      3687
814 8082.8235175980298663       0                      3692
815 8088.8071032907473636       0.17883654258193171227 3697
816 8089.8969094915764799       0                      3701
817 8083.9841287306526283       0                      3706
818 8081.9175917182537887       0                      3710
819 8084.0165625339232065       0                      3715
820 8093.8754184013941995     112.73761210617998074    3720
821 8082.4911685311935798     357.42591302992684632    3724
822 8081.9171294087400383       0                      3729
823 8082.9225979244720293       0                      3733
824 8081.9507148661959945       0                      3738
825 8082.7587413767232647       0                      3742
826 8089.0496642459156647       0                      3747
827 8090.0030758148132009       0                      3751
828 8081.9233698682646718       0                      3756
829 8082.4963628036330192     359.16389207633847036    3761
830 8082.1662878288398133     333.64622800431840233    3765
831 8085.7356290415154945     645.87621089137030594    3770
832 8087.8769876436681443     156.68704019221496537    3774
833 8089.153943098432137      117.9449226126336896     3779
834 8092.1505515320259292     262.87604937188956455    3783
835 8081.9206495070930032       0                      3788
836 8081.9167177763829386       0                      3792
837 8081.9842304234834955       0                      3797
838 8087.2339563524164987       0                      3801
839 8082.1937655521196575     331.74426693538669042    3806
840 8088.3190959501434918     110.65097358313384746    3810
841 8082.1628485197288683     333.92999809758106267    3815
842 8088.8964081010044538       0.199069952434888231   3819
843 8088.3386459172297691     111.93401827830815876    3824
844 8088.3451717248326531     110.94954751526617542    3828
845 8089.0882273539391463       0                      3833
846 8081.9175675008182225       0                      3838
847 8087.4968227371946341       0.00135933741699579961 3842
848 8087.8419224791277884       0.53199903907870327302 3847
849 8081.9206495070930032       0                      3851
850 8081.9193173883659256       0                      3856
851 8082.9989959702661508     321.60642301911974528    3860
852 8082.1613274428227669     332.23394583498935617    3865
853 8089.1521338390839446     117.09321033765770892    3869
854 8082.1720281186762804     333.951462069770173      3874
855 8089.1629198795317279     118.13020130619456438    3878
856 8092.5115681228335234      87.356759995828895171   3883
857 8090.0462355956842657     779.41925647797506826    3887
858 8088.3578361758909523     113.15512068934211243    3892
859 8086.8584255427485914       0                      3896
860 8084.8526635116695616       0                      3901
861 8088.3102320428479288     111.63388668982986474    3905
862 8089.1544967543650273     117.61108264801349321    3910
863 8090.3122811007287964     812.54007972780107139    3914
864 8092.586392223304756       87.101808514852777421   3919
865 8081.9904444413432429       0                      3923
866 8081.9162446564741913       0                      3928
867 8081.9172030415002155       0                      3933
868 8087.0377358322812142       0                      3937
869 8083.624920966350146        0                      3942
870 8087.7069411422635312       0.47398137414811936097 3946
871 8089.3696566923390492       0                      3951
872 8082.1660247780482678     330.84516020891197741    3956
873 8081.9172324014280093       0                      3961
874 8087.2348273518537098       0                      3965
875 8087.6457274327121922       0.00209339707288428876 3972
876 8084.880216310747528        0                      3976
877 8081.9973591352509175       0                      3981
878 8081.9186758322184687       0                      3985
879 8081.9851735521624505       0                      3990
880 8081.9858504820604139       0                      3994
881 8087.2250688398589773       0                      3999
882 8087.6599061841125149       0.00307700152691835292 4003
883 8083.9971784219751498       0                      4008
884 8083.9841287306480808       0                      4013
885 8084.207545335805662        0                      4017
886 8081.9452364257740555       0                      4022
887 8082.9225881520005714       0                      4026
888 8087.4894598367600338       0.00100014278340631604 4031
889 8088.2526556860775599       0                      4035
890 8082.4915085665988954     357.40441088859370211    4040
891 8086.9839763841227978       0                      4045
892 8082.9190409795282903       0                      4049
893 8082.9487096250331888       0                      4054
894 8089.3176394764705037     742.60566800591391257    4059
895 8082.1648761327605825     331.39796647915977701    4063
896 8083.0007325325223064     322.15116088675443962    4068
897 8089.1807516724811649     117.91883851511157388    4072
898 8082.1636453991786766     333.09223647733989537    4077
899 8081.9904444413486999       0                      4082
900 8083.3736000706994673     349.2538558816234513     4087
901 8083.9929198818554141       0                      4091
902 8086.6587458990607047     127.49939333811947506    4096
903 8087.2587862378395585       0                      4100
904 8087.6215903872944182       0.00142747574640797589 4105
905 8082.4958025967725916     358.55485589048475958    4109
906 8093.2609117173296909     107.31733656502517249    4114
907 8083.4318791422256254     325.93745783195276999    4118
908 8087.5496258479925018       0.00166008294306728963 4123
909 8088.2605082651789417       0                      4127
910 8081.9171255172159363       0                      4132
911 8089.9516156837407834       0                      4137
912 8083.9652564784209972     324.31862183740122418    4141
913 8093.7669135446340078     127.41563964513926521    4146
914 8087.1317094724990966     142.98525904256590024    4150
915 8081.9717048533002526       0                      4155
916 8081.9433451492468521       0                      4160
917 8082.919108175803558        0                      4164
918 8082.9494417432615592       0                      4169
919 8082.4910330404263732     357.11141423587446297    4174
920 8092.3385913458814684      87.806835146368328537   4178
921 8089.3542799547885807     742.90479416908215171    4183
922 8082.1625053116522395     332.53839088270393631    4187
923 8083.9756112238437709     547.48827181239619222    4193
924 8086.684763546612885      127.29320806063604721    4197
925 8082.5197914999662316     357.44834053395254614    4202
926 8088.2985193225358671       0                      4206
927 8088.366436346219416        0                      4211
928 8092.1567234891499538     261.99694520598717418    4215
929 8082.5040090381253322     359.7616665175187336     4220
930 8086.6428960884195476     125.89801050905312252    4224
931 8083.9883826928544295     542.58259136702804426    4229
932 8089.1504996832345569     117.42620992452329176    4234
933 8082.1893088869437634     332.27619037571776062    4238
934 8083.0039734546826367     322.69604909079845356    4243
935 8088.3137315308113102     110.31546624937526246    4247
936 8083.0252509975671273     320.26071077148731092    4252
937 8092.9639983894812758     106.99012713771334404    4256
938 8090.2529847130845155     784.25635328205385122    4262
939 8092.123565482851518      262.01021808770087773    4267
940 8081.9213485773088905       0                      4272
941 8087.0509306668936915       0                      4276
942 8082.1901807397407538     332.02701568381110064    4281
943 8092.8538891194066309     1153.1623472510098054     4285
944 8094.617030654591872       74.851905285913176158   4290
945 8082.4964488598607204     357.08990648473138663    4294
946 8082.4924401733696868     358.00110906883207917    4299
947 8087.9041043571151022     156.25881498422916138    4304
948 8092.2996502285986935     101.96190738160572664    4308
949 8088.9289537946006021     455.28757529514052749    4313
950 8081.9318451062599706       0                      4317
951 8087.4161157161825031       0.00032564072151839443 4322
952 8088.3939367233342637       0                      4326
953 8082.1625053116431445     332.53839088270393631    4331
954 8081.9749573504850559       0                      4336
955 8081.9438694486507302       0                      4340
956 8082.1881997533810136     333.41801848882528247    4345
957 8088.3175699302591966     110.14882465697010616    4349
958 8082.1648761327496686     331.39796647915977701    4354
959 8088.3410837832807374     111.4411895012863738     4358
960 8095.2572161594644058     104.96205212982235366    4363
961 8093.0747215722294641     1159.6561459434267363     4367
962 8081.918787448207695        0                      4372
963 8086.65365806320915       126.44894506134221501    4377
964 8083.9628781308356338     323.51222570809346735    4381
965 8087.3322386417548842       0                      4386
966 8082.0016858128001331       0                      4390
967 8088.3266822002387926     111.15436506187661792    4395
968 8082.1723429173343902     334.79012136252561049    4400
969 8084.1455573161756547     352.74174974631540636    4404
970 8089.1598723677680027     118.6377084884376103     4409
971 8092.4477259711893566      87.529261818653978366   4413
972 8090.4426261022326798     815.06370099519483574    4418
973 8082.4974563735750053     358.02267505700251604    4423
974 8085.0656326187063314     620.26168708379327654    4427
975 8085.1880265672680252       0                      4432
976 8092.2476949302454159      88.029905601615112687   4437
977 8093.0062578907754869     294.72132154610989119    4441
978 8090.6335603015158995     818.90012259618697499    4446
979 8087.0014011499761182       0                      4450
980 8082.017206981239724        0                      4455
981 8088.9829474728703644       0                      4460
982 8082.0036956308840672       0                      4464
983 8081.9187874482086045       0                      4469
984 8082.9234475227376606       0                      4474
985 8082.1757539620384705     334.50599230079291146    4478
986 8088.3236718480502532     111.97178318651823759    4483
987 8089.0570496759273738     132.32695756908606199    4487
988 8089.1807318640821904       0                      4492
989 8081.9233698682755858       0                      4496
990 8081.9904444413541569       0                      4501
991 8092.275554526585438       87.87890058721278308    4506
992 8089.4146334525830753     744.15196596601219881    4510
993 8081.9269196227851353       0                      4515
994 8081.9164202459878652       0                      4520
995 8088.3217551453035412     110.32796767586899023    4524
996 8082.1949892547663694     331.19108117254501167    4529
997 8087.3778176966643514       0.00000013237185095479 4534
998 8087.0587663241512928       0                      4538
999 8086.807179671403901        0                      4543
1000 8086.7407008157706514       0                      4547
