1 8711.4381773767581763     7573.6256747343577445     5
2 8723.0207934958871192     5431.8496342470007221     9
3 8814.8363511731295148     7905.2461457170402355     14
4 8817.4084201580189983     8010.6772871679804666     18
5 8830.717029600909882      8024.9385145264850507     23
6 8678.2509912885907397     866.89453389671109562    27
7 8688.815945859407293      2218.2765639029571503     32
8 8678.001117205076298      1035.9341219428010845     36
9 8683.2996826326198061     979.15057742047895317    41
10 8679.9149753229503403     104.3172208341756857     45
11 8595.1058467222246691     658.47841180483521839    50
12 8436.6662778051395435     2524.0099099688122806     54
13 8789.5345303687045089     2813.9849778165380485     59
14 8571.5773160146891314     930.93287643394501174    64
15 8589.7055076794185879     1308.9814143091236929     68
16 8666.5028961951975361     4386.6855497296874091     73
17 8595.7042966103217623     2024.3728054995365255     77
18 8410.8911467644829827     2023.1336015549791227     82
19 8665.7404507490209653     1498.7604500667887351     86
20 8732.8448833193797327     878.54258541854767373    91
21 8616.5629209359794913     6106.5068666333090732     95
22 8679.4544688529858831     689.45015809400206308    100
23 8701.8165247949509649     535.47440108600017084    105
24 8585.7638800097174681     839.84791238890511522    109
25 8611.8461958002717438     1736.1270407415149748     114
26 8603.8591137326911849     1595.5221971940115964     119
27 8844.108275187889376      6340.9006835715526904     124
28 8432.7192616678003105       2.7245439709735421729  129
29 8338.8418663141073921     1891.5394555161542485     133
30 8483.1205572964572639      65.03700792664120911    138
31 8511.7718847243722848      23.065846083363755525   143
32 8601.9206718900204578     525.98463649148811783    148
33 8604.7153834511263995      54.245912301366843167   153
34 8406.9451143825790496     1473.7175995947784486     158
35 8430.1662890959778451       0                      162
36 8441.0878758465605642      24.132539523925430558   167
37 8431.9870394358295016       1.1246250731910250042  172
38 8481.2011242917651543     1894.331610564849143      177
39 8701.3371646625018911       6.1230926489477655039  182
40 8424.0109722030938428     1230.3634819789765515     187
41 8289.8707450744768721     890.13286268121237299    192
42 8437.1315277790308755     1459.9152310936874528     196
43 8675.8788928741614654      84.600871014646259027   201
44 8311.6684887505398365     992.79876607515507203    206
45 8444.8546501472865202     681.71903321802221853    211
46 8460.4825374232386821     9769.3947582619039167     215
47 8373.6953738599950157     4134.621655128459679      220
48 8530.7620802607289079     5343.3547462882943364     225
49 8538.1846419005705684     9087.1406348807704489     230
50 8613.8039886252045108      13.680387284473189524   234
51 8667.3169278644745646     706.78363334667494655    239
52 8970.9307277350635559     10990.147984966082731      244
53 8729.0792700320216682     29544.441035902087606      249
54 8418.0888154953645426     9554.9377015885165747     254
55 8678.4801614272510051       3.1561923055827696416  259
56 8553.720053176406509      4087.3992790224515375     263
57 8873.3831434891344543      46.80504105288561334    268
58 8473.9486192229487642      18.770210391691666274   273
59 8516.1324865917995339      38.304358242448969918   278
60 8496.4239946524612606      42.837652745960916434   283
61 8603.0465147471441014      28.889336128575941132   288
62 8506.4288683707945893       8.0933962608914207237  293
63 8546.0042525627213763      82.945803212575441421   298
64 8506.5628977575142926      12.504116287222181825   302
65 8650.9509612825731892       4.7280881424177643169  307
66 8611.1697595276236825      21.504456047578322853   312
67 8582.3895142585806752      12.333730822928041349   317
68 8431.0181382832797681       1.8627283938097582983  322
69 8365.9514010307993885       0                      326
70 8260.6678825521030376     250.48954898208415898    331
71 8369.055322990167042      817.98430191313514115    336
72 8618.3476432544084673     157.83789750378940653    341
73 8517.7845835191201331       1.7729750157323169724  346
74 8515.1564373708006315     222.73239532320630474    351
75 8510.8647364365297108       4.5230234496876926542  355
76 8392.2391256490736851     289.83667258491163921    360
77 8593.985836504276449       28.923479011439539477   365
78 8332.8501994405960431       0                      370
79 8355.2607374408489704     529.953038390736765      374
80 8259.3974585547312017       0                      379
81 8323.4790756849597528     448.60945202498652407    384
82 8278.2703984682011651     155.25829339013318986    390
83 8393.9383070895837591     105.35904429246177472    394
84 8368.1727498561158427       0                      399
85 8368.0742408734913624       0                      404
86 8283.7518860631607822     180.96152382541293946    409
87 8492.9664608493367268      41.54128752837102212    414
88 8213.8138365741542657       0                      418
89 8439.0598118485067971      16.268389850683437459   423
90 8315.3939606141448166     331.35376242392663926    428
91 8471.3672473371225351       0                      433
92 8253.3751961581510841     135.7259462903741678     438
93 8364.7623970373679185      21.273397785606128707   443
94 8365.3640063921866385       0.4921193739283675761  447
95 8499.4878536086107488     173.9285489112311609     452
96 8507.889036799348105       15.142826084046005164   457
97 8607.964879068749724       13.399326560395456553   462
98 8190.1727456239841558       0                      467
99 8498.3713047749333782       2.3268211655498234336  472
100 8297.9284133011569793       0                      477
101 8151.6437496036824086     116.56342242582921642    482
102 8486.1405681656578963      45.011319870124246734   486
103 8456.0031956256971171       1.5654339645531685221  491
104 8124.9728708138027287       0                      496
105 8364.7492683140717418     921.26942568085496532    500
106 8289.6027521137693839     851.59714269249059271    506
107 8296.099097626251023      836.80827381391020481    510
108 8150.083820113783986       79.096911603647356515   515
109 8405.1152809775012429      77.581202132835343832   520
110 8308.8526996019572834     478.65680014964755173    525
111 8611.2973089901424828     3786.9803572775799694     530
112 8182.567988949885148      843.77205435733185368    535
113 8300.4701232047027588      75.208839013542203134   539
114 8173.0317169930021919     1170.8034096276253422     544
115 8658.3659207992932352     914.0042721016232008     549
116 8192.0136567928166187     2080.9366042501883385     554
117 8259.820047739900474      1439.6327188011523504     559
118 8612.7742887064177921     1420.1924073941445386     563
119 8602.8710165860138659     5052.3392160631901788     568
120 8502.1160895672528568     1614.2122391202610743     573
121 8478.5734229114586924      23.992665948477871041   578
122 8156.9941277375919526       0                      583
123 8125.2942269515597218      94.009212869106818289   588
124 8497.3196063215127651      55.211167469385287632   593
125 8122.5157584930329904     2453.9576230654333813     598
126 8125.8974950123301824       0                      603
127 8149.7542975957503586       0                      608
128 8133.0010032780437541       0                      613
129 8096.0913455208556115       0                      618
130 8361.0131134233379271      27.327084829583732528   623
131 8488.3854011032162816       0                      628
132 8495.5174050071291276       0.03981302393417544133 633
133 8161.8951629634257188      47.852361210261250335   638
134 8313.4359479935101263      80.574060533177203069   642
135 8196.0512340412715275       0                      647
136 8631.9488347260266892     118.15512699390802709    652
137 8250.1507973977677466     1560.0356180889355073     657
138 8145.7342727498462409     3502.0732050327842444     662
139 8145.9933499485241555       0.17436419186861362718 666
140 8152.5236280280696519       0                      671
141 8199.9630648385082168       0                      676
142 8264.9612123342740233     1711.2134950762599601     681
143 8319.4054723191729863       5.0661034833342508676  685
144 10062.524237946548965      3387.1792906179753118     690
145 8361.6711392102097307     498.9894270032195891     695
146 9058.9582486128201708      48.250191557976584988   700
147 8418.9597638139548508      26.455994635277871652   705
148 8247.0226262311462051      32.428557130859346103   710
149 8221.1769226828146202      98.54498737304027145    715
150 8386.5892710352673021      50.70907507292775307    720
151 8129.5434582432326351       0                      724
152 8142.2435967640985837      68.602719137243980185   729
153 8158.6604549968124047       0                      734
154 8163.3005134533741511       0                      739
155 8921.2440704201435437      30.432157543609967831   744
156 8168.7925899857000331     121.37925131141724933    749
157 8133.9309198789842412     276.87974783299034698    754
158 8159.7358292786429956     1824.145254561474303      758
159 8501.5548032773695013     3875.6037884986089921     763
160 9504.8377844003589416     3470.2251236701827111     768
161 8212.6575164064197452       0.67303633873884238792 773
162 8210.2119287831192196       0                      778
163 9063.5974995400920307       0                      783
164 9066.2759197912619129       0                      788
165 8181.6255701594463972      18.872762191608877913   793
166 8432.6133374237251701      19.671113280378424548   797
167 8092.5743200110882754       0                      802
168 8138.9580807505853954       0                      807
169 8171.0951196804990104       0                      812
170 8228.5417299705786718       0                      817
171 8136.4436123864552428      44.016791548941164081   822
172 8372.1373775921456399      37.189759584977799989   827
173 8103.793424169226455        0                      831
174 8107.8037636463031959       0                      836
175 8094.8455068233797647       0                      841
176 8229.358387693626355        0                      845
177 8238.1141989016232401       0                      850
178 8092.8647054950160964       0.0611090534468351626  855
179 8151.9821385751474736      24.682940234960504711   860
180 8156.6805150641648652     135.0495958416125859     865
181 8346.3413587496361288      30.933322180135171209   870
182 8766.1428427546161402     295.41360283966662337    874
183 8247.3278529630006233       3.2854994450000645223  879
184 8813.18219269792462        80.287891718690843845   885
185 8169.4890020357761387     134.69528669710902591    889
186 8169.8497125294124999     134.58011166560834226    894
187 8342.2134279489218898      46.099153161982847848   899
188 8087.3351819408408119       0                      904
189 8086.8204643115041108       0                      909
190 8098.4319967913197615       0                      914
191 8336.7515193958970485       0                      919
192 8092.74032423722565         0.44363578727545965874 924
193 8362.5421135060187225       0                      929
194 8138.8637236874346854      38.723287712485252143   934
195 8347.728389320862334       44.35093646531000644    938
196 8111.2468910870411491       0                      943
197 8106.1821131413025796       0                      948
198 8094.9462285123026959       0                      953
199 8108.3485175110599812     204.3661598531561765     957
200 8085.9318471893129754       0                      963
201 8324.2257968941194122       0                      968
202 8292.8694621148952137       0                      973
203 8107.9631483864359325       2.4157178288908833785  978
204 8190.5180292900204222      13.474361192608457216   982
205 8345.0135582209986751      34.625678705917856348   987
206 8086.2380632584554405       0                      992
207 8100.027345499727744        0                      997
208 8137.3056035997051367       0.90468561061818553171 1002
209 8152.5562383490960201      26.959693359809712376   1007
210 8150.804423059691544      116.34839438037518278    1011
211 8161.956593499237897        0                      1016
212 8458.1104238031366549      84.953340286660022684   1021
213 8086.3082902969617862     367.97312533576183569    1027
214 8491.3918025378625316     634.89463561291199767    1032
215 8756.7720637174352305     483.0990076960283659     1036
216 8118.1875320079561789       9.3319902431582466562  1041
217 8147.0903079513682314      37.903225431493609676   1047
218 8565.2961637871048879     244.63694169073886542    1052
219 8613.7356537082050636     178.57174892914358111    1056
220 8222.9227451540355105     242.61775681611115374    1061
221 8246.1637994255634112     109.7277371877977572     1066
222 8082.3684008309364799       0                      1071
223 8158.8369017125160099       0                      1075
224 8178.1257263072920978      37.622559694296661803   1081
225 8196.4124839757678274      14.574126513385685655   1085
226 8108.0509386829744471      62.323759376592441583   1090
227 8340.4569953049140167      36.841260913012789047   1095
228 8095.4257878941334639       0                      1100
229 8113.3875721601516489       0                      1105
230 8108.8989198135213883       8.8485424873878955054  1109
231 8118.7920239756540468       0                      1114
232 8084.349069966731804        0                      1119
233 8083.3393127460140022       0                      1124
234 8088.699549579970153      120.2663951835276066     1129
235 8110.7590623581472755       0                      1134
236 8478.2823949868870841      59.339898809692414261   1138
237 8415.3079689769656397     302.56408346386245967    1143
238 8121.3770301039139667       0                      1148
239 8153.3361871144279576       0                      1154
240 8099.6723671309437123       0                      1159
241 8120.6420811664283974       0                      1164
242 8394.168356812941056      163.49070402581915573    1168
243 8156.4541107958793873      44.105098667420904235   1173
244 8351.1537022573811555      31.415629636393909152   1178
245 8094.3313310130170066       0                      1183
246 8083.5873344332785564       0                      1188
247 8083.5914492793817772       0                      1192
248 8082.8443537713610567       0                      1197
249 8084.2650227068024833       0                      1202
250 8095.5215506576532789       0                      1207
251 8086.7946025574701707       0                      1212
252 8112.1078951782137665     175.02647464499111152    1217
253 8458.5471019383221574     491.46136003927108504    1222
254 8518.3687087803300528     142.27570838959258026    1227
255 8115.4014469678104433     205.12580137824684812    1232
256 8090.5196689064987368      14.20086320431972382    1237
257 8106.1314112922946151      18.382441576492318802   1242
258 8194.9485411863988702     105.59249095852477751    1247
259 8105.7884735807556353       6.6617492686200545648  1252
260 8083.4155858646472552       0                      1256
261 8083.8351095162215643       0                      1261
262 8083.1963345598696833       0                      1266
263 8086.6325210007753412       0                      1271
264 8082.4772063918398999       0                      1275
265 8083.3491320806770091       0                      1281
266 8086.2540987238717207     261.04079374392932777    1286
267 8088.7969511482788221     114.1315108871826709     1290
268 8506.8677939400731702       0.20702544549410897834 1295
269 8480.5195176782654016       0                      1300
270 8082.4580828241341806     342.12869723004035905    1305
271 8084.9965889284303557       0                      1310
272 8084.9866056357022899       0                      1315
273 8111.8700554182250926     220.49961967464136592    1320
274 8086.1239911181210118       0                      1325
275 8084.9848975749391684       0                      1329
276 8082.7618825758763705       0                      1334
277 8082.4029053559534077       0                      1339
278 8082.9864243058409556       0                      1345
279 8083.7160513008911948       0                      1350
280 8082.6742828550359263     317.17875721595231653    1355
281 8082.725449309969008        0                      1359
282 8083.2136440145213783       0                      1364
283 8494.5878372417264472       0                      1369
284 8494.7137342395526503       0                      1374
285 8092.4899329006802873     133.05879070797135455    1379
286 8088.7429598044072918       0                      1384
287 8088.4562174712045817       0                      1389
288 8083.7936108989169952     306.16185710095527384    1393
289 8082.3861414974953732       0                      1398
290 8082.683096502164517        0                      1403
291 8082.7458939898233439       0                      1408
292 8082.7761663577894069       0                      1413
293 8082.1620578557658519       0                      1418
294 8082.2047412184747373       0                      1423
295 8083.3773188542472781       0                      1427
296 8083.4415938737538454       0                      1432
297 8113.4773787032690961     219.33693277243025932    1437
298 8085.9775800290208281       0                      1442
299 8082.3433860477471171       0                      1447
300 8082.9953354485587624       0                      1452
301 8083.0825644994220056       0                      1457
302 8082.505202914142501        0                      1466
303 8082.0736992303363877       0                      1472
304 8086.3973268873996858       0.3126180976965009517  1477
305 8082.0885390358253062       0                      1482
306 8190.7970558311590139     110.05177917720989456    1486
307 8105.8380815317595989       3.8428906112641065818  1492
308 8082.0997493911936544       0                      1497
309 8082.2865985179623749       0                      1501
310 8082.4308751760072482       0                      1506
311 8082.4740080131787181       0                      1511
312 8082.0890351272919361       0                      1516
313 8082.4626302600418057     317.86611421708107628    1521
314 8082.899086645056741        0                      1525
315 8083.7872489268265781     286.35549515337856974    1530
316 8491.6457042811598512       0                      1536
317 8496.2514799643449805       0                      1541
318 8092.9281958058400051     144.67916712819260283    1546
319 8085.2542755335816764       0                      1551
320 8085.2661792264898395       0                      1555
321 8082.8942955403763335     343.41949897841993788    1560
322 8082.0878212888856069       0                      1565
323 8082.3028623675982089       0                      1570
324 8082.0990082742273444       0                      1574
325 8083.9789232072589584     318.55614483385721769    1579
326 8082.132450944491211        0                      1584
327 8082.2112936488338164       0                      1589
328 8082.3242106915722616       0                      1594
329 8082.9514954335272705       0                      1599
330 8083.0714361232294323       0                      1604
331 8501.1100967277088785       0                      1609
332 8493.3170494989099097       0.98313644065032346209 1614
333 8081.9953115749740391       0                      1619
334 8082.4959179958577806       0                      1623
335 8083.2336774751274788       0                      1628
336 8178.1983658456902049     121.9138617893369485     1633
337 8107.2104795955392547       4.2573532064463428526  1638
338 8082.0490285436917475       0                      1643
339 8082.4779988772515935       0                      1648
340 8083.7361316803689988       0                      1652
341 8082.2732155281810265       0                      1657
342 8082.2511161774145876     337.99229788685670428    1662
343 8082.8693782496357016       0                      1667
344 8083.0010364715490141       0                      1671
345 8084.0773560540983453       0                      1676
346 8492.647835204446892      114.89335738544691878    1681
347 8499.7265163517949986     390.66241745588143885    1686
348 8085.0104612989089219       0                      1691
349 8085.1620868638119646       0                      1696
350 8084.2799027560704417     349.7323923041060425     1701
351 8082.1282627593091092       0                      1706
352 8082.0191708557658785       0                      1711
353 8082.0605772954950226       0                      1715
354 8081.9576128817225253       0                      1720
355 8081.9732145945681623       0                      1725
356 8083.3531978524833903       0                      1730
357 8083.1630895180232983       0                      1735
358 8084.4820994287183566     347.61941576184295855    1739
359 8082.083778920655277        0                      1744
360 8081.9542804943876035       0                      1749
361 8082.3693748297528145       0                      1754
362 8084.1122388670501095       0                      1759
363 8085.0309656901445123       0                      1764
364 8504.4813997920864495      85.668432191911463747   1769
365 8504.9211199056644546      86.461309013861480821   1773
366 8180.6872213183933127     104.19769615158111264    1778
367 8107.2719138304437365       4.1859640409252483195  1783
368 8082.1577684373514785       0                      1788
369 8082.3478783168229711       0                      1792
370 8082.3780715820421392       0                      1797
371 8083.1986370169670408       0                      1802
372 8083.6760845042599612       0                      1807
373 8084.3181565969889562       0                      1812
374 8082.2013686778855117     330.93902293630753775    1817
375 8086.1867881472708177       0.66792503003262815309 1821
376 8493.5427381096415047      66.347710306271423519   1826
377 8501.9514851793464913     358.11972954746909181    1831
378 8082.0469815225205821       0                      1836
379 8085.0274060190213277       0                      1841
380 8493.2864981227212411       0.19253511297089970222 1845
381 8498.2356999097464723      79.170691122508756621   1850
382 8084.431982500702361      343.67588159130650638    1855
383 8082.0945277951277603       0                      1860
384 8081.9787463806887899       0                      1865
385 8082.0357364052451885       0                      1869
386 8081.9639177999479216       0                      1874
387 8081.9978802027990241       0                      1879
388 8082.7644582466782595       0                      1884
389 8082.9447483147960156       0                      1889
390 8084.0062975865012049       0                      1893
391 8084.3851029136176294     321.60203558988223449    1899
392 8489.9748703988389025     413.09784180488270522    1903
393 8499.9808374584772537     120.39443736205588209    1908
394 8082.0719713241142017       0                      1913
395 8083.0687425764244836       0                      1918
396 8082.1463879133916635       0                      1923
397 8491.7055163184322737      78.009784781193147296   1928
398 8493.7943138866085064      67.411787907042850065   1933
399 8082.6707169821575008     336.58537623513518611    1938
400 8082.1029186924733949       0                      1942
401 8081.9758777624283539       0                      1947
402 8081.9583356541033936       0                      1952
403 8081.9945232264435617       0                      1957
404 8081.9309868574182474       0                      1962
405 8082.1691150969290902       0                      1966
406 8082.0469223448089906       0                      1972
407 8081.9835427806474399       0                      1976
408 8490.8719574667302368       0.79674931067703291809 1981
409 8082.6524670726139448     339.6757680527786647     1986
410 8082.0996976481574166       0                      1991
411 8082.0288247007556492       0                      1995
412 8081.9286229586414265       0                      2000
413 8081.9314029138768092       0                      2005
414 8081.9213530291171992       0                      2010
415 8082.2703677899180548       0                      2015
416 8082.426163927530979        0                      2020
417 8487.7468046095273166       1.3822748715103994055  2025
418 8487.831528813141631        1.2718056785824258803  2030
419 8103.7820544847991187     238.97543050409299781    2034
420 8087.1047373182091178       0                      2039
421 8083.0941936506796992       0                      2044
422 8081.9203807976646203       0                      2048
423 8082.0346692432240161       0                      2053
424 8082.9403789312364097       0                      2058
425 8489.4655503295925882       0.40211615410559392592 2063
426 8103.5639477177746812     239.02642179305956915    2068
427 8087.1002974169959998       0                      2073
428 8082.1958651870354515       0                      2078
429 8082.2600710026881643       0                      2083
430 8082.2476983365895649       0                      2087
431 8082.9201198999408007       0                      2092
432 8083.3732775085991307     349.53411324328237697    2097
433 8083.9721165938271952       0                      2102
434 8086.7063351076440085     129.42806827919125112    2106
435 8084.1582138781186586     339.8966038009872932     2111
436 8497.4362301700984972       0.8618412461804502156  2116
437 8493.6694064030543814       0                      2121
438 8082.8444803770762519     345.50362457224343871    2126
439 8082.0350430750204396       0                      2131
440 8082.1268345851076447       0                      2136
441 8490.6920402601554088       0.04537795649292084704 2140
442 8082.603467985516545      338.78360588351148408    2145
443 8082.069843777961978        0                      2150
444 8081.9261807191969638       0                      2155
445 8081.9469081865527187       0                      2160
446 8081.9823508755398507       0                      2165
447 8082.0069606176975867       0                      2169
448 8082.5231285213503725     354.28977007192958126    2174
449 8082.771925795331299        0                      2179
450 8082.9401921440212391       0                      2184
451 8084.0892743885578966     334.68182290338722851    2188
452 8485.6873681871620647       0.75735820795637665004 2193
453 8499.0419202874127222       0                      2198
454 8092.4021593781635602     136.5608990540808918     2203
455 8083.6172138000092673       0                      2208
456 8491.2606422303979343       0                      2213
457 8082.6132194571573564     337.33817269510416281    2217
458 8082.0768044919113891       0                      2222
459 8081.9207457058455475       0                      2227
460 8081.9277900016177227       0                      2232
461 8081.9540877816716602       0                      2236
462 8081.9555690196384603       0                      2241
463 8082.1883875380099198     332.26370937659993388    2246
464 8082.7586667891109755       0                      2250
465 8082.9253065131133553       0                      2255
466 8083.9756900792626766       0                      2260
467 8498.5856289364783152     507.51529477692417913    2265
468 8500.8300273993500014      71.437614852652544073   2269
469 8081.9277797091081084       0                      2274
470 8084.7278365558231599     312.73302151314538833    2279
471 8082.5267167351648823     362.06227247929376745    2284
472 8082.0451921334197323       0                      2289
473 8081.9226142547058771       0                      2293
474 8081.9261731801489077       0                      2298
475 8081.918405026700384        0                      2303
476 8081.9519694189830261       0                      2308
477 8081.9754603442142979       0                      2313
478 8082.9797643488082031       0                      2317
479 8493.158065372503188        0                      2322
480 8082.5435861982587085     363.51488789255279244    2327
481 8081.9164530493508209       0                      2331
482 8081.9469708879123573       0                      2336
483 8081.9981197579827494       0                      2341
484 8081.9405381474889509       0                      2346
485 8488.7571153511344164       1.5191102911134148901  2351
486 8488.8349511138767411       1.4602115628718719265  2355
487 8082.5990466129824199     337.32581186979973609    2360
488 8082.0844980137508173       0                      2365
489 8081.9155207554531444       0                      2370
490 8081.9296892865631889       0                      2374
491 8082.7660322198607901       0                      2380
492 8488.3548371044307714       0                      2384
493 8082.6076205721155929     337.61096046844244256    2389
494 8082.0761013746168828       0                      2394
495 8081.9175675008182225       0                      2399
496 8081.9404341892313823       0                      2403
497 8081.9351476921938229       0                      2408
498 8081.9429209166828514       0                      2413
499 8082.8198120114921039       0                      2417
500 8082.9414962248547454       0                      2422
501 8084.8662894985145613       0                      2427
502 8082.1660826803517921     332.25535806025959573    2432
503 8495.5694780782887392      85.521249563928947168   2436
504 8498.461585350218229      410.2328473400502844     2441
505 8081.9162248666279993       0                      2446
506 8081.9802528156269545       0                      2451
507 8081.9566397183652953       0                      2456
508 8490.3137724274529319       1.703050649514028958   2461
509 8492.0272311871158308       1.766898442361970023   2466
510 8082.5821967025913182     364.96005071208458048    2470
511 8082.036577671615305        0                      2475
512 8081.9168212659114943       0                      2480
513 8081.9191705067687508       0                      2485
514 8081.9421945384347055       0                      2489
515 8081.9444901388505968       0                      2494
516 8083.0113605388742144     319.68416907960340723    2499
517 8083.9843793784175432       0                      2504
518 8088.3082751175525118     112.1271231077846835     2509
519 8089.0635994487947755     131.79090548512292003    2513
520 8493.8269231593330915       0.03068939116403423054 2518
521 8488.7918294228875311       0.01042667321325134629 2523
522 8474.0136913679198187       0                      2528
523 8495.8497442668885924       0                      2533
524 8081.9809031878103269       0                      2538
525 8082.1183614808169295       0                      2542
526 8471.70609419354696         0.7556261697116372078  2547
527 8082.1753048026630495     335.87875657125101725    2552
528 8081.9164202459787703       0                      2556
529 8081.9202332678105449       0                      2561
530 8081.9299658910940707       0                      2566
531 8082.0015851324878895       0                      2570
532 8082.0262341813177045       0                      2575
533 8082.9190409795255619       0                      2580
534 8084.8464742101805314       0                      2585
535 8088.3102320428342864     111.63388668983984076    2590
536 8494.2300121159642003      72.607479691987052206   2594
537 8495.1405920611723559     502.41321797926190129    2599
538 8082.0505996222727845       0                      2604
539 8083.6708139983520596       0                      2609
540 8082.1666969831730967     334.48448687743047003    2613
541 8081.9151187665493126       0                      2618
542 8081.923785096053507        0                      2622
543 8081.9440601647047515       0                      2627
544 8490.0958155990447267       0                      2632
545 8082.168747124364927      335.32362760159691106    2637
546 8081.9252025324840361       0                      2641
547 8081.9335725211622048       0                      2646
548 8081.915516104035305        0                      2651
549 8081.9888256743861348       0                      2655
550 8082.9199913934398865       0                      2660
551 8083.0126128300998971     321.34888474062773867    2665
552 8089.1603061441037426     117.10598967768279977    2669
553 8491.3558158259311313     408.2727318380404995     2674
554 8493.3051706540281884      87.90727434405128804    2678
555 8081.928305316562728        0                      2683
556 8489.7928256813738699       0                      2688
557 8082.1636924132590138     334.76864223686135347    2693
558 8081.9194838771300056       0                      2697
559 8081.9163619098035269       0                      2702
560 8081.9186758322175592       0                      2706
561 8082.1776340785127104     332.83032668825097744    2711
562 8082.7535575608608269       0                      2716
563 8082.9243041907993756       0                      2720
564 8083.9899556892496548       0                      2725
565 8491.6717140824548551      92.377653979031222775   2730
566 8492.9797565614080668     405.86049515270258325    2735
567 8081.9535374351526116       0                      2740
568 8490.2153167181804747       0                      2745
569 8491.9019401017285418       0                      2749
570 8082.7958230816375362       0                      2754
571 8082.1661774512422198     335.60816821120528175    2758
572 8081.9907422604719613       0                      2763
573 8081.9997902212689951       0                      2768
574 8081.987796503825848        0                      2773
575 8084.8843658312880507       0                      2777
576 8082.1636453991786766     333.09223647733989537    2782
577 8486.809166824696149        0.00917630851029386727 2787
578 8480.8934782288961287       0.00590092145258202996 2792
579 8463.4371078054500686       0.00038797783300470852 2796
580 8413.6843281067649514       0                      2801
581 8466.919927776676559        0                      2806
582 8082.2406954150392266       0                      2811
583 8081.9234362827619407       0                      2815
584 8081.942438981428495        0                      2821
585 8081.9569945774119333       0                      2825
586 8082.0015653902146369       0                      2830
587 8083.2468288475783993       0                      2835
588 8082.1655500135111652     331.92950312892497777    2840
589 8083.9933251506845409       0                      2844
590 8083.3250169139682839     329.2754516916600096     2849
591 8464.875628671828963       92.233283045727773697   2854
592 8469.0579576832133171     396.29247036789257663    2858
593 8082.0326375172980988       0                      2863
594 8082.0382246829185533       0                      2868
595 8083.6502051004426903       0                      2873
596 8459.8803576458376483       0.0158706244438140999  2877
597 8459.9837458347974462       0.01036119579411585827 2882
598 8082.0214936192451205       0                      2887
599 8082.0575937545208944       0                      2892
600 8457.6343226515182323       0                      2896
601 8082.0643264404761794       0                      2901
602 8084.0279290087473782       0                      2906
603 8084.0447294589239391       0                      2911
604 8084.0713753249447109       0                      2915
605 8088.3138388602483246     111.14183705929168866    2920
606 8470.9215474939646811       0.03096426962905386021 2925
607 8082.0273172284241809       0                      2930
608 8460.5838905505970615       0                      2935
609 8464.186638523124202        0                      2940
610 8082.0359381192920409       0                      2944
611 8081.9188346712762723       0                      2949
612 8081.9292845302197748       0                      2954
613 8081.9174166122047609       0                      2958
614 8081.9193173883704731       0                      2963
615 8082.7582111163319496       0                      2968
616 8082.1612705532816108     331.6806402587827165     2972
617 8088.3137315308194957     110.31546624938309265    2977
618 8469.9340028662554687      86.161443220767637285   2982
619 8463.303519695502473      395.17346318682552919    2986
620 8082.0403587472865183       0                      2992
621 8082.1566825225881985     333.35425337444161187    2996
622 8081.9171294087445858       0                      3001
623 8082.1625053116522395     332.53839088270393631    3006
624 8088.3152882093845619     110.81799840984875516    3011
625 8463.0970337020899024       0.1271729770118070757  3016
626 8466.5451249988655036       0                      3020
627 8082.4929449819328511     358.29446369836659869    3025
628 8082.0455497140301304       0                      3030
629 8081.9443276142001196       0                      3035
630 8081.9193024226451598       0                      3039
631 8081.9970848054526869       0                      3044
632 8082.0354620401149077       0                      3049
633 8084.0062407722425633       0                      3053
634 8084.0278672559543338       0                      3058
635 8467.1307913879081752      86.840582950753812952   3063
636 8466.7971863544225926     396.26320910302922584    3068
637 8081.9433704923540063       0                      3073
638 8081.9213485773234424       0                      3078
639 8081.9560556061642274       0                      3082
640 8082.1628865455622872     332.7873980549691737     3087
641 8088.3101768115966479     110.96212734689930812    3092
642 8082.1698047463150942     333.3970770596634452     3096
643 8088.3229051073922165     111.321773216005667      3101
644 8469.9602761335427203     106.66580064000649486    3105
645 8464.6585303114370618     398.14448691789942814    3110
646 8082.1612705532761538     331.68064025877936274    3115
647 8081.9521142296925973       0                      3120
648 8462.7039136119819887       0.4102405936389751373  3125
649 8092.1313908938655004     137.39814998625763565    3130
650 8085.0551662842690348     343.92588136839339086    3134
651 8089.0570496759073649     132.32695756910345608    3139
652 8083.9778798264223951     342.47766728538653069    3144
653 8092.137540482980512      137.05864888667832702    3150
654 8465.6406498875585385      87.755730225391701538   3154
655 8467.6181722421206359     399.7806061372879185     3159
656 8098.1025542261004375     352.32056276301761955    3164
657 8081.9853531728413145       0                      3169
658 8465.3226234312569431       0.11895498133607276814 3173
659 8463.6770490666767728       0.48925950608158125243 3178
660 8081.991707836941714        0                      3183
661 8082.1613274428182194     332.23394583497565691    3187
662 8083.9929471824361826       0                      3193
663 8088.3112017078110512     110.63846833698090677    3197
664 8082.5090750205808945     360.33802353320027123    3202
665 8086.6582525867524964     127.32004421558595197    3207
666 8464.1176650202469318       0                      3211
667 8081.9275590463748813       0                      3216
668 8081.920563433177449        0                      3221
669 8462.1520424197788088       0                      3226
670 8088.3190959501444013     110.65097358313781228    3231
671 8088.3104717646374411     111.30921465429506156    3235
672 8088.3114969337775619     111.95921709217090267    3240
673 8082.1605025784774625     333.37565450306823323    3244
674 8463.3278060692264262       0.0019283761101525521  3249
675 8463.5480464735082933       0                      3254
676 8081.9232068114870344       0                      3259
677 8464.6976097707793087       0.14514500967787638541 3264
678 8082.9249325361197407       0                      3269
679 8461.5244275720979203       0.0001777563875936659  3273
680 8455.8186869462369941       0                      3278
681 8082.0379629802864656       0                      3283
682 8462.5817051657977572       0                      3288
683 8081.9228235066284469       0                      3293
684 8081.919573888456398        0                      3297
685 8081.9506722852647727       0                      3302
686 8081.9613202445452771       0                      3306
687 8082.9627904886456236       0                      3311
688 8465.0276831130067876      74.780945331656667463   3316
689 8470.4499528069973167     510.7560654066997472     3321
690 8461.5463356598629616       0                      3326
691 8465.7151149871278903       0                      3331
692 8081.9162586047232253       0                      3335
693 8082.7580098941862161       0                      3340
694 8082.7809968831252263       0                      3345
695 8082.7873546992086631       0                      3349
696 8461.3240934449022461       0.00005057668675974785 3354
697 8460.7274178407242289       0                      3359
698 8082.0056724239657342       0                      3364
699 8458.8325388976609247       0.58297494435913410626 3368
700 8081.9195003569802793       0                      3373
701 8081.9224936411892486       0                      3378
702 8081.9227725220271168       0                      3382
703 8082.9231323848880493       0                      3387
704 8082.1832818198417954     332.2884817898046208     3392
705 8083.6268148240196751       0                      3396
706 8089.1461945153641864     117.43716044917545105    3401
707 8468.9375556213672098      74.981411338190667948   3406
708 8466.1160151019939804     510.74353177485920696    3411
709 8082.0405089230398517       0                      3416
710 8467.2181312846787478       0                      3420
711 8088.3138943076673968     111.46633333930084575    3425
712 8083.0039734546962791     322.6960490907916892     3430
713 8082.1662878288416323     333.64622800430112193    3434
714 8089.1539430984257706     117.94492261263771127    3439
715 8089.1565572583158428     117.2779062962932386     3444
716 8462.0035961846369901       0                      3449
717 8462.2802032205472642       0                      3454
718 8461.9047654813766712       0                      3459
719 8461.5463356598738756       0                      3464
720 8084.6865764646281605     311.87206240938274959    3468
721 8086.6428960883968102     125.89801050905950319    3473
722 8466.1389348351040098     106.93094157741414563    3478
723 8464.2640720093077107     397.78214087752957084    3482
724 8081.9171255172268502       0                      3487
725 8081.923270227897774        0                      3492
726 8081.9274635255678731       0                      3497
727 8458.9334195073843148       0.54659427531448157023 3502
728 8081.9191948144507478       0                      3507
729 8081.9164449962099752       0                      3511
730 8082.9223788947847424       0                      3516
731 8086.6755596525299552     127.08645182710483823    3521
732 8084.6981667244872369     313.22185699006479354    3525
733 8461.9656247513848939       0                      3530
734 8462.3179745632514823       0                      3535
735 8082.0111077183428279       0                      3540
736 8461.1547503787660389       0.53371347400131341487 3545
737 8459.142094496779464        0.55798058878714451581 3549
738 8462.3734348527686961       0.13015612914757063168 3554
739 8463.0255682311144483       0                      3559
740 8082.1724186476085379     330.01056540955443097    3564
741 8082.7611557919099141       0                      3569
742 8459.2136659795578453       0                      3574
743 8082.9225881520123949       0                      3578
744 8082.9482133359324507       0                      3583
745 8083.432901804481844      298.76379984544075796    3588
746 8089.1853915453530135     117.41296384244434137    3592
747 8084.1627336245283004     292.05550819487604031    3597
748 8082.1628485197270493     333.92999809756719287    3602
749 8089.7602345258810601     139.94002771872487756    3606
750 8460.1538103216917079       0                      3611
751 8463.190325185751135        0                      3616
752 8081.9289712638355923       0                      3621
753 8082.5212477423774544     358.33844485347782438    3625
754 8087.1936971564582564     148.99406149087732842    3630
755 8083.9591498011404838     323.49210067072436914    3634
756 8086.6461067866357553     126.43516629327585576    3639
757 8083.9783152727914057     343.38869864967551848    3643
758 8092.1592595925158093     137.42191071391408741    3648
759 8462.8773563133181597     401.06938919252149844    3653
760 8465.3709720251263207     120.09787157702290017    3657
761 8083.9756112238474088     342.11337139171200761    3662
762 8461.9709632249850983       0                      3667
763 8081.9207105081932241       0                      3671
764 8082.7552682246505356       0                      3676
765 8082.757334491147958        0                      3680
766 8092.9850354980744669     151.35360908327925245    3685
767 8085.0466591278554915     343.61351315755678115    3690
768 8461.5616946504596854       0.47183869177335763245 3694
769 8464.4358499208883586       0                      3699
770 8082.7976697328631417       0                      3704
771 8459.7549988128484983       0.50551900408346173155 3709
772 8461.3535225757441367       0.54073647008007674764 3713
773 8084.9118432875984581       0                      3718
774 8081.9847604919104924       0                      3723
775 8083.6249177550243985       0                      3727
776 8462.288244397370363      396.61707086459131233    3732
777 8466.7212926156371395      87.075287520671523112   3736
778 8081.9206835495597261       0                      3741
779 8081.9290101588312609       0                      3746
780 8458.5822680210458202       0.00700212907622859999 3751
781 8081.9429966318448351       0                      3755
782 8082.7534164636772402       0                      3760
783 8083.0262753494953358     321.64838847941723543    3764
784 8089.1807516724711604     117.91883851510948489    3769
785 8461.2143990646127349       0.00098135912224773213 3773
786 8461.4354246209441044       0                      3778
787 8082.8618652915092753       0                      3783
788 8082.8195414232332041       0                      3787
789 8458.8924613911203778       0.00450799417229180537 3792
790 8082.1581563444033236     332.51700487527193673    3797
791 8083.4358690029685022     300.16369340302503588    3801
792 8083.0302196072989318     321.36984043430817337    3806
793 8089.0597156272988286     131.97335757710820303    3810
794 8089.0612285363404226     132.14433599148497933    3815
795 8083.0007325325213969     322.15116088678820461    3819
796 8464.0875387004925869     398.10533786462934813    3824
797 8465.6243853191426751     106.68589859103290962    3828
798 8082.8295481677168937       0                      3834
799 8459.2630073900963907       0                      3838
800 8081.9233698682837712       0                      3843
801 8081.9438694486516397       0                      3847
802 8082.780377877965293        0                      3852
803 8083.6625732465781766       0                      3857
804 8464.5252862527941033      94.107131372356391807   3861
805 8465.1938858368193905     400.13314479147049951    3866
806 8082.0374826096194738       0                      3872
807 8459.1955686468700151       0.00227823384556423078 3876
808 8082.7553443563374458       0                      3881
809 8082.7815163336154001       0                      3885
810 8082.8280012881132279       0                      3890
811 8083.9859596901687837       0                      3894
812 8467.0304835098177136      75.092570905497382228   3899
813 8467.3738662209143513     496.88338547681894397    3903
814 8081.9206835495560881       0                      3908
815 8082.8683923598864567       0                      3913
816 8459.421642234099636        0.00000471822090880253 3918
817 8453.7544968632792006       0                      3922
818 8455.4019493219821015       0.00132566159401986835 3929
819 8081.9722428138538817       0                      3942
820 8082.002211049246398        0                      3956
821 8082.8116347424847845       0                      3964
822 8082.8264022583061887       0                      3970
823 8082.9263065260911389       0                      3975
824 8460.9316189521468914       0                      3979
825 8082.8068744688807783       0                      3984
826 8081.9516746100971432       0                      3989
827 8455.3058527958637569       0.00002058451434958977 3994
828 8082.1618747851362059     331.65929078333363123    3998
829 8082.4954242079738833     358.87015193793848766    4003
830 8460.0657044926592789       0                      4007
831 8459.7370108950108261       0                      4012
832 8082.0036956308695153       0                      4017
833 8082.7911549202081005       0                      4022
834 8455.7145644059619372       0.00039451557554672645 4026
835 8084.1461442757963596     292.71540055541868242    4031
836 8088.3508416910990491     111.94658062717508074    4035
837 8461.0143257291219925       0.00063015702671174122 4040
838 8458.7961857975769817       0                      4044
839 8082.161327442804577      332.23394583497912436    4049
840 8082.8741226539077616       0                      4055
841 8455.3058527958692139       0.00002058451434873548 4059
842 8089.1503382155578947     118.11736519939685763    4064
843 8084.8118700112308943     346.98357207187120821    4068
844 8092.1224549970929729     137.36114460285600103    4073
845 8086.6724129028489187     125.88511025425310663    4077
846 8083.3530362492992936     346.09782526734568364    4082
847 8459.6262865196949861       0.00009659869298866465 4087
848 8459.8962652728296234       0                      4091
849 8081.9469002222749623       0                      4096
850 8081.9432299018026242       0                      4101
851 8081.9155516068603902       0                      4105
852 8082.195929166339738      330.33471992833386821    4110
853 8088.3213097059815482     109.8266546734367779     4115
854 8088.3415097451379552     110.77003873001714851    4119
855 8082.1652295206831695     331.9509201403240013     4124
856 8458.1830992436462111       0.40299947102089334061 4128
857 8463.3702847680469858       0                      4133
858 8081.9476089905729168       0                      4138
859 8455.6148128640270443       0                      4143
860 8082.166100372519395      330.82382586425813997    4147
861 8084.0049111026946775     342.56675872423966211    4152
862 8083.9852644520506146     322.98702607489690308    4156
863 8082.4910330404227352     357.111414235870825      4161
864 8082.7986017235534746       0                      4165
865 8092.1337129187822939     137.22791651817487946    4170
866 8087.901646375466953      155.66137236426445156    4175
867 8083.9933251506872693       0                      4180
868 8081.9548127556745385       0                      4185
869 8456.6812503842320439       0.00597482077378492203 4189
870 8082.1660247780446298     330.84516020889492438    4194
871 8092.1322378396325803     136.76083947590370826    4199
872 8082.5040090381353366     359.76166651751157133    4203
873 8086.6553775415577547     126.97357304104284026    4208
874 8459.9702489248356869       0.44086861249208841862 4212
875 8460.9254343896136561       0                      4217
876 8081.9238556177615465       0                      4222
877 8455.7145644059582992       0.00039451557555794648 4227
878 8089.0558893723364235     132.68123329172988178    4231
879 8458.7997745792254136       0.0013474216821139581  4236
880 8460.7263054120121524       0                      4241
881 8081.9191705067632938       0                      4245
882 8458.9063675712841359       0                      4250
883 8082.8623443012511416       0                      4255
884 8456.9913786938341218       0.00369204853178600354 4259
885 8088.3236718480293348     111.97178318651222639    4264
886 8082.1757539620293755     334.50599230077909851    4269
887 8459.3173121272429853       0.00077375370389541121 4273
888 8461.0352646231858671       0                      4278
889 8082.7625679613529428       0                      4283
890 8456.1251625399745535       0                      4287
891 8082.8066464870689742       0                      4292
892 8082.0240816926998377       0                      4297
893 8083.9971784219869733       0                      4301
894 8084.0226160387019263       0                      4306
895 8093.0158707874415995     151.86410440243537323    4310
896 8083.9727637076211977     344.43542253175786527    4315
897 8463.2253825120042166      87.627566342234374019   4319
898 8461.9849380193863908     397.61242595264832289    4324
899 8082.8092289730484481       0                      4329
900 8457.3616079909261316       0                      4334
901 8088.3422985149645683     111.76627899307351299    4338
902 8082.1889081425933909     331.72289856819850229    4343
903 8088.3413736756720027     111.11675832724492352    4347
904 8460.0999157143505727       0                      4352
905 8460.3805680900295556       0                      4357
906 8457.3616079909243126       0                      4362
907 8460.7369671964006557       0                      4366
908 8081.9450563938380583       0                      4371
909 8082.9527314884117004       0                      4375
910 8462.0476219450411008     398.34194355170274093    4380
911 8464.5604119203690061     107.37954189101475322    4384
912 8081.9606743668527997       0                      4390
913 8084.1368537411426587     291.77808622469780175    4394
914 8093.0053079723411429     151.57795633701263682    4399
915 8084.0056334084456466     341.65783811692091376    4403
916 8459.1077234241656697       0.00035073611847626676 4408
917 8082.8135022194637713       0                      4413
918 8456.0286295700370829       0.00001093861686876332 4418
919 8082.8014668024416096       0                      4422
920 8083.3813640816533734     346.42995175443309108    4427
921 8086.645815696313548      126.09020824818806261    4431
922 8089.1544967543732128     117.61108264801966072    4436
923 8087.4871864265132899     133.30724471396808894    4440
924 8458.2555167025893752       0                      4445
925 8460.6035827585019433       0.00472249195601775335 4449
926 8088.3808330074080004     1723.8773854426149228     4454
927 8457.2056378003035206       0                      4459
928 8081.9720044135237913       0                      4464
929 8081.9852581451123115       0                      4468
930 8081.9929714388799766       0                      4473
931 8082.8098290513080428       0                      4478
932 8084.8575725453383711       0                      4482
933 8084.8576839513652885       0                      4487
934 8084.0227669235846406       0                      4491
935 8457.9427969463522459       0                      4496
936 8461.5894435304871877       0                      4500
937 8084.2207872193785079       0                      4505
938 8455.4158427204711188       0                      4510
939 8082.8691384883841238       0                      4515
940 8082.8702165776685433       0                      4519
941 8082.9247527445622836       0                      4524
942 8083.6263736010196226       0                      4528
943 8466.5200153828554903      74.862695951574650621   4533
944 8464.0596804830129258     494.69178389878567259    4538
945 8455.7054349647041818       0.00028896082923657226 4543
946 8082.1901625482769305     332.58070078198488773    4548
947 8082.7861728099824177       0                      4552
948 8088.3223852268320115     112.46588875374072813    4557
949 8082.0538312531143674       0                      4562
950 8082.0578902254701461       0                      4567
951 8456.3858206531058386       0                      4571
952 8083.0137154835101683     323.54166759261443076    4576
953 8460.2613078293779836       0.16349217781693151097 4580
954 8461.3505088468391477       0                      4585
955 8081.9997902212680856       0                      4590
956 8455.4158427204783948       0                      4595
957 8082.7644940382924688       0                      4599
958 8459.3533034572265024       0.48997314685872439544 4604
959 8081.9755481224947289       0                      4609
960 8456.0149166756273189       0                      4614
961 8085.0519401290557653     342.89208261297170566    4618
962 8456.3385395749028248       0                      4624
963 8456.0233733261065936       0.00000352470481576845 4628
964 8445.9600402796368144       0.0000010185376560945  4633
965 8416.953398683172054        0                      4637
966 8082.0754229718104398       0                      4642
967 8445.7111993141443236       0                      4647
968 8082.1419253973526793       0                      4651
969 8081.9228797850419141       0                      4656
970 8082.1681948641289637     336.42708740971841053    4661
971 8082.8338909332696858       0                      4665
972 8082.9940421537930888       0                      4670
973 8088.4176275108729897     113.18037005250387494    4674
974 8082.1839728437507802     328.87400853271969936    4679
975 8438.1518026987068879       0                      4683
976 8455.4302818535797996       0                      4688
977 8082.0086968615232763       0                      4693
978 8446.0760066239854496       0                      4697
979 8444.1040181989083067       0                      4703
980 8081.919250560978071        0                      4708
981 8082.7674885021651789       0                      4712
982 8081.9254442486881089       0                      4717
983 8088.3223852268274641     112.46588875373876704    4721
984 8082.1637358930011032     332.76596585247347093    4726
985 8446.6881631436863245     397.12602371212898333    4730
986 8452.2991704099695198     107.18265768143011485    4735
987 8081.9438584510317014       0                      4739
988 8081.9195738884627644       0                      4744
989 8086.674432436531788      126.75401608107836182    4749
990 8446.6481609039765317       0.40796282167710012923 4753
991 8447.3201028607072658       0                      4758
992 8082.4924401733615014     358.00110906883207917    4762
993 8082.8461967155089951       0                      4767
994 8082.8773568225387862       0                      4772
995 8444.5825606530488585       0                      4776
996 8081.9480346852324146       0                      4781
997 8082.7558430909612071       0                      4785
998 8444.0943139480550599       0                      4789
999 8447.8312025364630244       0.00007773588741719599 4794
1000 8081.9319085291381271       0                      4798
