1 9961.4209952766177594     2384.8927808642993114     5
2 10337.43493750912603       1426.8028047614948264     9
3 9648.4192414902718156     4341.9201774551738708     14
4 10124.62944852635701       2650.6735067888043886     18
5 10156.086058382950796      2602.6824205327507116     22
6 10137.14709599332673       2581.2338629513642445     27
7 9980.1333691257368628     6808.8980677622685107     31
8 10347.731109359654511      4919.3756089375310694     36
9 9954.8930189071634231     1861.7730472963562534     40
10 9944.1100776263538137     1295.8937752519675541     45
11 9943.6513862888295989     1267.5761163073593707     49
12 10943.737530670139677      4427.0788604736289926     54
13 10179.666938865373595      6113.2746704941901044     58
14 10340.161433962417505      2343.2271521960387872     63
15 9192.6526741689776827     4171.0411671184501756     67
16 8734.7874274645291734     8831.9080627664734493     72
17 10318.422645305196056      358.75300847528990289    76
18 11401.827718144761093      2198.6818985749728199     81
19 10925.587405372647481      1468.7527871726688318     86
20 10540.382752747689665      396.48953393012345714    90
21 10324.462251229348112      401.8123432909968642     95
22 10503.236363329953747      419.45191302735076988    100
23 10509.036237756545233      434.49768479556473721    104
24 9993.5581952739412372     1617.2922939338714059     109
25 10316.333585045536893      396.65855866963136123    114
26 9980.0907431314590212     1385.574101731147266      118
27 10503.853696996549843      414.96815985077677169    123
28 10319.128537702712492      507.61554817023301212    128
29 10313.713969306927538      383.66420012316359589    132
30 10798.983629423364619      1376.2838050288553404     137
31 10320.875264087148025      430.095969848393338      142
32 10298.398482541035264      902.22482684776230144    147
33 11864.32422922117803       3280.8152801716696558     151
34 9826.5517032037078025     1843.5293618102084565     156
35 10764.99181492155185       256.7844938999188571     161
36 10764.57682048915558       260.44340351753896812    166
37 10694.987481800806563      349.23636590808666824    170
38 10532.385937611999907      404.50549272161663339    175
39 10535.490372128499075      372.11495711920986196    180
40 10502.940793220346677      407.31312139260984395    185
41 10312.291611604636273      229.98443619730258547    189
42 9330.320732790425609      365.61872892456631234    194
43 9209.387225896529344      1835.2943612272824794     199
44 10531.083628445545401      149.54014633885856256    204
45 10346.829213706263545      258.63973991172019851    208
46 10311.165865253624361      156.87844289422685051    213
47 10108.98781597330526       250.11922104232661468    218
48 12708.899979939624245      745.33968563738551438    223
49 9925.804315467205015      237.46891436332171565    228
50 10534.729614650530493      717.69600213408034506    232
51 10314.085384720998263      180.1634552239343634     237
52 10708.872154581606083      157.66339590424746575    242
53 10328.480212565671536      158.88641994528646251    247
54 10727.993048935162733      111.50930333605604972    252
55 10529.253785172119024      156.85047691580697915    257
56 10312.401248871086864      215.15673081036854342    261
57 10531.703521937381083      340.75171325797202826    266
58 10530.788776900915764       49.27447417110239769    271
59 10536.0444644748477        676.96624905398755345    276
60 9370.2769830551351333     455.77924486663624748    281
61 11151.512830027042583       46.077599141177351783   286
62 10946.546984292295747       97.011580403006036022   291
63 10878.413859590733409       64.993587786088113489   296
64 10087.703093484091369      210.10922335430461771    300
65 11348.007870985875343      191.91584755909045157    305
66 10493.418840993690537       42.515665819447491458   310
67 9100.915040807089099      3931.3219731125263934     315
68 9950.5106612887830124     228.61284216071726405    319
69 11576.482301864492911      513.7121244696110125     324
70 10493.87642041023355        97.00659664803517046    329
71 9161.2648272922233446     3033.8922486751680481     333
72 9925.9524955652232165      83.358060431103695009   338
73 10296.89271728355925        48.340465398031298605   343
74 13348.876839069189373      1066.5447338566286817     348
75 10776.166400286225326      2475.7031739610188197     352
76 10498.456117679637828      574.02980928220335954    357
77 10491.73011668233994         0.76650903446036044997 362
78 10489.247312874540512        6.6710620170010503927  367
79 9892.6556778853628202      56.166859253683931286   372
80 10268.178285156403945       36.84241373617448545    378
81 9733.0958390911728202     188.7763478079974675     383
82 10670.260157599082959        0                      388
83 11286.945963241716527      766.53372671803367666    393
84 10292.281000784994831        0                      398
85 10418.023178606854344      2582.9272258688661168     402
86 9734.1482724442030303     131.16869171180718467    408
87 9625.4859057419907913      24.975140891096724971   412
88 10269.487655483299022       40.007659165692153636   417
89 10447.200814713924046        0.82055685482316054191 422
90 10279.083085604206644       10.153326196772379575   426
91 9105.4511042490412365     7400.8558541162592519     431
92 9600.6816817204417021     108.60875657360206503    436
93 10292.84697928380956         0.72114827299336381472 441
94 10295.117913419986508       37.598422749115414376   445
95 10138.039179646490084        1.5163322270638754929  451
96 9737.6021087238932523      74.760773657170275897   455
97 9975.1927001199837832      10.84284541593834561    460
98 9829.6492268546244304     542.36651420955308822    465
99 9505.6843724683294568     2568.1374644845809598     470
100 9430.2851353329497215     156.12384581985756427    474
101 9327.7631552655529958     2474.8355693500111556     479
102 9316.9770874992336758     4643.4624201221276962     484
103 10291.153402470219589        0.28605867853636002263 489
104 10501.238576279605695        8.5318150504161618386  494
105 10461.509970036409868        0                      499
106 10173.396221077953669       11.488192771170020023   504
107 9848.352614466468367      143.12262578581851358    509
108 10893.633556670418329        5.5193912685395076778  513
109 9648.49339730750944       571.97222403959381154    518
110 9804.1992811472246103     857.11185007819028669    523
111 9269.9372676373859576     732.56363217245962005    527
112 9804.1659208167784527     188.92436315067604369    532
113 10846.222969451471727      185.22820287143417772    537
114 10870.781166725093499      171.02159015286216004    542
115 10084.398261556734724      489.47904076338420509    546
116 10362.39676134048932       2983.8908385695413017     551
117 10234.827056863865437        0                      557
118 9710.8522733327536116     138.14313906152702316    561
119 10309.317328899091081        0                      567
120 10234.265175339247435        0.13451829748047880453 571
121 10471.223572563758353      283.19223193456821264    576
122 10308.976682070240713        0.0053973333029489097  581
123 10107.722397711560916        1.9445504872299004262  586
124 11346.188407282757908      495.56407025470628014    591
125 10094.665750337084319        0.94355242838240793724 595
126 9437.7917039999210829     2554.8003516617482092     600
127 9611.7610232872248162     640.65975330965261492    605
128 10754.73081245879257        29.450384522774275098   610
129 10029.956179201952182      736.34137718302486064    614
130 9279.0460081914206967     315.51628291409997473    620
131 9416.2765850136129302     3893.9940548408453651     625
132 10245.29229600236431       188.30721340491220417    629
133 9638.8010514943143789     897.31941814814763347    634
134 12467.757581220592328      2807.7431156336137974     639
135 10348.044870497835291      6172.7491437691569445     643
136 10613.357730687883304       26.93679587070289827    648
137 9861.3029151411992643     1176.4420047402263663     653
138 10141.783550751193616        2.4799264204881881213  658
139 10475.596295902847487        0                      663
140 11113.347526372466746      151.85259810425836235    668
141 9506.1637034856212267     1246.0324972275061555     672
142 9107.116993146664754      7004.4435807865474999     677
143 9616.7215342454583151     234.93297261830389289    682
144 9331.6595707402793778     1110.2220588228524321     687
145 9606.2342628592468827     259.51268407625286727    692
146 9722.204122195205855      955.55533534578648869    697
147 11308.619532711221837      2074.4538990433597974     702
148 11651.177941539683161      1844.0495406680686301     706
149 14477.187428125431325      6393.6549482003883895     711
150 8930.0234616650359385     7602.7180048183527106     716
151 10544.822572267570649        5.1733579155648019565  721
152 9916.1190826196798298       2.5367130934245638585  726
153 9906.0331937481805653      22.338846889515821204   731
154 11055.051965963590192       97.69739689044767772    736
155 10082.198354791631573        1.0663761674472225227  741
156 9721.6369940808162937     438.51652950359215311    746
157 9423.9437926165883255       8.0602922943759303109  750
158 10275.695880389053855      408.56221604169024886    755
159 9784.5590909073089279      38.036912261500148702   760
160 10236.166592380137445      295.49419495050739215    765
161 10685.953792164835249      223.19365659768109822    769
162 10625.85174562434986       169.70334176380893609    774
163 9634.3198543372636777     607.74434815273173172    779
164 10756.781828429973757      154.3911536168835994     783
165 10421.899709774106668      2138.3652619414706351     788
166 12463.52231536286854       2082.9473217212453164     793
167 9578.9090786423876125     312.47990103736287892    798
168 11807.00436242140313       416.75117386829572297    803
169 9992.9593178526320116      23.897714207361367755   808
170 10524.18516813694805        46.582434758666941832   812
171 10024.20532934968287        10.253370075206591494   817
172 10223.742586353950173       15.381861103539083757   822
173 10235.795183570186055      121.31737879968429183    826
174 10296.862491116859019      253.28292895150894992    831
175 9588.0376241625035618      77.150483312570258931   836
176 10221.959076606395683        0.02433935299816021927 841
177 9984.2624238674743538     152.67467982032542295    845
178 11105.301994459960042      1055.3608434993368519     850
179 9628.290796461969876      150.30776539740702447    855
180 10296.662820613628355        0                      860
181 9934.5789422831439879       7.3688072736064338386  865
182 9599.8332647403804003       1.2006177788771075221  870
183 11681.221624867972423      767.80380280880024202    874
184 9897.8635736323376477      16.251369122626272201   879
185 9982.2256612279197725      11.720930767377263138   884
186 10327.454606834277001        0                      888
187 10232.656700738913059        0                      893
188 10226.152693216507032        0                      898
189 10206.704263044535764        0                      903
190 10148.932514386766343        0.18113368430660831132 907
191 10289.747971378263173      193.64258482495810654    912
192 10291.581654935893312      194.4572589071141806     917
193 10366.269535655212167        0                      922
194 11368.310658998050712      615.08666810185468421    927
195 9884.2078929699637229      18.284153121146331955   931
196 9951.1374257130701153      14.323870023421843456   936
197 9975.013755303400103        6.6953580193703903234  941
198 10110.973572825107112        0.70340484825305726879 945
199 10022.139839620749626        4.6305597124950583776  950
200 10218.059353201137128        0.05819798298162666417 955
201 10368.245600245030801        0                      959
202 10554.553752487925522        8.333566622401008317   964
203 10520.212847307304401      225.24683157515787002    969
204 10288.352588449877658      137.49969065492271625    973
205 10196.055952721973881        0.22509004836589002752 978
206 9778.8819719964885735      39.744201311327309156   983
207 10135.329160419885739       83.739574658550907316   988
208 10793.009091830006582       92.014149914140972442   993
209 10811.251319067172517      311.36249819897017233    998
210 11333.384791598749871      527.49724127949036756    1002
211 9925.7829254421940277      13.947278444018410326   1007
212 10208.860486377434427        0                      1012
213 10213.89183043803132         0                      1017
214 10229.992093888429736        0.00123967663266388211 1021
215 10222.838192512435853       51.661346088141016253   1026
216 9967.3480025849821686      67.775204547008641498   1031
217 9965.2716708997304522      67.341713288697874873   1036
218 11247.41579182037276       559.96156909416413328    1040
219 9923.4514169342437526      13.742990919072360256   1045
220 10197.493810295440198        0                      1050
221 10169.988120772086404        0.02599905420880598006 1055
222 10232.845941828443756        0                      1060
223 10260.28488306025065         0                      1065
224 11085.6898861757345        419.14232601305559456    1069
225 9910.0527010354871891      17.974604794991332568   1074
226 10192.166746361424885        0                      1079
227 10089.463090416626073        0.18666151407995107414 1084
228 10230.782238595529634       52.098155308066509406   1088
229 9696.4137286016230064      87.656608681666426719   1094
230 9949.5994939706579316       4.9969548174335365331  1098
231 11006.545283972096513      276.16257420483196938    1104
232 10105.183159901003819        3.021013269236351384   1108
233 9959.7140731125400634       9.6721890842671989219  1113
234 9950.345673097166582        8.7616346313824706726  1118
235 10167.482284309626266        0.00679586180735536685 1123
236 10121.088860086389104        2.1398770020917008416  1128
237 10020.476864546892102       56.035826616408208167   1132
238 10364.837590379953326        0                      1137
239 10173.624168522543187       13.471566579021299503   1142
240 10192.650806701371039      100.69848356545126933    1146
241 9824.1094920061077573      82.627274600342175859   1151
242 10305.282347768505133       45.720552668101412053   1156
243 10210.314687036929172        0                      1161
244 10184.562071073825791        0                      1165
245 10043.927439527722527        4.1179345245692013933  1170
246 10466.800451978822821        2.8191000884520014402  1175
247 9752.9452253745439521      40.273211182185590928   1180
248 11205.152751342284319      515.53338155421693045    1185
249 9796.5654959869425511      32.132195422744729285   1190
250 10095.03757383278753         0.98587425135412853905 1194
251 9979.0808291979556088       4.057430358233642842   1199
252 10189.033759784488211        0                      1204
253 10184.169304592775006        0.0006950799596631941  1209
254 10189.892691380584438       15.838526555325517009   1213
255 10169.618112984657273        0.07923521475873998576 1219
256 10289.324165734880808        0                      1224
257 11231.006017607713147      574.72406974601244656    1228
258 9801.4554662011978508      31.094682797888609116   1233
259 10102.946871328107591        0.7711729206894630817  1238
260 10176.882837126267987        0.02370203683068852762 1243
261 9987.0690354983562429      93.9976509433272156     1247
262 10398.109623717546128        0                      1252
263 10191.050941734176376       96.414379994576279387   1257
264 10202.995888866164023        0                      1261
265 10543.121256233060194        2.4555366038305437293  1266
266 10067.122812031037029        3.6879366749701523176  1271
267 10462.381580897936146       10.118929451547284515   1276
268 9926.773262600583621        7.169410979616453794   1281
269 10166.758758723859501        0.97026985930159914684 1285
270 10113.482207282917443        3.7700679118302109494  1290
271 10021.087559805600904        2.5400022445485053169  1295
272 10023.119375488058722        2.4585252808008930536  1300
273 10234.255318368324879        0                      1305
274 10232.13746193708721         0                      1310
275 10335.640234328882798        0                      1314
276 10025.147974909261393        3.6292929787131602559  1319
277 10289.960171456943499        0                      1324
278 10243.964495163585525       14.835869637669517829   1329
279 10320.240579581226484        0                      1333
280 9993.9258534202781448       4.5617446368761074282  1338
281 10319.391803166476166        0                      1342
282 10036.305644683350693        2.8239566746733100189  1347
283 10082.165310379123184       66.546722840896990192   1352
284 10170.204719796125573        0                      1357
285 10110.914700673993138        0                      1361
286 10137.54433396557215       145.01512136443088252    1366
287 10206.95831888732755         0                      1371
288 10204.584941868046371        0                      1376
289 10431.965644101181169        0                      1381
290 10349.360150636028266        0                      1385
291 9917.2645650229023886       9.7522083181867671442  1390
292 10309.827726833709676        0                      1395
293 10109.799077068804763        0                      1399
294 10107.083420038601616        0.67180479904077261555 1404
295 10274.019134986367135        0                      1409
296 10275.864932124150073        0                      1414
297 10390.870268813736402        0                      1419
298 10379.459237549592217        0                      1423
299 9925.3197232813781739       7.2505976543579677696  1428
300 9894.2342759729253885       7.5276995533473414213  1433
301 9848.2591293302866688       8.4485338998412515821  1437
302 10130.744145418344488        2.3273803924660732001  1442
303 9960.0494980717212457      39.35157940761866513    1447
304 10423.786907429817802        0                      1451
305 10019.629091009199328        2.0081660101423102205  1456
306 10202.319656706200476        0                      1461
307 10111.068228007414291       97.017865987569450681   1465
308 10121.339271612658194        0                      1470
309 10431.991293000624864        0                      1475
310 10408.736529582060029        0                      1480
311 10047.778838384721894        0.23728911118418780091 1485
312 10045.156824432937356        0.26856330394634259084 1490
313 10069.107697099889265        0.18373525300484364053 1494
314 9989.2159197362852865       1.8326440809751016747  1499
315 10203.636478639005873        0                      1504
316 10120.104638978435105        0.33859201776525094107 1508
317 9938.0159110972617782       4.3028133544708477842  1513
318 10111.874354331106588        0                      1518
319 10109.848850355663672        0.0096867537445227709  1522
320 10110.993920273534968        0.78328809273552268966 1527
321 10072.766318770867656        0.64552258128565609407 1532
322 10334.399355574520087        0                      1536
323 10149.665229821854155        0                      1541
324 10110.320417558947156      100.43830680139511458    1546
325 10109.591920470655168        0                      1550
326 9901.6288014755791664     123.61108711260771997    1555
327 10064.72956582848019         0.22947720744675617621 1560
328 10433.984334013010084        0.00109697808302876483 1565
329 10349.764033419147381        0                      1570
330 10072.139017402147147        1.2721447930364611079  1574
331 9797.4855636937536474      26.180958698592895928   1579
332 9903.4952442208050343     183.4979866986179502     1584
333 10103.399604542577435        7.6917499603535794961  1588
334 10104.632129229707061        0.00860442237654081635 1593
335 10200.427273985809734       11.065278005478281997   1598
336 10320.826117809830976        0                      1602
337 10112.955096446665266      136.94610215039628542    1607
338 9843.8285982836241601      20.195501140101576709   1612
339 10177.330879144439677        0.01041344050118469741 1616
340 10196.625381824978831       45.254632769805411385   1621
341 10420.003438296096647        0.19669813802339439213 1626
342 10116.437210903874075      101.76692883069853224    1631
343 9984.609219780035346        1.2888001227018452965  1636
344 10203.249524596521951        0                      1641
345 10305.224843784084442        0                      1645
346 10467.775709758137964        0.00899538079936225941 1650
347 10145.463470964861699        0                      1655
348 10049.847859976423933       39.367399980941620186   1659
349 10067.119945048296358        0                      1664
350 9942.503906814756192        1.0556714175226729058  1669
351 10239.010773644073197        0                      1674
352 10071.627784102993246       91.922210380438230004   1679
353 10068.00322830409641        91.270886337872397576   1684
354 10119.840108673479335        0.21011195575199509422 1689
355 10123.186853318826252        0                      1693
356 10016.018120500917576        0.31630410743525166906 1698
357 10017.393585769572383        0.02006748672215409243 1703
358 10257.509064413397937        0                      1708
359 9996.6313710868507769       2.0979398688366432957  1713
360 9991.0464875823017792      70.376180906196196929   1717
361 10109.180300065678239        0                      1722
362 10020.298838212809642        6.3166607744891205556  1727
363 10099.423298681063898       11.939095419908394291   1731
364 10156.371505312075897        0                      1736
365 10196.586046799948235      114.70651643148309518    1741
366 10150.028332370175121        0                      1746
367 9979.9568088641590293       5.98347517602516632    1751
368 9977.5203435718794935       5.9754560910635330373  1756
369 9949.6962174577838596       1.3762956663001315594  1760
370 9951.2039715832725051       1.32535560655497342    1765
371 10111.36140680623248         6.7004300204232629667  1770
372 10116.564610087621986        0.00043371682188427256 1775
373 10219.35254666284527       152.18905461716721561    1779
374 10082.786409110505701       75.887728479569929618   1784
375 10083.053638991219486       75.470061448771730284   1789
376 10058.809226451909126        1.2935707169531267535  1794
377 10122.958758487793602        0                      1798
378 10110.841455122519619        1.1378060839057968501  1803
379 10118.612650633142039        0                      1808
380 9975.8780813184457656       0.24138087874353586493 1813
381 10017.612900703397827        0.34814152250644742059 1818
382 10052.972857455779376        0.00811004336662105203 1823
383 10066.285677630872669        0.08711672154491159614 1828
384 10132.677428465516641        0.00997471069942552566 1832
385 10209.630250797901681        0                      1837
386 10103.08328613737649        98.008282977343739617   1842
387 10217.466370432324766        3.6963728818492702644  1846
388 10373.488763506557007       32.110863943561128053   1851
389 9870.0514318367586384      56.11831335935038112    1856
390 9994.2965336988181662      54.669443092121298378   1861
391 9953.9019265596398327      83.880814041169799111   1866
392 9954.6996329081339354     101.37067392835683677    1871
393 10125.554543862819628        0                      1876
394 10101.638004305556024        0                      1880
395 10372.54036022724722         0                      1885
396 9982.6924407938004151       0.30315553062101846526 1890
397 10032.270413598689629        0                      1895
398 9934.2442665990020032       2.8291941254140247075  1899
399 10008.376116688481488        4.8824302390306870691  1904
400 9983.5660181247912988      13.606410354909614924   1909
401 9784.6255529324698728      18.316905975038931587   1914
402 9782.7161464092623646      18.569711512928343211   1918
403 10353.619864496889932        0                      1923
404 9979.9691532079068566       0.37035265421271085229 1928
405 9985.7053318725174904       0.51087453440384300585 1933
406 9930.9339770377755485       2.7074466093609643735  1937
407 10068.257304427817871        0                      1942
408 10053.945362154987379        0                      1947
409 10033.522216672092327        0.33916470444426422004 1951
410 10035.925998395588977        0.82689120390468928701 1956
411 10030.816334753621049        0.58390558254847269026 1961
412 9999.9318626147050963       9.2663932424349297889  1965
413 10076.960323103883638      111.89030276449598489    1970
414 10196.157260537243928      141.95933790814058284    1975
415 10045.421592726630479      101.85491486679954676    1980
416 10054.903896922685817        0.00170155425229502589 1985
417 10095.378147214591081        0                      1989
418 9886.2552141890864732       2.8801094282232582167  1994
419 10322.846408208970388        0                      1999
420 9971.7845339900795807       0.57330973248261751785 2004
421 10070.293310564969943        0                      2008
422 10002.146172479740926        0.07749317834989710718 2013
423 10012.151599281491144        0.02811056543065800981 2018
424 10060.617642938092104        0                      2022
425 10028.486010619722947        0.37935954175546149347 2027
426 10036.08874524418934         0                      2032
427 10049.116756385104964        6.2443590801157426995  2037
428 10015.255781788280729       73.324550051564699515   2041
429 10090.059207864573182      161.3370599828396621     2046
430 10130.242174600165526        0                      2051
431 9999.3066956337261217      31.520981692774746818   2056
432 10033.440346616584065        0                      2061
433 10033.444289457958803        0.02006827394229868805 2065
434 10016.983597658520011        0                      2070
435 9972.9143796329044562       9.5109216258114734899  2075
436 9918.4680119810691394       2.5177490251664513821  2080
437 9920.7282406234880909       2.4501454241823714675  2085
438 10098.861979052386232        2.750388127751643097   2089
439 10270.009122932955506        0                      2094
440 9956.032798189073219        0.94505999698337628256 2099
441 9988.2048880125457799       0                      2104
442 9905.4327097604873416       0.89393775734554614676 2109
443 9881.3181338585382036      26.716820368135138608   2114
444 9895.4878831413534499      25.230493465563021971   2118
445 10019.89457426455192         0                      2123
446 10004.436429838922777        0                      2128
447 10212.293528425752811       24.670140255899351445   2133
448 10118.193421140738792        0                      2138
449 10046.356157799995344        0                      2143
450 9971.0700772878026328       0.03352895560077925885 2147
451 10008.396533479288337        0                      2152
452 10023.112918218510458        0                      2157
453 9964.033419695459088        2.3231968138994667505  2162
454 9977.4335673310397397       0.23846835599399160421 2166
455 9990.2680478607162513      95.522576843606302077   2171
456 9996.8961466446962731       0.49659823066511576961 2176
457 10101.292667418209021      152.25155289711028672    2180
458 10121.021181215321121        0                      2185
459 9998.1299894485146069      63.571452179868089161   2190
460 9936.6796391756106459       0.42618258282507709422 2195
461 10074.511995958037005       80.614330357267235172   2200
462 10220.973010814410372        5.2543036902221507134  2205
463 10126.342955793277724        0                      2210
464 9972.1160473835152516       0.35092317121116284317 2215
465 9972.525911421775163        0.02178817416041748875 2219
466 9991.0560332907461998       0                      2224
467 10008.451224724858548        0                      2229
468 10006.870550882187672        0                      2234
469 9984.5627766953130049      94.3094424621447871     2238
470 9994.7444350940404547       0.31552075302257343026 2243
471 9986.4667732627622172       4.303373572355158494   2248
472 10086.610582269726365        0                      2253
473 10135.846249532170987      178.97561677596164031    2257
474 9967.9928456176930922       3.2228693377897252859  2263
475 10053.545870071629906        1.7787562164165289236  2268
476 10044.912555475890258        5.5939826256128677429  2272
477 10034.677583182745366        0                      2277
478 9992.2147903069580934       0                      2282
479 9971.8834524190351658       0.04184858677965953844 2287
480 9972.5944780004592758       0.02176800226844863295 2291
481 9992.4621222280675283       0                      2296
482 9991.9683183528341033      64.127082542196390591   2301
483 9983.1665129799584975      94.401642207014887731   2305
484 9988.5514593150182918       0.91614209242212174544 2310
485 9994.7978711952437152      32.792195866230706258   2315
486 10098.790744569489107        1.5289943750924657184  2320
487 10134.561296417288759        0                      2325
488 9985.8048237590373901       0.99081370938626633915 2330
489 9977.7981597719954152      35.170051718999367552   2335
490 9979.7988129025288799      35.066377683515554509   2340
491 10052.433619271776479        0                      2344
492 10035.793781374819446        0                      2349
493 9982.5204155974242894       0.00037655038887054922 2354
494 9965.6095495872941683       0.04186211428226375986 2359
495 9978.8696630050890235       0.00287455783553303926 2364
496 9979.8581315019218891       0.30972595209058173538 2369
497 9986.2764975498903368       0.0606257571639927384  2373
498 9989.3243414085045515       0.79218127177048580645 2378
499 10049.4978013239961          0                      2383
500 10001.690670190408127        0                      2388
501 9986.2543230123392277       0                      2393
502 9997.4832083726651035       0                      2397
503 9966.5202689736852335       0.02416573545433572598 2403
504 9982.0073457269991195       0                      2407
505 9981.4797424921598576       0                      2412
506 9974.5717870218504686       0.31352871727467546137 2417
507 9872.1613994519175321       6.7899304722118207778  2422
508 9876.3136497802079248      16.870883357254022883   2427
509 9907.7664811323193135       1.0589386213904397049  2432
510 10207.449566203713403        0.00102290069970632259 2437
511 10160.723150230274769       23.726003491124462386   2441
512 10084.839357345095777        0.67297722685501737416 2446
513 9945.6720123099748889       0.00988104519927531302 2451
514 9987.4004893896781141       0.07544560855952803236 2456
515 9975.0005128615484864     116.5704562474921886     2460
516 9961.878496234123304        0.00325366680805428158 2465
517 10022.612885692904456        0                      2470
518 10037.880045911724665        0                      2475
519 9965.4335308168883785       0.00849939677153833083 2480
520 9996.8246010059920081       0.15475347292396293697 2484
521 10010.037444821051395        0.02564503989938558132 2489
522 9954.7737742970857653      96.33005446856269316    2495
523 9982.0078200214557          0                      2500
524 9955.0437262184350402       0.82920793268241288487 2505
525 10001.284707524688201       89.379863586712986034   2510
526 10179.689114978496946        5.3864953746162242965  2515
527 10093.565952843720879        0                      2520
528 9983.4919899501546752       0                      2524
529 9997.0863914274559647       0                      2529
530 9954.2848536651054019       0.00424932093087164973 2534
531 9987.5508752638015721       0                      2538
532 9972.7240121417580667       0.13824180052086396109 2543
533 9978.5759958291855583     101.77905448545004674    2548
534 9984.4756979332560149       0.65366196765320117024 2552
535 9948.1472751271248853       1.1900642114487658407  2557
536 9975.8287006511709478      92.897316778567883944   2562
537 10018.752025858688285       43.386832990102583096   2567
538 9987.0640020223254396      38.121708138067823768   2572
539 9997.5929044032673119       0.40226511980052154227 2577
540 9982.7929476874796819       0.00063934778146058099 2582
541 10006.05133285323609         0.39178463418837333743 2586
542 10006.782417587550299        0                      2591
543 9967.8080619414031389       0                      2596
544 9927.6838963157933904       0.19759722215273634038 2600
545 9934.0899561643909692       0.08577921069064400883 2606
546 9958.631376712650308        0.33287688569217921408 2611
547 9967.65530332319031         0.20447340303336958289 2615
548 10006.039343545357042        0.36016002421879644846 2620
549 10004.160911690822104        0                      2625
550 9975.7220593168094638       0                      2630
551 9958.3603477424785524       0                      2634
552 9930.2552229796056054       0.19846732408076050991 2639
553 9882.6615047942123056      50.891645825139569581   2644
554 9968.2579062585537031       0.00576396429870417153 2649
555 10111.989868372949786       24.095865214738065418   2654
556 10049.544426869262679        1.5619435463003554787  2659
557 9929.7700330446605221       0.35428239588744692146 2663
558 9933.0382787322560034       0.11765417213218243297 2668
559 9946.1196097040665336       1.1664005044658651844  2673
560 9964.8389606826494855       0                      2678
561 9947.1769906252957298       1.0545269806630412912  2683
562 9937.7948707358518732      60.443510424793792879   2687
563 9957.443730362905626       95.929135237463242447   2692
564 9957.6171380477444472       0.82126467089560295509 2697
565 10016.111760329913523        0.04719236305284799787 2702
566 9948.6936135847481637      97.467535406873352599   2707
567 9991.5054196853398025       0                      2712
568 9922.0373919844405464      80.547406581948195026   2717
569 9921.0543608183161268      62.333395065176588901   2722
570 9977.9793206824251683       0                      2727
571 9986.7227315463169361       0                      2732
572 9993.0265107061604795       0.35413915998344008829 2738
573 9991.6629263299455488      12.5935879977348133     2743
574 9941.5481275211659522      67.273388976562102926   2748
575 9969.8157763212184364       0                      2753
576 9950.6949580734199117       0.0024697721346586851  2757
577 9959.0548896930049523       0                      2762
578 9962.7656816800263186       0                      2767
579 9950.5831001161423046       3.9621184438809025075  2772
580 9961.1189340477139922       6.1472675670609087106  2776
581 9961.1631592307603569       0.0351078409955999024  2781
582 9976.4495706561683619       0.01968586235641022961 2786
583 9987.8151604813792801      96.08301956149367129    2791
584 9961.7822878493934695      25.877487820323466394   2796
585 9949.9311116287299228      75.898713032948407431   2801
586 9975.2597220333991572       0.02923912421118290625 2806
587 9976.3307882474655344       0                      2811
588 10008.240516307243524       71.030902419992358432   2815
589 9956.5423058746673632       2.4914415783038976748  2820
590 9963.7913849128017318       0                      2825
591 9961.8514408886367164       0                      2830
592 9959.3972324468304578       0.30803160923268063653 2835
593 9960.3786524734387058       0                      2840
594 9953.6092725862017687       1.612014347545721149   2845
595 9957.183698238535726       27.053639307782560763   2849
596 9959.3496471948492399       1.1162908918554041993  2854
597 9984.2508189900072466       0                      2859
598 9979.9899131455931638      93.091057842944934464   2864
599 9958.9653632258687139      11.934049519827579999   2869
600 9983.1569139344446739       0                      2874
601 9992.3026476385493879       6.7950845311402359172  2879
602 9978.527404124088207        7.0304138761466452578  2884
603 9956.3432649857404613       0                      2889
604 9950.299350253522789        0.00038814238181105034 2894
605 9948.7138826913978846       0.11088864127744056665 2899
606 9951.3358474400592968       0.00054077915598302741 2904
607 9970.1201915187084523       0.36144187323053772465 2909
608 9969.1308941450770362       0.03666159687252666666 2913
609 9990.2726731708025909       6.8516971291519270792  2918
610 9976.5031243524717866       7.0890666527469194946  2923
611 9951.3994462847549585       0.12348953357037294187 2928
612 9951.6368262331634469       0.44279600564954940678 2933
613 9952.3127660719728738       0.00000204889141583471 2938
614 9940.2506143213540781       0.02654389476949326615 2943
615 9943.8343135876057204       0.01552923565595989291 2948
616 9949.2123533926569507       0.00447681806955082563 2953
617 9951.2268822565456503       0.00286887307834012744 2958
618 9987.7761212748682738       6.9553191506697409352  2963
619 9974.832515458099806        5.7867722105015637624  2967
620 9949.6089297277758305       0.00159226792684577078 2972
621 9956.0702705351613986       0                      2977
622 9967.3703054135203274       0                      2982
623 9935.9464601765230327       7.1991000105232618722  2988
624 9937.9403177007734485       7.1703315729730068284  2992
625 9940.6062312358790223       8.1284110834246590116  2997
626 9941.4096462753368542       7.065510746707048817   3002
627 9985.7483601166131848       7.0128737214412826262  3007
628 9945.5851701281644637       0.00827612365069160978 3012
629 9971.9487923980304913       0                      3016
630 9933.9655280545775895       0.05984701913653808075 3021
631 9946.5353067726809968       0.00686625735651488333 3026
632 9935.9689332928974181       0.04662184410444260296 3031
633 9953.4452942976477061       0.07437885650638538515 3035
634 9949.3731202149810997      93.765582833025590048   3040
635 9951.347264263762554        0.44003772720789441353 3045
636 9949.5529859376492823       1.032840515406495685   3050
637 9976.2938253064476157       0                      3055
638 9954.3274043724832154       0                      3060
639 9960.3786524734423438       0                      3065
640 9949.8490222522650583       0.00175619046817377896 3070
641 9952.9986626621084724       0.0557090326990387838  3075
642 9974.2659748622336338       0                      3079
643 9950.9756121944556071       0.13001712929727402002 3084
644 9957.8145066544238944       0                      3089
645 9953.0082015605094057       0                      3094
646 9955.1263853078780812       0                      3098
647 9942.0803540978959063       0.03343768539328437206 3103
648 9946.1043535495009564       0.01893910594290247607 3108
649 9930.7790092398154229       1.4484469964010868726  3113
650 9933.4693132746742776       1.370538726155650977   3118
651 9998.3474958798651642      71.834710693825400085   3123
652 9954.5246881431503425       2.5790791299823245808  3127
653 9957.7382572761216579       0                      3132
654 9943.7237398956112884       0.00933515741790608665 3137
655 9934.4955862632450589       0.06509420646965884127 3142
656 9948.2871570864917885       0.00231837984919165815 3146
657 9953.7995865187731397       0.10266468046487933763 3151
658 9943.3021464981429745       0.59826474361776493804 3156
659 9949.2892282224966038       1.2042696839177544632  3161
660 9947.5400027879659319       1.0894791129063043922  3166
661 9955.4242457030995865      95.38570570362101364    3170
662 9956.8443295490033051       0.05776869528557744549 3175
663 9953.476925928502169       42.020314683962304514   3180
664 9932.1120038484968973       0.40728332013379303644 3185
665 9938.18825491194184         8.1231164403710707234  3190
666 9957.2548730745984358       0.07866295537723536069 3195
667 9992.2567673971734621       6.9176152568636135598  3200
668 9980.4823489822920237       7.0849034896926710303  3204
669 9944.0703339963856706      79.276336076990162383   3209
670 9954.3131479170642706       0                      3214
671 9954.7500477255671285       0                      3219
672 9949.4181456823771441       0.10743307645768566949 3223
673 9954.4780669193769427      56.709272161028053461   3228
674 9953.4059823451680131      94.843971321298241151   3232
675 9963.092125594488607        0                      3237
676 9942.9548412152616947       0.01568745304485077291 3242
677 9962.3981790094621829       0                      3247
678 9953.5826184289689991       0.9240543457976554409  3251
679 9945.324830810093772        0.55363390581543037161 3256
680 9946.6698587965929619       0.00808770448236037845 3261
681 9931.4479669499651209       2.4103545304695788154  3266
682 9948.6795222124110296       0.00389548506994403078 3271
683 9928.6308236266395397       5.0887502786423430834  3276
684 9990.2287444595931447       6.9741798917107269418  3281
685 9975.7148659847462113       7.2135554800382521989  3286
686 9948.3011086002479715       0.00217361690253306322 3290
687 9948.559850835295947        0.00277121437108049764 3295
688 9955.0225419496764516       0                      3300
689 9950.2856797466702119       0.00044605951759582965 3305
690 9951.3889404591027414      94.303930795879466586   3309
691 9951.4311090545925254       0.09015078972442154559 3314
692 9950.0270288182728109       0.00023041473591043783 3319
693 9951.5671912077559682       0.97769850340978847747 3324
694 9955.9958071999408276       0                      3328
695 9943.360579743868584        1.343418886710154414   3334
696 9947.0802579088995117       0.00285917971124630263 3338
697 9945.7598693163854477       0.00418871368723125383 3343
698 9989.4921605525214545       6.9795166184868113746  3348
699 9948.4509154421502899       0.99854567573214580989 3353
700 9950.9950837188334845       0.00019216569119057805 3357
701 9954.0546342288434971       0                      3362
702 9953.392464656582888        6.5395530957110956649  3367
703 9952.5037537037333095      76.373115483214903065   3372
704 9955.0225419496800896       0                      3376
705 9956.3658113707788289       0.090441399902295605   3381
706 9952.350170427469493        0.12529955138087336963 3386
707 9953.4535232924063166      74.279274095043362536   3391
708 9955.7372712611031602       0                      3396
709 9946.7277291606824292       0.00374296534702161718 3401
710 9949.4398319095744228       0.00091844186920436591 3405
711 9952.67109942652678         0.40848483993788659019 3410
712 9951.5608722115157434       1.1902108745300230552  3415
713 9950.3135947636801575       0.00033824750490728923 3420
714 9952.2506649794595432      88.963932942198709952   3424
715 9953.1735235289470438       0.07222841946253143186 3429
716 9948.9968643150750722       0.00156068247885790545 3434
717 9949.5800477736975154       1.7545910966899305183  3439
718 9955.3432795119642833      11.85529827379493284    3443
719 9950.6360584053145431      99.781286543626023899   3448
720 9956.1065743752860726      95.413966539971312386   3453
721 9951.4377885601952585       0.0000217802978433955  3458
722 9945.6144676682270074       1.3268618817733262016  3463
723 9947.1226463790444541       1.1048773243827814117  3468
724 9948.9505871230157936       6.7465662579513923092  3473
725 9950.1147210875697056       0.10523963647773779129 3478
726 9953.3007741996334516       1.1676531186334502266  3483
727 9950.6045808460294211       0.97649871392815890125 3488
728 9956.0209968448889413       0.85826182269741801978 3492
729 9957.8436061006068485       6.336400771858663461   3497
730 9954.3611117503423884       6.4354053648058053838  3502
731 9955.0900132176120678     101.04208240736032565    3507
732 9949.6484279269316175       1.6842611389096591168  3511
733 9939.1722191992375883       0.03678772514087538109 3517
734 9949.0928861807824433       0.00103955491416946456 3522
735 9947.2447097433832823       0.00532583163315511129 3527
736 9950.582457579250331        1.2380284553592186825  3532
737 9944.6662941095219139      92.665796013674054166   3537
738 9949.6234500278333144       0.00155930761827295758 3541
739 9950.5722683438980312       0.00058713749970217845 3546
740 9951.8179218889890763      88.788503734374785381   3551
741 9959.0403231962045538       0                      3556
742 9957.4658146207420941       0                      3561
743 9944.6270419420889084       0.01095155482962184221 3566
744 9946.3663317045575241       0.00581315571286044209 3571
745 9951.1067369935990428       0.00052177053045071782 3576
746 9947.8208043317463307       4.0721224159326752101  3581
747 9949.1243167853135674      27.46623988633136193    3585
748 9954.1327470916512539      97.260036337132362405   3590
749 9954.7597885549366765      98.079595190997366672   3595
750 9951.1888680961965292       2.7476519364228098041  3600
751 9958.56600444137257        26.53981598995324731    3604
752 9957.2594207013498817       4.0006083775190690588  3609
753 9953.2037436349128257       2.6572322346992387487  3614
754 9954.0546342288434971       0                      3619
755 9950.4067939705819299       0.00219612923219370806 3624
756 9943.3165766688889562       0.01273608550182771249 3629
757 9944.3831483833055245       0.00970337865483128156 3634
758 9957.8884657437647547      73.527281546041265869   3639
759 9952.451703500280928        0.8986567023252941544  3644
760 9947.0642191648003063     106.82673825680032564    3649
761 9950.8881986197320657      81.347900607075658286   3654
762 9951.6030553711934772      11.986802193301683062   3658
763 9951.3067967402039358       1.677021769285363284   3663
764 9957.0825415475646878       0.38156150056413024041 3668
765 9953.5538843253816594       7.5681216734786449507  3673
766 9953.9279541834366682     121.50315497028103096    3677
767 9952.5530544631328667      71.085717481118194883   3682
768 9954.2040277097112266     121.41557717070479328    3687
769 9940.0248488268935034       0.19428165434796132449 3693
770 9944.6555062653260393       0.0105707565000543631  3697
771 9955.3659076006806572       0.00004832840179227814 3702
772 9956.0331633175046591      11.685005281604743388   3707
773 9953.3215050574817724       1.6066063334280233921  3712
774 9956.7653861749404314       0                      3716
775 9949.9841200022892735       1.1506368008812810633  3721
776 9949.7590619212187448       0.95449011844262665605 3726
777 9949.6091047778772918       0.48284472708895093129 3731
778 9949.6900646121139289       0.11005497471094127793 3735
779 9953.1310112483097328      94.922135867232768192   3740
780 9954.2489260590700724     114.39057603896883109    3745
781 9956.1430590897325601       0.05939403152014959691 3749
782 9948.4077782140666386       0.003242214415876782   3755
783 9952.754232175726429        1.1576373236124242183  3760
784 9952.2706685094071872       1.1383551584688791358  3764
785 9952.054492743951414        0                      3769
786 9951.2835159381775156       0                      3774
787 9949.0051657006733876       0                      3779
788 9942.4811129809604608       0                      3783
789 9925.7022083566225774       0                      3788
790 9900.3747431559440884       0.16403343888185467625 3793
791 9847.2377148343821318      22.06889627486685157    3798
792 9912.2765669675991376       0.33110592147542139418 3803
793 9914.0130594679922069       0.29596556262586987129 3808
794 10018.156885118300124        5.3989835145085596224  3813
795 9970.342055819262896        1.0267484501234824812  3818
796 9921.4418719257846533       0.05090855994678415708 3823
797 9923.0473567156168428       0.14772406936009599421 3827
798 9922.6229864671950054       0.01630344262192725407 3832
799 9925.185530649503562        0                      3837
800 9923.1808990084537072       0.82031344467211975147 3842
801 9924.7312948481121566      26.83227398920155693    3847
802 9933.3928174993288849      55.848916394033899735   3852
803 9930.9817207133764896       0                      3856
804 9931.3296320925583132      74.403139792602388525   3861
805 9942.6775764269332285       1.4029807996419370042  3866
806 9750.0114785704099631       7.0478072679183521032  3871
807 9748.8191459380504966      49.403785076711713486   3875
808 9923.1635525961664825       0                      3880
809 9917.1049340303343342       0                      3885
810 9898.9949580781194527       0                      3890
811 9845.2590143852448819       0.35395385704714554809 3894
812 9898.7407287753521814      15.239424232360253342   3900
813 9901.2653728532186506       0.02130760349220077801 3905
814 9900.7462044867297664      15.17875089609810324    3910
815 10135.298270525019689        0                      3914
816 9935.4535689588519745       0                      3919
817 9730.8668412819370133      15.312299028280435209   3924
818 9709.4047229784737283       5.56525307240588063    3929
819 9895.6837045712090912       0.31480457195984745677 3934
820 9903.7103730971612094       0                      3939
821 9919.1232541183198919       0                      3943
822 9762.918996817423249       12.589380200463002879   3948
823 9715.2454708368477441      66.973783720168469813   3954
824 9897.5660454829921946       0.23732154440377725702 3958
825 9899.8215953079816245      97.466315281220360589   3963
826 10155.871842543616367       60.258607374163204895   3968
827 9876.8132754845973977      43.861776929389392876   3973
828 9978.7374320478102163       0.00057973318339070001 3979
829 9879.6934540982620092      43.535093166639825313   3983
830 9883.5892691010794806      43.277350155755598848   3988
831 10185.052131121410639        0                      3993
832 10069.694626854648959        0                      3998
833 9848.9257474097576051       4.1843011347375966835  4002
834 9969.7741804839788529       0                      4007
835 9943.1306926494253275       0                      4012
836 9895.2591738977589557       0                      4017
837 9884.0788960469872109       0.00794027193518989302 4022
838 9970.9995226305745746       0.05964042919853398961 4027
839 9996.4430389545486833       0.74953287228117793095 4032
840 9712.4521764339206129      45.663558022145807058   4037
841 9709.0981469831494906      46.224701041468492235   4041
842 10172.511871241544213        0                      4046
843 10063.684834595691427        0                      4051
844 9917.6724772785164532       0                      4056
845 9918.5796654663863592       0                      4061
846 9854.1909239490978507       1.3857673223700233134  4065
847 9900.5405213616231777       0.20010619095962636771 4070
848 9920.9085551768403093       0                      4075
849 9997.6602602900511556     123.07626945171691091    4080
850 10016.335062587106222        0                      4085
851 9898.0319282674081478       0.71768154992958521632 4090
852 9931.7539764215016476     123.13476718255063247    4094
853 9972.2571726216538082       1.9003546702581406436  4099
854 9884.9493680161867815      79.767678875535011684   4104
855 9828.7672913922579028       1.1776613078343434182  4110
856 9882.7118973254328012       3.2572056616068292278  4114
857 9881.0002166324975406       3.371172396670714555   4119
858 10150.487249747173337        0                      4124
859 10046.304863648210812        0                      4129
860 9853.4686929483123095      80.430123196352752757   4133
861 9933.0724194926024211       0                      4138
862 9878.1947519938876212       0.02269343110903182179 4143
863 9893.4057237773286033       0                      4148
864 9887.8733605560482829       0.00002823974015169096 4152
865 9987.5657682292603567       0                      4158
866 9992.2222950046161714       0.0301056340632567046  4162
867 9765.4517369660861732       3.1260995367689972113  4167
868 9763.7310148170890898       3.2363830470057699529  4172
869 10096.755519370677575        0                      4177
870 9832.7741563956951723       1.4496447230287321517  4181
871 9906.1236471354422974       0                      4186
872 9933.1732268312171072       0                      4191
873 9994.4220598125302786       0                      4196
874 9899.3548614216288115       0                      4200
875 9886.0687349167292268       0.46481262489152724848 4205
876 9877.6016577175942075       0.66101413752246129807 4210
877 9869.3145241471083864      80.548809021341597258   4214
878 9898.2690552993408346      96.763324018367200097   4219
879 9929.2676296667159477       7.0900510811111541187  4224
880 9975.84349584591655         0.4383282589224226089  4229
881 9868.0610067595152941      44.651728460480498484   4234
882 9884.2592409477492765       0.00598668114234959022 4239
883 9962.9221058550574526       0.04751279205125549798 4244
884 9984.3645605526944564       0.06249297950085373754 4249
885 9883.72684195439615         0.71327245821222629019 4254
886 10021.265233164365782        0                      4258
887 9977.2985389354616927       0                      4263
888 9855.5115274245272303       0.19871759610441347421 4268
889 9881.5350611214562377       0.03156783527879469808 4273
890 9888.6589166073972592      94.697337748389884382   4277
891 9905.24762406237096         0                      4282
892 9929.3288932315845159       0                      4286
893 9903.844936876963402        0.21166923553448113715 4291
894 9904.3800868821836048       0.01016764040381761859 4296
895 9906.4927335562824737       0.5777986782995883086  4301
896 9969.3764790456043556       0                      4305
897 9935.3683906008409394       0.03252668339076835585 4310
898 9880.7000845281436341       3.6885735771721437359  4315
899 9948.3786720420066558       0.00321744472789233351 4320
900 9901.1080348628620413       0.00165598019622334729 4325
901 9901.1080348628656793       0.00165598019623722638 4330
902 9950.1814184383583779       0                      4335
903 9881.4808692463884654       0.00783563453576433498 4339
904 9864.8269642409759399       0.98995371099769891021 4344
905 9883.4391661329755152       5.3267123668924112323  4349
906 9893.3549038215787732       0                      4353
907 9893.2058836630403675       0                      4358
908 9892.7897757262107916       0                      4363
909 9891.8198986610314023       0.00025714671280846431 4367
910 9847.0169600644494494       0.12335262577790526151 4373
911 9849.446982525576459        0.11187082048471373719 4378
912 9749.8442412140921078       3.131717722483244426   4384
913 10021.0930637115016          0                      4389
914 9977.1431180853105616       0                      4394
915 9880.2812496349652065       0.01557167341339346645 4398
916 9885.9907203396032855       0.00018332508998938977 4403
917 9805.8719832055285224       4.1549270332488106305  4409
918 9877.1267573818804522       0.02880090702904846214 4413
919 9919.6814768531912705       0.33649521164814183427 4418
920 9822.5771879887906834       1.563153648553657904   4423
921 9864.7949035196361365       1.7382821149129350502  4428
922 9907.3524305113805895      98.953456958152727907   4433
923 9951.4446984062560659       0.0890304293891086701  4437
924 9952.3608734848967288     100.37846343226969736    4442
925 9905.6781285049764847       0                      4447
926 9971.0966056294782902       0.03553560510060674305 4452
927 9980.2829725147785211       0.00481668992662183815 4457
928 9866.0050203971768497      31.308994485839964028   4462
929 9864.0169697155724862      31.411189604219828198   4466
930 10019.289323640516159        0                      4471
931 9978.0339673008456884       0                      4476
932 9884.5697393017799186       0.00321908338790662715 4481
933 9894.5377574936555902       0                      4485
934 9876.7971611834418582       0.01080253920866609298 4490
935 9903.2986079722577415       0.23313116066321856734 4495
936 9918.4315049460456066       0                      4500
937 9938.8692157445912017       0                      4504
938 9894.1153485376944445       0.87683046142791964961 4509
939 9903.4174914598788746      97.939930433480824945   4514
940 9976.9654354596532357       2.5940957489842499939  4518
941 9929.1340639834616013     122.18408253904011929    4523
942 9889.0596008358952531       0.00007534474025719692 4528
943 9873.1815005258358724       0.01567909215667608394 4533
944 9875.3049583345364226       0.24512233620589946037 4538
945 9951.3799239454729104       1.2665539928097089284  4543
946 9954.7007381328803604       0.09320956975992426841 4548
947 9950.2487038484323421       0                      4552
948 9878.6093051673597074       0.18583382610099924426 4557
949 9893.4929757111367508       0                      4562
950 9896.1918381168998167       0.07076312222155205223 4567
951 9912.4213505949537648       0                      4572
952 9886.6422206007373461       0.16826627621647552435 4576
953 9890.6761579838585021       0.90167091505761420844 4581
954 9891.5976228533545509      94.896795400566944068   4586
955 9892.1585982856704504       0.92478866541306825599 4590
956 9895.8728985087764158      57.497452265535848426   4595
957 9949.3687342430566787       6.6511113043960410351  4599
958 9955.5992674320241349       0.87190931178014341452 4604
959 9868.7357319651218859      19.383555852872543568   4608
960 9951.1433675371263234       0.00259492432554810732 4613
961 9905.7522302366105578      73.375664913348146001   4618
962 9899.9362026871312992      64.550623577712414658   4623
963 9898.2721457217685384       0.04539994306187392775 4627
964 9890.0914893027602375       0                      4632
965 9882.0322615840741491       0.00793146626820959849 4636
966 9878.2486501926596247      31.345698462025094244   4641
967 9944.8815785560655058       0.14594600743538813092 4646
968 9893.3201993407637929      65.286376976181927034   4650
969 9894.351186187035637        0.06953479410711964348 4655
970 9888.7921504683508829       0.44550816663560260933 4659
971 9887.6766946133866441       4.5354253470655736535  4664
972 9891.8033010690360243       5.826155379730391104   4668
973 9891.8683793540640181       0                      4673
974 9899.8874693552425015       0                      4677
975 9888.8946767969864595      94.291926141965220154   4681
976 9892.0314816489426448       0.07676764867172851392 4686
977 9898.4596036145812832       4.1842242335937758213  4690
978 9948.8629286862396839       1.0397009728483486146  4694
979 9956.1016734102231567       6.3857622986349600325  4699
980 9883.9183921098010615      10.891051664600503557   4703
981 9872.0641266884776996       0.06012080607975905239 4708
982 9874.7490377594640449       0.04595948598685474507 4712
983 9887.1913760934039601      65.711940035879237598   4716
984 9892.1695625411812216       0.08116614325901386207 4721
985 9887.7074088356730499       0.50952627751890722241 4725
986 9888.3159524236489233       0.000771920527191819   4729
987 9894.0062195320970204       0                      4733
988 9892.0918869116139831       0                      4737
989 9885.9328686091339478       1.778937886755038722   4741
990 9888.3649209434697696       4.4941239222994155966  4746
991 9892.5922176440435578      42.82386872756020324    4750
992 9948.3759928618328559      99.383855720422971558   4754
993 9955.4340714300560649       0.06196808328054816128 4758
994 9880.081869933708731        0.02755243666797131327 4763
995 9962.1981928934474126       0.98724010105317039354 4767
996 9961.2440599771289271       0.05338573962494978092 4771
997 9878.7173490633231268      81.188215568452022808   4775
998 9897.3969470567190001       1.5377924804857809882  4779
999 9887.3991414148367767       0.00074938265096451833 4783
1000 9893.8697684171875153       0                      4787
