1 10211.018693008742048      45180.015940898854751      4
2 10479.639932180009055      37392.570146826037671      9
3 10002.75400164214625       55050.046353907848243      14
4 10319.235443260689863      45818.689875828516961      18
5 10417.592839097071192      46371.664777843594493      23
6 10420.100164661715098      46444.598977308203757      28
7 10180.375099847711681      23477.918928938921454      32
8 10162.951748145284         6663.4975677736028956     37
9 10176.502687691081519      10806.798869519385335      42
10 10169.617711095621416      10173.902777857732872      46
11 10456.058565044215356      6610.5724604452680069     51
12 10168.995980700699874      10316.680337688158033      56
13 9967.9942926658550277     6608.9504133361751883     61
14 9458.6305792814400775     6583.1440519089246663     65
15 9399.5029938819207018     6595.7105904584568634     70
16 10523.031387167926368      65018.750220362824621      75
17 9881.9552124750043731     10263.681413183348923      79
18 9400.8063360527976329     7584.4655550679453881     84
19 9406.4139145933004329     873.0597638291731073     89
20 9389.1465984565129475     141.86795140756458977    94
21 9359.6814367852657597     269.86790804769862007    98
22 9357.2797105791960348     2694.2901658469263566     103
23 9594.5464068004384899     655.37280843939129227    108
24 9405.6246502488102124     22443.936195581030915      113
25 9389.1682753508212045     161.61348701350596002    117
26 9418.4460551537504216     110.15186501738767788    122
27 9523.1392043432551873     2385.2735716406950814     127
28 9329.36133375717327       219.49609250182012943    132
29 9380.8498781139569473      33.041144025401294471   136
30 9387.7882188114745077     160.62462172368898905    141
31 9231.2811073151460732     125.84609663878293873    146
32 9183.860004215126537        0.70626097276216992515 151
33 9183.7082983654963755       0                      155
34 8976.2705598588527209     4553.4501789908108549     160
35 9507.9842240722045972      10.48944478552088988    165
36 8942.4290451673587086     324.54093874019969235    170
37 8982.0992153162787872     432.40289580765613664    175
38 9187.3635483939324331      65.608401338845624196   180
39 9188.6885255993602186      18.22957483005485102    185
40 9242.3512574853702972     102.32641708374870859    189
41 8778.0269165969020833     352.07951188928933561    194
42 9339.8028858242232673      38.269913228011176898   200
43 9339.1840114793212706       6.9583590416275464818  204
44 9320.1119902282061958      69.036706053614466327   209
45 9976.4518872345015552     1480.9844656984303128     214
46 9147.5464801645703119     2260.3216524870972535     219
47 9516.4379710794109997     665.08425386625719966    223
48 9694.0330982732994016     1061.3569659543304624     228
49 9351.4452165129914647     44802.813061011249374      233
50 10092.425080004861229        9.6958502232489784944  238
51 9093.7563014476745593     171.23776163777137072    243
52 9649.8344611059510498      37.326313866410195885   248
53 9488.8864243578173046      13.389095604042076104   252
54 9274.053522190417425        3.3338039144798234936  257
55 9270.6870959268053412       3.1432407233592067897  262
56 9629.1987902473447321      30.539633319224833485   266
57 9175.910358524584808        0.06067156618326724482 271
58 9187.1543213463355642     442.54580401876063434    276
59 9761.8467834626317199     105.0946638252327574     281
60 9049.1609759787133953       0                      286
61 9040.3620932954618183     7450.1100011996286412     291
62 9456.9671858936781064      10.525993739256330528   296
63 8969.186999100358662      1046.887942828194582      300
64 9837.6342340660194168      67.298984535725182354   305
65 9345.8972084263477882       0.35442073841894716768 310
66 9053.8122572291340475       0                      316
67 9313.6237057128237211      86.842530445957891061   321
68 8872.566477424605182      315.30225230503765488    326
69 8798.5417866896641499     1397.7163126316474973     330
70 9072.742759655788177      611.59531395272517784    335
71 8968.5012403806831571     12438.246075782975822      340
72 9896.8300658101616136     2909.4161373436172653     344
73 8902.1568917741606128     4955.4859836485802589     349
74 8964.1098135316788103     20190.465243763159378      354
75 9509.8499792452766997     201.13718285156792831    358
76 9469.6654924211434263     1009.1920970140721465     363
77 9159.0681760943643894     450.419064259782715      368
78 9077.8392247074807528     7550.9727079085732839     373
79 9256.4712417482733144       1.6243274959042346417  378
80 8993.0304861735985469       0                      383
81 8696.580629470941858       14.570507578180412978   387
82 9070.1020049772014318       0                      392
83 9069.3366085179204674       0                      397
84 9106.3222313302339899      13.511721134991619309   402
85 9176.5114437514948804     194.36436653186802914    407
86 9421.1941957707986148      38.533540029296702301   411
87 8870.3384389812945301       0                      416
88 8939.2764291611983936      13.343643801795900927   421
89 8996.709832840191666      214.16640051438773185    426
90 9943.1272153192439873       0.00319400408329256888 431
91 9125.1377274555816257       0                      436
92 9096.5527757610398112       0                      441
93 8738.4980596627246996      96.845569541713672379   446
94 8907.3772631109641225      50.877274642331819621   451
95 8941.8398081842115062       0                      455
96 8943.2929933444938797       0                      460
97 9004.8338749946451571       0                      465
98 9053.641705617254047      103.30295455883765499    470
99 8856.3195272123684845       0.58298423085735007199 474
100 8884.8752849549291568     474.6689981232517539     479
101 9268.0839646641034051     488.12586940964791893    484
102 11322.71142471269377       2908.2470907952892958     489
103 8813.3515321639115427       0.06519931798109428189 494
104 16404.368354833393823      20150.184569660690613      498
105 9724.8770113061491429      10.16431322404526405    503
106 9396.8212806441588327       0                      508
107 8841.5294174872105941      42.17653686585222772    513
108 9361.0786848095594905      40.029795985383550772   518
109 9075.9286198908739607       0                      522
110 8624.3400340277476062     468.08950426621925089    527
111 8738.6582722832699801     132.21727917294026611    532
112 8755.3473503628356411     923.96938428151224798    537
113 9139.408291760370048      115.94826908888042283    541
114 9612.1771461129610543      33.558035718650629065   546
115 8861.7839504836574633     138.15473261468537203    551
116 8863.7530245118923631     232.50537767745765905    556
117 11266.554889504690436      1459.2174952557477354     560
118 9141.4224245679961314     5938.4663126358045702     565
119 9147.8315077597326308     315.18525910544991575    570
120 8751.9363368870472186       0                      575
121 8744.5755324802958057     7496.0991979475065818     580
122 8820.9800424420900526       0                      585
123 9103.8304478324189404       0                      590
124 8833.3634984274576709      39.846553446537917864   595
125 9390.2411376012023538      33.789443665204146328   599
126 8637.8965014145724126       6.5786650039007890101  604
127 8751.4723677805450279       0.76834138466504797726 609
128 8751.9583625027571543       0.73365569995174284568 614
129 8753.6010346058592404       2.897290727455897219   618
130 8824.3842358137990232     192.1593132324188673     623
131 8896.7691719057565933      52.897643659321182952   627
132 8901.0952654343436734     1173.4891889543705474     632
133 8760.5250199296879146     746.18285566188251323    637
134 9746.0407471877206262      43.117133314893692386   642
135 10161.822921361415865      242.87886842677255572    646
136 8940.3918448178501421     1135.9052254742482546     651
137 8706.5779142732462788     7483.2501253199698112     656
138 9002.4695271528507874       0                      661
139 8919.5659528456271801       0                      666
140 8920.999171572519117        0                      670
141 8751.972572123808277       22.693795452466428486   675
142 9405.3938909475764376      31.497105105054558294   680
143 8684.5300022065166559       0.03993568821135039942 684
144 8850.9809440053795697       0                      689
145 8684.9848298296838038       3.7122140695620613471  694
146 8751.9035604424971098       0                      698
147 8975.5008481949080306       0                      703
148 8446.4557228898429457     140.25181045326024787    708
149 8577.3143319261307624     260.83202193054336249    713
150 9210.8502584538764495       0                      717
151 8677.1436516232097347       7.1016915257258537153  722
152 9232.9217425092920166      79.407647007526747984   727
153 8876.5372178040197468       0                      732
154 8639.052754473830646        0.60282861841689039384 736
155 8940.8769474606560834       0                      741
156 8753.9057514108171745       0                      746
157 8752.4911277117244026       0                      750
158 8753.9680828668133472     384.05000598984980797    755
159 8867.7905819936713669       0                      760
160 8868.0353835116075061     213.40138032822594027    764
161 9562.5945487553653948     2580.0313290644835433     769
162 10450.531922855456287       54.160370948870507846   774
163 9113.6644988077605376       0                      778
164 8657.857085999330593        0                      784
165 8409.7180833894599346     136.83972484049118634    788
166 8635.0130392344472057     101.4172663574549631     793
167 9386.7145824185754464      20.22379441142821932    798
168 8688.2975119866405294       6.6284457253932851373  803
169 9197.1532546969883697      87.71355342075993633    807
170 8544.6025669281716546      10.011749571871728648   812
171 8570.552214328034097       24.461703897506840377   817
172 8655.948333645303137        2.3389762190778076167  822
173 8667.3619160366815777       0                      826
174 8764.3070288825092575       0                      831
175 8876.1099445787695004       7.0721772014293700082  836
176 8652.5533333406474412       1.6645446531219645347  840
177 8607.3445616666558635     342.04797994795001159    845
178 9657.8828652062456968      18.112515760182674285   850
179 10257.174583759231609      293.72457239629102332    854
180 8544.1644088784378255       9.8897696377857791106  859
181 8441.9350020382735238     117.56144750757437123    864
182 8611.1653901253012009     230.03950904624375084    869
183 9800.833707021221926      944.54030081054452239    874
184 9822.8882811755247531     936.93153872445600427    878
185 9234.916074312364799       68.871235618549221158   883
186 8650.6686672631112742       4.3160138765366680147  888
187 8636.0273694810875895       0                      893
188 8657.1038925460161408     7651.1959681906901096     897
189 8583.8372990618845506      47.32328493965390237    903
190 8583.084678117371368       38.123383894913281722   907
191 9602.5296676425077749      13.061539780493101048   912
192 9183.3275330614378618      84.95062203632394926    917
193 8670.5157897462941037       8.4520457071718233522  921
194 8654.6216082172813913       0                      926
195 8533.084686326496012       29.211722597880054764   931
196 8636.0216769773360284     106.50295617077576082    935
197 8638.3704612814290158       1.7834385767782001686  940
198 8660.8678511408852501       0                      945
199 8744.5303489419675316       0                      949
200 8756.2369519956209842       0                      954
201 8634.2192726695466263       0.27623634309062328196 959
202 9712.7817302558942174      13.793324596397173565   963
203 10235.432361915867659        0                      968
204 8759.6234063309184421     7870.513006608654905      973
205 8519.5417474650694203       1.6909124151645331668  978
206 9943.8894268371550424       0.1070980934071946028  983
207 9950.0033953933052544       0.05506763680286480556 988
208 9036.1804289485007757      98.356979762331391726   993
209 8640.9236393522587605       7.7182525706357045792  997
210 8590.8252417296771455       0                      1002
211 8522.6763233254132501     1009.7682293554967146     1007
212 8562.5986602503562608      63.315855253727384877   1012
213 8561.2041506482401019      56.00346769473678421    1017
214 9195.3759576508873579       6.2112908931609469576  1021
215 9086.6646995646624418      60.15339507270893904    1026
216 8647.9636941676490096      13.385738664316040314   1031
217 8645.0547979834627768       0                      1036
218 8593.0799943852198339      53.80719337998194618    1040
219 8592.939329752816775       85.267195066853545882   1046
220 8593.8678613518623024       1.5434396638949716696  1050
221 8640.4074062595609576       1.9355391258842298274  1055
222 8696.1698606972367998       0                      1060
223 8565.2941566310728376      16.008766957952893506   1065
224 8752.336259077574141      7474.4100900616631407     1070
225 9931.3433994974911911       0.04650829474488605425 1074
226 9978.1278113276384829     1907.4602116971329906     1079
227 8610.0203983878000145     579.77392562318937053    1084
228 8491.5275117265609879     1070.0385122721772859     1089
229 8632.7658388510208169      38.209326415007517141   1094
230 8632.1597470704655279      37.879324119186591702   1098
231 10411.125311639832944       72.846854470618040978   1103
232 10460.190172884049389      104.61905346041544362    1108
233 8996.2260497577244678      96.918137926324575915   1113
234 8621.3617862976352626       8.426017191862063882   1117
235 8590.2683138124630204       0                      1122
236 8755.9985501488445152       0                      1127
237 8526.8396931755796686      94.785800837776619687   1132
238 8548.3299444784079242     101.45436323784578292    1137
239 9786.733719593294154        3.3895615994857930531  1142
240 9788.757038664929496        3.2787053193793265216  1146
241 8931.534993836619833      120.47546422445256553    1151
242 8610.4525630426560383       6.2817170620308573348  1156
243 8540.1979029946669471     316.07592818615609076    1161
244 8591.5462971514098172       0                      1166
245 8631.1875107020314317       0                      1170
246 8659.4050069188324414       0                      1175
247 8533.8452043967809004       0.81557183600483429409 1180
248 8582.7448357938883419       7.6296416884170312755  1185
249 8604.1359171686090122       0.56570940666740643366 1189
250 8601.7732939647048624     895.88503970242595642    1194
251 9941.9856706871250935       0                      1199
252 9967.8857009459461551     1937.3519991391826807     1204
253 8607.924848029462737      131.6134455951374207     1209
254 8695.2711289796516212       0                      1213
255 8567.4349466782241507     1750.0284241124077198     1218
256 8578.0451168637991941     2838.7329461344957053     1223
257 8964.9613426656651427      98.52654231075874236    1228
258 8608.3489603600773989       9.0250647956422103135  1232
259 8618.2565491747300257       0                      1237
260 8580.2152514711760887       0.36200990033573193783 1242
261 8597.404639432543263        2.1831750135423426684  1247
262 8572.9731744473028812       0                      1251
263 8523.3911024532026204      10.068740260955925336   1256
264 8602.8224348300718702       2.3819321143176921396  1261
265 8580.1775752846697287       2.4261328204023113742  1266
266 9711.1532036438366049     2469.1586006955008088     1271
267 9713.0550488664121076     2469.9177880662109601     1275
268 9052.6549425396115112      75.437318056660600973   1280
269 8593.3030343841310241       6.2461524832869494972  1285
270 8513.0478305774795444     197.69941651826280804    1290
271 8572.8437797079623124       0                      1294
272 8583.5755867095049325     350.52834220126356968    1299
273 8659.7452224278385984       0                      1304
274 8610.642045976494046        0                      1309
275 10197.141684177331626      174.9554254243590492     1314
276 8854.7843504248921818     165.62047374320397353    1318
277 8589.4537567441821011       6.7144794538058096833  1323
278 8571.3323642461673444       0.02641356657826707949 1328
279 8582.1921083871693554       4.6638466834112231041  1332
280 8625.2398563089118397       0                      1337
281 8526.497000743260287        0                      1342
282 8456.2053873073782597     940.02695294764203027    1347
283 8776.0755180705036764       0                      1352
284 9748.2133508502702171       3.9323853463942306519  1357
285 8787.8299193235488929     206.45526909086194678    1362
286 8563.1763572710951848      10.217299992410247      1366
287 8474.5603759252662712       1.263416411701319797   1371
288 8428.028234730114491        7.8088761580122882933  1376
289 8518.7803078142969753      91.549827389660762833   1380
290 8526.9141480655889609       7.1180859198952992628  1385
291 8570.9195184533891734       0                      1390
292 8582.8671017757114896       0.10325886231354768074 1395
293 8460.085676854083431      1116.1084896995428153     1399
294 8523.7781671489683504       0.03364343641898646237 1404
295 9738.9394408097341511       9.2835386420003924712  1409
296 10210.254986772937627      155.19613613650227535    1414
297 8761.4515876978875895       1.4547439762973561894  1419
298 8419.1113203461682133     965.54328574112969363    1423
299 8408.301124856032402       35.371935455034780205   1428
300 8542.3375829878950753       0.68985761392609057374 1433
301 9955.0871195279723906       0                      1438
302 9979.0064125232620427       0                      1443
303 8877.4243593305200193     307.70001914624492656    1447
304 8589.7273552033348096      11.398603606547375477   1452
305 8503.3767549905769556       0.8828703061873511837  1457
306 8527.4707051230871002       5.8899351691129497866  1461
307 8573.9694761585742526       0                      1466
308 8525.6926320493621461       0.61573392309228647257 1471
309 8526.6708466577711079       0.35525588714841821458 1475
310 8534.0156629624307243      66.804709535226876937   1480
311 8541.0856862418604578       3.0752994508546027674  1485
312 8548.3841143996614846     326.4812029868925265     1489
313 9930.5631862955033284       0                      1494
314 9957.8745932021793124      95.19812994910529369    1499
315 8535.6773010724573396     371.15676751133111111    1504
316 8505.7649167984291125      52.364479142220432095   1509
317 8669.859917066336493      413.07433336960292536    1513
318 8537.6342448008763313       0.43968580734358692075 1518
319 8524.5532479494631843       1.2440659979748185382  1523
320 8520.4246472726099455       1.0386979633059414407  1528
321 8526.0549127809354104       0                      1533
322 8524.8883940039759182       0.00183682867657767863 1537
323 8522.8271427625113574       0.30717044948997918041 1542
324 8459.889055604551686        4.8358109861842804023  1547
325 8460.7219925751596747       4.7508074306404655118  1552
326 8571.2929444277560833      89.65726266850117554    1556
327 8570.3063481200224487      89.551387291044449057   1561
328 8882.0997444168297079     284.91853815845047393    1566
329 8584.0114198617775401       7.2246158576833989784  1571
330 8507.2119805899637868       4.7948928755205848518  1575
331 8530.4853627060601866      47.651705984463127663   1580
332 8524.6808791838429897       0.57484131748522626637 1585
333 8528.5887350364027952      67.087654998059377931   1589
334 8517.4205288099528843     368.81709294697532187    1594
335 8527.8793791888583655     1498.760342219924496      1599
336 8534.8264640337256424       0                      1603
337 8569.8780576517401641       0                      1608
338 8517.5545274623800651      86.196704385915580815   1613
339 8536.632978924553754       76.894808161033324723   1618
340 8540.5598925121194043       0.01257956144527280599 1622
341 8580.0084941479599365     343.73823235881616256    1627
342 8583.1199619444359996     344.17744520030504418    1632
343 8524.4535264072947029       0.06347564937668136176 1637
344 8526.2312810727253236       0.0646156874612948684  1642
345 8613.2525793557815632     743.87593150609063741    1647
346 8523.6289759233059158       0.7658911385958125928  1652
347 8515.4457760078985302     1036.5092076825319509     1656
348 8529.2193869631482812       0.21595979262813785882 1661
349 8510.7844010378921666      81.145356019573654294   1666
350 8532.0632907756644272      89.860714018870709197   1670
351 8501.3556072024675814       0.63707612242631805888 1675
352 8518.7824241515554604       0.68601008652046058245 1680
353 8526.8525264111249271       0.85998202971311388243 1684
354 8525.4541374055643246       0.10957343506113319254 1689
355 8522.335799865946683        0.00789866334822297671 1694
356 8543.5144306159145344      99.194342951325594981   1699
357 8524.5747157937603333       0                      1703
358 8524.7216714048518043       0.1345252700689875125  1708
359 8431.6668820254399179       8.8764980351727302832  1713
360 8419.5266216273648752      17.432676287132331083   1718
361 8419.8227233056131809      15.291791719700572827   1723
362 8657.8281342203990789     673.73822333417274422    1727
363 8531.841364478075775        0.88931370564645473298 1732
364 8486.8412788111218106       0.06237370841860807175 1737
365 8527.1093999487220572       0.06691011370037217021 1741
366 8541.8664393936305714       0                      1746
367 8487.3640426125512022       0.14332965886155368818 1751
368 8565.69538984819701         0                      1755
369 8512.9733110505840159      94.154234716384621606   1760
370 8523.036495951402685        0.12266039720754715048 1765
371 8513.6185234357799345       0.65060687701562003316 1770
372 8507.451633478362055      1005.478850986685984      1774
373 8549.7613671649360185     117.61080475247571542    1779
374 8563.1441575573990121     1652.8851866148256704     1784
375 8524.9089953538368718       0.77611230885382542777 1789
376 8516.2402456121999421       2.8886502114055674362  1794
377 8487.0536403337318916     734.75568155686482896    1798
378 8592.2879786634021002     839.40696395385054984    1803
379 8520.687717856704694        1.1339859485479728551  1808
380 8512.810939046281419       70.602722884957657357   1813
381 8528.2316604824973183       0                      1818
382 8515.742967313304689        1.1940965680754285216  1822
383 8517.5211334994346544      82.246517262025221839   1827
384 8540.1970536406861356       5.1384876027791905884  1832
385 8532.3358327515288693       0.90902713839146409569 1837
386 8531.0275440948753385       0                      1841
387 8541.4702375785636832       0                      1846
388 8516.0821347230885294       0.18759861847464123774 1850
389 8531.2399552358710935     998.22373463596795773    1855
390 8499.8051966079146951      52.368578619840874921   1860
391 8510.8791529623194947       0.01091348801672901644 1866
392 8525.3756393242583727      52.097056646071713715   1870
393 8535.9557495473727613      76.58749187720222551    1875
394 8558.0190853189342306     2495.1540662976940439     1880
395 8529.5532363220645493       0.74509851004338401026 1885
396 8522.6995450368867751       0                      1889
397 8517.1179461594947497       0                      1894
398 8500.769099578854366        0.04918259438478332635 1899
399 8513.6818891662514943       5.9176366245304548031  1904
400 8496.2588043142077368       0.65502524055913236012 1909
401 8498.7214999088973855       0.45751775946705158793 1914
402 8551.6158645683808572     2514.5813242157764762     1918
403 8529.6306947774082801       0.73671133371487873553 1923
404 8515.951750864413043        0                      1928
405 8513.3316594938823982      10.866383164994195099   1933
406 8502.0036655343756138       0.36401794433440581855 1938
407 8503.6531664763169829       0.32121857610338877542 1943
408 8522.4677874135722959      81.878679517106817798   1948
409 8525.757639810877663       64.256913983834294868   1953
410 8547.9880424300445156     2519.7532511581462131     1957
411 8527.6221219268591085       0.81850468539163367954 1962
412 8517.1741024338571151       0                      1967
413 8523.4365888548909425       0.16301326276509323088 1972
414 8528.0700311399523343     107.56643783050859042    1976
415 8538.4881176710769068     108.24474336530541052    1981
416 8564.1860397657856083       0                      1986
417 8492.7003197751291736      59.003688471714347941   1990
418 8509.2677839449988824     731.82110265369840363    1995
419 8516.637501436205639        0.02595329448506101047 2000
420 8516.5498539525287924     929.19902051350936745    2004
421 8539.5802439965882513     130.66810734743512512    2009
422 8500.3082043559334124     1129.4165274323463564     2014
423 8505.7928844220241444       0.18295898724902637245 2019
424 8505.8492344055321155       0                      2024
425 8477.3591983837213775       0.61172504905404290199 2029
426 8481.4336796578354551      61.641658025777381624   2034
427 8497.3121201751491753       2.3769346404371436421  2039
428 8500.3596694043662865      68.796373633343606002   2043
429 8545.1094812505980371     2646.2736982205078675     2048
430 8526.5130123404851474       0.52021669325169705989 2053
431 8506.3456545893204748       0.00001861883962415047 2058
432 8508.6838871347063105       0.12432834312983165326 2062
433 8467.8870177649441757       1.638781547209241074   2067
434 8498.8141994082961901       0.3056101195248107083  2072
435 8462.5952451634457248       0.12859274879030796468 2077
436 8516.7384883236718451       0                      2082
437 8543.8261042391895899     2723.8877072504701573     2086
438 8526.4144800057656539       0.55270898080384300854 2091
439 8512.3448347048688447       0                      2096
440 8461.7746784234004735       1.9158478976425941109  2101
441 8479.3133415007905569       1.9191295763900393379  2105
442 8496.3743851120034378       0                      2110
443 8502.5596100495295104     150.07473000012745956    2115
444 8484.6234817109470896       0.50538732152586651747 2120
445 8484.7184756375245342       0.43208970825101089552 2125
446 8493.5616066885086184       0.08955373520519270547 2129
447 8494.4210314546799054       0.03856528466505131092 2134
448 8534.6823652537768794     3920.0321631496535701     2139
449 8484.6612642854706792       2.6502498810684258501  2144
450 8493.3621828536488465       0.00022047186780809334 2148
451 8417.4201348330116161       1.518082963405323893   2153
452 8490.0623323823820101       2.6146558887730639853  2158
453 8494.105529309652411        0                      2162
454 8497.6627458907350956      14.620889536839895229   2167
455 8486.233852722130905        0                      2172
456 8499.8525231278399588      29.774875367184545638   2177
457 8496.6771285413469741       1.0002383835466626127  2182
458 8413.2267777147280867       5.8518340990655932643  2187
459 8488.9646781242081488       0                      2192
460 8526.9998971477434679       0.00000821706061246185 2197
461 8536.1991518508875743     472.92337524156431527    2201
462 9045.6486232839852164      70.821684265400989489   2206
463 8464.5650149649663945      45.572062815489402965   2211
464 8484.1248635610772908       0                      2215
465 8586.0670584280123876     4689.2484687372425469     2220
466 8477.8924020027843653       0                      2225
467 8460.046700018003321        0.38947758667904913699 2230
468 8510.0641172842515516       0                      2235
469 8735.998383285559612      907.25433179671449579    2240
470 8508.9986799474245345       0                      2245
471 9058.0988425421692227      67.438998805564352779   2250
472 8463.0685502633023134      44.371130048246065769   2255
473 8416.1018470407252607      16.62051223602798089    2260
474 8467.9159703759760305       0.04122382986717055414 2265
475 8400.6053722357610241       5.1880021521338690604  2269
476 8501.2562041338223935       0                      2274
477 8476.4621594607488078       0.7213729485039710454  2279
478 8480.4702329383908364       1.3938137451429755131  2284
479 8410.2827962073333765      32.191021682127932024   2289
480 8477.3148349700950348      88.688826746659159994   2294
481 8505.1353198155484279     422.23271413392376417    2298
482 8570.1262952692868566     1579.336507654583329      2303
483 8501.7009650981690356     1534.5799150968171034     2308
484 8516.8891202552695177       0                      2313
485 8498.21019854113365       1342.1037842806854314     2318
486 8498.0188886850428389       1.699005064300042056   2323
487 8478.3316827671405917       0.19282377399704864196 2328
488 8478.1137707525886071       0                      2333
489 8477.7423066772007587       0.08369363589567485606 2337
490 8478.0079982747192844       0.21879534569071984462 2342
491 8480.6606676851261          0                      2347
492 8479.9851070432196138     116.19172475172781844    2351
493 8481.4804535112507438     1351.6649105760279781     2356
494 8521.4621091720728145       0                      2361
495 8546.6108893580494623     1118.1922453301008318     2366
496 8516.4998594562566723     350.82482602635030844    2370
497 8486.8595455004378891      64.50806978201009656    2375
498 8475.8736163133253285      21.612250912702510419   2380
499 8473.7090598065115046       1.3159358949210833156  2385
500 8498.8272754907848139     1138.2072714382570666     2390
501 8486.3873422205961106       0.39227727980972587618 2394
502 8474.5053761507715535       0                      2399
503 8467.5472062415628898       0                      2404
504 8516.3360538442811958       0                      2409
505 8538.7372587042609666     278.72439469689209091    2414
506 8464.1139882414117892      17.063991264977975248   2418
507 9049.026984180085492       82.159693855205745194   2423
508 8444.3144731089814741      50.982972386683599098   2428
509 8488.6523186218819319       0                      2433
510 8391.3568677555740578      78.038553196804386403   2438
511 8468.2977274182358087       0                      2442
512 8466.4004041817715915       0                      2447
513 8463.9360752915617923       3.4985848004995210303  2452
514 8335.1616013553539233      50.992606712145324366   2457
515 8332.3714142761036783      32.659721508575707105   2462
516 8468.5380478545248479       0                      2466
517 8468.1291232803778257       0.20429678147066127059 2471
518 9083.1943971836790297      62.545320006948877278   2476
519 8440.1767628764973779      48.23951063750433832    2480
520 8459.5152303665472573       0                      2485
521 8503.5390079846874869     1285.3784674076396186     2490
522 8433.3898458792464226       1.8491319319159917889  2495
523 8462.288525574362211        1.2487544157001611023  2500
524 9109.0687321484638233      48.79760277185703643    2504
525 8440.3249714862722612      49.270109229308935994   2509
526 8468.5553317370577133       0.11205586520334902267 2514
527 8453.0632075021640048      74.041855339112956358   2519
528 8453.5364589736891503      60.477839424965296189   2523
529 8457.7278122182651714       0.86708389573523436678 2528
530 8487.4513214354155934       0                      2533
531 8391.1547415791555977     113.59235526523343651    2538
532 8457.8955982842071535       2.0514480597878392842  2542
533 8460.155158864621626       81.827416732274087963   2547
534 8526.1677329907470266       0                      2552
535 8532.1787748234310129      64.448819500073923905   2557
536 8565.4264966209666454       1.829503784824666468   2562
537 8542.9417821902352443     1396.6935046578985293     2567
538 8491.5326447811039543       0.94347144090882917311 2572
539 8525.1043133454513736       0                      2577
540 8527.6336526473023696       0                      2581
541 9042.9717943240466411      96.770967112592700232   2586
542 8423.0942081056418829      27.035220072732393248   2591
543 8465.9779227030412585       0                      2595
544 8449.9702871310710179       0.03621748282423280924 2600
545 8467.2842145573904418       0                      2605
546 8454.816377053342876        0.00357601927017631811 2609
547 8439.2100588488010544      71.462651984436234898   2614
548 8447.1008694376105268     918.17333426725463141    2619
549 8448.6650311367629911      81.528552635058957776   2624
550 8457.5127918077268987       0.33335713177124642881 2628
551 8451.2854583883727173       2.126629529601333779   2633
552 8531.2496822640696337       0.0033221278365765149  2638
553 8495.3456968869395496     2200.4545760763048747     2643
554 8449.6871295947439648       0.00274985492934582678 2648
555 8449.9436712130609521       0.00473859461839978499 2653
556 8445.0587637950575299     116.26233377642444111    2657
557 8458.4841008958701423     1482.7519558750482247     2662
558 8485.0537560963803116       2.1041277452774558299  2667
559 8458.4923649326537998      71.99547962526779088    2672
560 8456.9811624102658243       0.02274938943806393069 2676
561 8458.8625521696721989       0.00188880145867256137 2681
562 8460.9808327824066509       0                      2686
563 8475.7089686662511667       0                      2691
564 8461.1042975456748536       0.36809271417546263194 2696
565 8459.1355168856116507      99.62249362247314366    2701
566 8463.5199587265142327      75.903468321614667502   2706
567 8526.1109314553414151       0.07758882394042643238 2711
568 8506.6452669058744505      31.658608662025564229   2715
569 8465.7621018412446574     889.46378831550055111    2721
570 8444.9837397495230107       8.1101617305562641036  2726
571 8448.9048104260746186     1009.0429267070553578     2731
572 8505.3209341083002073     1726.262824294359234      2735
573 8460.9262864415977674       0.24190057256844949007 2741
574 8457.2976519043750159       0.36349647238746018996 2746
575 8458.4730186000469985       0.8342137009163155259  2751
576 8460.4123954762599169       0                      2756
577 8454.5012644211528823      92.918903685137507864   2760
578 8456.1181516202505009       0                      2765
579 8446.4310384672426153       0                      2770
580 8421.9070046947435912       0                      2775
581 8369.346933416723914        0                      2780
582 8644.1168202183052927       0                      2784
583 8309.9286111212059041      75.082864118289663224   2790
584 8308.3680251459609281      74.212713455584392364   2795
585 8407.7677159235208819      84.730123347456270722   2799
586 8927.8473629562286078     166.43993930542239923    2804
587 8383.3660610791048384      30.603820555234634071   2809
588 8370.0549367589628673       0                      2814
589 8387.9567781188634399       0                      2818
590 8255.9286491742805083      13.661140422646576909   2823
591 8368.3779717156794504       0.05477151162877700458 2828
592 8526.18522689798192         0                      2833
593 8632.5709278923895909       0                      2837
594 8370.6680274488480791     127.65198752445597563    2842
595 8486.2734997079005552     981.87922394677639204    2847
596 8269.7715442129756411     2011.4227355885261659     2852
597 8430.2070674831502402      20.175105626694325167   2856
598 8953.5667062543034262     511.2504582498900163     2862
599 8429.083435002456099      129.64648643304911957    2867
600 8429.9748336669381388     130.46142174994483298    2872
601 8392.8767333586274617       7.0196869908605803445  2877
602 8393.5857139279087278       7.0033783192951082341  2881
603 8968.0152875142739504     139.06007541332502342    2887
604 8379.6916245840402553      32.100293547769304325   2891
605 8360.2588669444940024       0                      2896
606 8333.8658198106259078       0.35587860703912083116 2901
607 8366.8009294086332375      30.821654364917069557   2906
608 8377.5091619768390956       2.4295096917996059638  2911
609 8451.1891086841133074       3.9867406107811298455  2916
610 8956.6480233887032227     143.95241984279579128    2921
611 8378.1427560998017725      32.698336481959934474   2926
612 8378.5796736469746975       0                      2930
613 8362.7643946779407997       0                      2935
614 8297.913076124203144        4.3372898221168068034  2940
615 8361.1219932855092338       0.19339281086617954308 2944
616 8363.6304699173106201      74.169293903753981567   2949
617 8465.0122900257319998     149.94133383936195969    2954
618 8338.9107303719192714     1626.0002890808755183     2959
619 8329.5597209499210294      74.106485331804776706   2964
620 8524.5301698660550755       0.01591273400130646665 2968
621 8557.4025422744653042       2.3600478588776376832  2973
622 8452.4556231867536553     972.77674365182406291    2978
623 8456.6338640846806811     221.7425671077749314     2983
624 8313.3873404995756573     1313.3679584165533925     2988
625 8316.0300869701277406     1309.5453624933941228     2993
626 8925.9984308971925202     158.92374508639824171    2998
627 8367.2809339649265894      41.442588984638575766   3003
628 8353.2697317689999181       0                      3008
629 8330.7193534803118382      66.978231850809848424   3013
630 8524.0775044161855476       0.01050588825098149222 3018
631 8237.5838527571959276      43.24661045712112184    3023
632 8237.5838527572032035      43.24661045712112184    3028
633 9167.3122638898530568     543.00431124785700376    3032
634 8390.1391025790471758      20.138078129639712444   3037
635 8444.5750144653593452       0                      3042
636 8286.8610857407275034      64.724106160781687436   3047
637 8348.4693434299661021      86.328560423752051634   3051
638 8427.1695332818198949       0                      3056
639 8350.6068678436949995       0.32436417449344034925 3061
640 8371.3331778977699287       0                      3065
641 8353.1843329686362267       1.041367424362313221   3070
642 8357.6614592119931331     121.63904152402825787    3075
643 8431.0620952725766983     221.4059474621404604     3080
644 8530.9889522566772939     441.68187040536656696    3084
645 8298.6951777973081334     1570.7992799150888459     3089
646 8340.5792061826505233      69.733448128055940174   3094
647 8339.2624888286954956       0.2764904303582565448  3099
648 8504.2882654912464204       0.32040938427203669026 3104
649 8522.7787805349089467       0.32220701746990881853 3109
650 8963.9014358527310833     319.04416904512999054    3114
651 8350.8439180770801613      40.50649411129789712    3118
652 8346.384459498915021        1.0946061804508817605  3123
653 8346.8328272182734509       0.01180417800821392631 3128
654 8360.6956892269390664       0                      3133
655 8355.5072815421244741      54.886696465980200799   3137
656 8366.3003463820114121     1335.6007480466796551     3142
657 8369.7707209086893272       0                      3147
658 8379.410156993970304      1372.9956430467555037     3152
659 8399.0373776181531866     1121.0316495762426712     3156
660 8534.4888235026610346     467.48527060597524496    3161
661 8485.2008788923194516     229.59834058008897273    3166
662 8334.4882963274685608      87.216617975495893234   3170
663 8351.447165051013144      1086.7342591479780367     3175
664 8546.8145737460326927     2187.5530399510325879     3180
665 8546.9903570557744388     2185.09870051064172       3185
666 8595.4730674286875001     807.51662027175291314    3190
667 8300.3547987604761147       8.4895015554399559932  3195
668 8352.6420221242860862       0                      3199
669 8350.7949620395593229       0                      3204
670 8345.5784231429624924       0.08003302183635532807 3209
671 8486.0337332361523295       0                      3214
672 8335.032406048001576       17.273650773914486223   3219
673 8333.9012191928650282       5.0321249594562749152  3224
674 8569.815049292104959      902.96751717397523862    3229
675 8296.3934149477554456       9.8626887623463908028  3234
676 8329.5288860422351718       3.9670791710145705267  3238
677 8325.77827871563386         2.2901431322274725666  3243
678 8342.208617915490322        0.26451670257911591433 3248
679 8360.8404313438204554       0                      3253
680 8348.6531537028004095       0.09612295339355821089 3257
681 8351.3714587547183328       0.31222076928594078016 3262
682 8353.4345504148277541       0.67582069920345699821 3267
683 8353.1112711266614497     1357.7886752405972857     3272
684 8532.1485552233716589       0.13987756198745240899 3277
685 8455.0363556744523521       1.2473813725131523977  3281
686 8388.5114910533648072      67.216675698113149906   3286
687 8330.358167201084143        5.7171447227063625363  3292
688 8332.1055559136930242       5.3464159248279878867  3296
689 8506.537309528050173      414.3536270823969403     3301
690 8373.7383109628099191     1277.931036008656065      3306
691 8352.946388673473848        0.01378009008293576074 3311
692 8342.2044199881456734       0.49952589392485424735 3315
693 8350.7380604640638921       0                      3320
694 8351.3446910070179001       0                      3325
695 8353.8801897309876949       0.02080095871758926365 3330
696 8355.36138964046404         0                      3335
697 8447.308847477155723        0.02059492242343661378 3340
698 8447.8322680704550294       0.031127525567306219   3345
699 8561.1821942234837479     912.20488223392158034    3349
700 8294.3831592047536105      10.730300649160550819   3354
701 8391.3734936619930522       0                      3359
702 8338.2667828271805774       5.7581539758918420802  3364
703 8350.045710956934272        0                      3369
704 8347.9771144696314877       0                      3373
705 8341.8474501131713623       0.04206819055296230625 3378
706 8327.4471239708800567       0.57525690193774803305 3384
707 8328.0549290350554656       0.51122990533982637373 3388
708 8390.8069500008750765       3.2838366770974820597  3393
709 8403.98176690929904       1473.9994718637040023     3398
710 8716.848764963382564      305.37440874725155027    3402
711 8310.9199190998151607       8.3086032575875989892  3407
712 8346.1548499292748602       0.45191438980599890618 3412
713 8347.3192096109287377       0.0488607576527858925  3418
714 8347.3525707977260026       1.2963981153036134852  3422
715 8387.3504582280329487       0                      3427
716 8392.3119680393465387       0                      3432
717 8352.8041406530319364       0                      3437
718 8351.1263322511404112       3.7599141848887520645  3442
719 8346.8983331120507501      92.37962459804531079    3446
720 8532.271921035620835      418.45747736928331051    3451
721 8518.2726259324263083     298.42037804164374393    3456
722 8326.671895324230718        2.0529740089848784734  3461
723 8336.117628423980932        1.7633339661804150467  3466
724 8535.5694054592386237     986.31446954292471219    3471
725 8443.9405467709821096     992.04883617703535492    3476
726 8319.2733995216876792       1.83596955481154267    3481
727 8347.4044303679111181       0                      3486
728 8347.3826187560389371       0                      3491
729 8399.681075007059917        0                      3495
730 8256.7882631162756297      34.954319443766621589   3500
731 8249.1547136624139966      39.762144981198751736   3505
732 8307.7781972657976439       4.8248180934809807852  3510
733 8308.7009388599071826       6.2525290643025082105  3515
734 8774.741751153862424      534.42328163989009226    3519
735 8344.8385765664006612      39.872812235839958817   3524
736 8343.8674976943057118       0.27652954489819159267 3529
737 8346.3032590164784779       0                      3534
738 8343.0831125721488206       0                      3538
739 8333.5843332402873784       0.0515749576981922378  3543
740 8245.5609151356948132      15.978253864203182388   3548
741 8248.5256995675372309      38.244391697071939973   3553
742 8296.0771409435510577       2.1728214632421556374  3558
743 8266.9635777815692563     197.87485024357701491    3563
744 8399.6215455578185356       2.1025595359278521634  3568
745 8340.3627172064952902       0.00020876137016327798 3572
746 8380.7683465540812904       0.16089497351778497825 3577
747 8330.1582099651550379       1.5275686503090220025  3582
748 8339.7870666287435597     1352.9273885776597126     3587
749 8340.4836542827233643       0.40507236405232238674 3592
750 8396.8611158578678442       0                      3596
751 8387.6392200571408466       0                      3601
752 8490.1633385119857849     190.56733258692494815    3606
753 8522.2529697773170483       0.39506891024708390425 3610
754 8561.1632234452390549       1.0727253852693008351  3615
755 8301.6482339336798759     2209.5584283578755276     3620
756 8336.3663862356388563       0.1188399498434096202  3625
757 8383.0458319510889851       3.7698138919387460533  3630
758 8245.8853500159329997     244.3300400388872049     3635
759 8408.8865020053672197       1.1939594884772295469  3640
760 8366.3568049806672207       0                      3644
761 8383.4104555883604917       0                      3649
762 8334.209581318869823        0.03248219110863976439 3654
763 8335.8410538737589377       0.04725762737947859088 3659
764 8294.9627914511256677      70.227420094902797132   3663
765 8336.990591038880666        1.078391956095198001   3668
766 8314.5019000577249244      60.642362086949702871   3673
767 8319.1496788700023899     1087.5819331125712779     3677
768 8493.2340831547426205     398.88580451856563514    3682
769 8536.4193444590018771     1103.9406464743599372     3687
770 8403.2669327815492579     1114.0259161649464659     3692
771 8351.3765091703826329      68.567889808936200779   3697
772 8352.0664566181803821      68.876327942249304215   3702
773 8479.9966679187709815       0                      3706
774 8556.9813914302085323     983.4975420932310044     3711
775 8291.5389824705580395      10.914195258788145892   3716
776 8359.6883173198220902       0                      3721
777 8329.9805937859837286       0.25581542621695718687 3725
778 8340.9951173907247721      91.81127410595392746    3730
779 8344.1241366176200245      39.600843854672831412   3735
780 8344.6588784796640539       4.7127522015290921331  3740
781 8345.6834546436966775      69.891227492712516778   3745
782 8346.3177488354012894      44.967859333961527568   3749
783 8360.9298898596207437      65.752505193512405413   3754
784 8523.5654190020286478     382.46044932340424793    3759
785 8532.1949770157916646     618.72880997107085932    3764
786 8340.2039396528598445       5.2174515242279762006  3768
787 8339.0342972960679617       0.02364841069066172391 3774
788 8343.3753822045273409       0.00281377140129038163 3778
789 8503.4562233471333457       0.5083335156767070373  3783
790 8506.2565425978136773     144.20740348717788493    3788
791 8405.8364305943468935     1823.2603081280410606     3792
792 8332.1915205263867392       1.5034412459261516926  3797
793 8338.3725601629739685       1.649123615293560885   3802
794 8341.3474156150950876       0.37316919126395864392 3807
795 8346.6857123877853155       0                      3811
796 8341.8637201412511786      92.305793722908788368   3816
797 8345.5117948956340115       0.0150286179926586265  3821
798 8349.7941105762602092       0                      3826
799 8350.9824031431253388       0                      3830
800 8342.9723170282977662       0.728635536952129792   3835
801 8526.4897299406311504     439.91276761894488345    3840
802 8527.1897398465571314     311.95231296980654179    3844
803 8337.8384058217434358       0.01992325399761509658 3849
804 8522.6630496139769093      17.320759946196158552   3855
805 8354.8083833693090128      81.582550921120954968   3859
806 8357.0751020831321512      82.726262520293559533   3864
807 8397.496755177331579      1773.4596506038546977     3869
808 8330.6619331324072846       1.5221951475304535961  3873
809 8343.0778222031549376       0                      3878
810 8343.0659560317417345       0                      3883
811 8349.1111331720858288       0                      3888
812 8322.7354008043203066       0.36926627472185358236 3893
813 8519.179459460070575      151.41655903849209608    3898
814 8518.9506332089913485     152.10885593308179864    3902
815 8386.5793290179535688     1223.2342505059900759     3907
816 8329.8125583098335483       1.5857776909584058167  3912
817 8338.6819978853945941       0.01023427033759492615 3917
818 8345.7552078973367315       0                      3922
819 8343.7319869991679298       0                      3927
820 8328.327407699334799        0.3727924548320196152  3932
821 8337.4802877894035191       9.1242762756591186957  3937
822 8348.8471800289789826       0.94003060924984949143 3941
823 8339.8514783683385758      91.340591431840039149   3946
824 8346.5935238557340199      55.177788247577851166   3951
825 8527.1408176650220412       0                      3956
826 8527.6167249778081896       0.09080731877523696982 3961
827 8350.5127014968784351      25.364450370952443592   3966
828 8335.9495901867285284       0.04287050456137564414 3971
829 8337.9096222773823683       0.01229619303713961123 3976
830 8524.007295488159798        0                      3981
831 8381.7351730271711858     1229.1680339779509268     3985
832 8327.8063835322845989       1.7035477614218612619  3990
833 8345.0625114956783364       0                      3995
834 8341.7661546828458086       0                      4000
835 8338.0230921109086921       0.06391753691411651561 4005
836 8337.604605337483008        4.1016899380074525183  4010
837 8343.6602711409559561       0                      4015
838 8525.3748918787223374       0.41975479402366450143 4019
839 8384.6516815345021314     1224.2778599694838704     4024
840 8328.319863310929577        1.6978550573076507391  4029
841 8344.9136689271908836       0                      4034
842 8339.5746883662413893       0.00117188419641305443 4039
843 8355.3014040299894987       0                      4044
844 8341.5512172670296422       0.37051541472438059843 4048
845 8339.0799970625103015       0.96452652262455140786 4053
846 8339.3794783883786295       0.09661522642265878147 4058
847 8346.6605788756278343       0                      4063
848 8343.6968578452997463      93.380077804000407582   4068
849 8527.0584396533195104       0.11052543648645923868 4072
850 8530.865186092998556       29.290629049718184262   4078
851 8345.6881485281992354     1347.8364853185760239     4083
852 8525.6427844454356091       0                      4088
853 8333.091891967360425       35.297592598707176137   4093
854 8333.9469080154049152      35.222048472576005906   4098
855 8380.119342094332751      1232.0313648399035173     4102
856 8327.7387553497501358       1.7245656713353751943  4107
857 8340.282412022113931        0.00125323382617932013 4112
858 8341.9761141283306642       0                      4117
859 8342.0132978387464391       0.35561226365167392105 4121
860 8349.141342354923836        0                      4127
861 8339.2108777536141133      90.771747231078080631   4131
862 8340.7961017712641478       3.6625109257868326829  4136
863 8352.9573654906380398     138.07702646975621974    4141
864 8335.5616167787757149     881.01148073818512785    4145
865 8526.8154591998209071       0                      4150
866 8530.1796220048945543       0.70158044657422946599 4155
867 8354.4025732000791322     1900.8486993290923692     4160
868 8525.1833077543833497       0                      4165
869 8525.8939142789658945       0.07285635386123630319 4170
870 8338.7120339440971293       3.635226562994380739   4174
871 8337.3853619989040453       3.7762941466163506554  4179
872 8374.8717419036001957     1250.6636402646479382     4184
873 8325.8871184644904133       1.8491221857802722095  4189
874 8339.7009069331870705       0.00330789278101920525 4194
875 8339.7800580535240442       0.00186388430818092729 4199
876 8340.0236276040777739       0.42590764464441399628 4204
877 8340.245706862930092        0.08139171695258831662 4209
878 8342.6345607742769062       0                      4214
879 8345.0969782202791976       0                      4218
880 8340.5333811097298167      91.499480141194823091   4223
881 8341.3538251761892752       0.82982662218543201682 4228
882 8528.0885853174186195     419.73901301224202598    4232
883 8531.1976157182143652     546.91202937364789705    4237
884 8342.9770175673311314       0                      4242
885 8342.6938739344968781      23.328489551424347326   4247
886 8530.7657829607378517     338.74747960783463441    4252
887 8354.5835341494184831     1317.4948755684786192     4256
888 8341.8586838811934285       0                      4261
889 8340.8992055003091082       0                      4266
890 8338.3071025400095095       0.00432449557513214875 4271
891 8338.097434976396471        3.6411553785733326016  4276
892 8522.2284237232197484     266.62915314108636267    4281
893 8363.4109045352706744     1838.7095743679838051     4285
894 8336.3474697138826741       1.0644388395413941772  4290
895 8339.1696791153917729       0.00155352162859282925 4295
896 8338.3375834351481899      90.328978152048676975   4300
897 8340.0408166288852954       0.08557325014452457634 4304
898 8341.6490721899845084       0                      4309
899 8340.895565528431689        0                      4314
900 8342.8874943165537843       0                      4318
901 8334.1126544945600472       0.19970101817145241574 4323
902 8527.2890955101884174       0.53318598085219903737 4328
903 8532.3989689218342392     642.51489702334629328    4333
904 8373.348345931572112      1256.1370225769428544     4338
905 8339.1572801245747542       0.45826129660000863852 4343
906 8339.8263446775035845       0.00039521851275318542 4348
907 8340.036800621644943        0.08486087272221244648 4353
908 8340.1516970665143162       0.00020643019466384739 4357
909 8342.2287562028359389       0                      4363
910 8344.2225193289068557       0                      4367
911 8343.996640690449567        4.9099869999540146637  4372
912 8341.1961173642484937      91.876702434662405494   4377
913 8530.2098245358647546     429.62427395520182927    4382
914 8530.8029320694731723     510.84785659608132846    4386
915 8341.6454464473899861       0                      4391
916 8339.9550230723380082       0.00053465213359759798 4396
917 8340.8205596313036949       0                      4401
918 8340.6363732355348475       0.00171828148353411194 4406
919 8522.0879538091940049       0                      4411
920 8343.660406183820669        0                      4416
921 8342.995606345584747        0                      4420
922 8520.7298846400735783       0                      4425
923 8343.6277802263357444     922.74214177627550271    4430
924 8340.4437291392241605       0.00024658579351557986 4435
925 8338.8047927182815329      90.492914481164120843   4440
926 8339.0025457853607804       0.98053323844654149966 4444
927 8338.9351804752004682      77.517142423249651983   4449
928 8339.8071157101167046     103.29835667338562644    4454
929 8342.1552818590917013       0                      4459
930 8344.1462144057713886       0                      4463
931 8339.3752668152828846      78.094853384478071234   4468
932 8339.9627776520646876       0.09106308267316849669 4473
933 8528.3310640370073088     394.27032456404549521    4478
934 8529.6712226462677791     363.16665829011742517    4482
935 8348.9030983889315394     1336.7763148571680176     4487
936 8334.640471502130822        0.17041888622287071353 4493
937 8341.4872032540843065       0                      4498
938 8522.812195544158385      292.70197309563167209    4502
939 8523.2699293771020166     293.51853314630318437    4507
940 8349.1718507820332889     1282.7521443835580612     4512
941 8339.7442963987450639       0.44764724957411078377 4517
942 8341.5654271729545144       0                      4522
943 8341.687553396785006        0                      4526
944 8339.7491843356074241       0.44929582584706734272 4531
945 8342.1465776369386731       0                      4535
946 8339.5835632804719353      90.829154185842781999   4540
947 8339.7419529969829455       0.92911564775621147128 4544
948 8340.8603244119894953       9.2821098448418304372  4549
949 8343.5109155742866278      43.785414473795192691   4553
950 8524.8406208067008265     352.00818246128142164    4558
951 8539.2704451025001617     1140.9849835055983931     4562
952 8342.1582433092626161      57.783557971344144732   4567
953 8524.1172453194085392       1.6037823451353834248  4572
954 8521.6928958088246873       0                      4576
955 8338.2858215763935732       0.01030447293182078922 4581
956 8338.2858215764063061       0.01030447293184840948 4585
957 8348.4134833261359745     1285.9400763637277123     4590
958 8340.0817045681833406       0.00097681530493240595 4594
959 8339.0824622267482482       0.47252203638918433004 4599
960 8338.8787180660820013       0.98122376370867714357 4603
961 8339.7393450779945852       0.92696305971443493377 4608
962 8341.9428945519575791       0.81565154201737122275 4612
963 8339.2820307644196873       0.94796923129922983087 4616
964 8341.8252605966990814       3.5984370400078482533  4621
965 8347.6542903933714115     1340.5374216222792256     4625
966 8521.9698715674949199       0                      4629
967 8532.4192801978279022      20.378890954797515889   4633
968 8343.6882636121063115      28.582142369330625797   4638
969 8338.3642850603700936       0.0087059365208504505  4643
970 8526.1219441104312864       0.43689084747519246754 4647
971 8337.8471492140615737       3.1462059528293289112  4651
972 8339.4947534273997007       0                      4656
973 8352.639726988350958      409.86148346095012585    4660
974 8337.5732014914610772       0.13774039413730412851 4664
975 8350.3884026252671902     1331.0430245659906632     4669
976 8338.7582572103692655       0                      4673
977 8336.5848467130363133       0                      4677
978 8330.389340367526529        0.01042879997411450509 4681
979 8334.5177119721338386       0.12374444016400891477 4686
980 8335.2234185421548318       0.09447934509071084785 4690
981 8521.1723379455343093     362.41731247726664833    4694
982 8348.9712146825640957     1336.4482561092365813     4698
983 8339.003976648527896        0.48356427433947901662 4702
984 8333.0827619762494578       0                      4706
985 8323.478610469830528        0.15263923363656145549 4711
986 8524.6385249459435727       0                      4715
987 8329.9171421836454101       0.48631984804692107716 4719
988 8330.5658234348957194       0.42634786161739701704 4723
989 8347.4830556114175124     1342.9540509291255148     4727
990 8326.5296322167341714       0.06738777235852466685 4731
991 8331.1091463783832296       0.00358449201017201633 4736
992 8333.8577362120577163      35.95841198694175489    4740
993 8334.0955428039214894      35.263954121341285486   4744
994 8334.3012512850345956       7.7418171380556000116  4748
995 8331.6303662794853153       0.27376594141389293258 4752
996 8343.2817088190913637     108.42871507628176175    4756
997 8333.0061332579043665      90.603194078081912721   4760
998 8519.5089728006460064     331.9000910886775273     4764
999 8531.5272381665436114     407.00735327115546625    4767
1000 8339.1920013891594863      11.583694837850302406   4772
