1 9612.437711609638427      945.91954582003961605    5
2 9856.8285406177947152     757.60065176402940779    10
3 9420.2515783917515364     749.2532753414329818     15
4 9222.3372175379117834     5370.8076300069660647     20
5 9216.6521516147622606     535.03519512963237048    25
6 9256.7352539186613285     1294.1843935485449038     30
7 9258.8900459542073804     2172.4793964578780106     35
8 9309.6044963232925511     14247.700284123226083      40
9 9079.0928882202661043     2716.548168543785323      45
10 9060.9051431421794405     1465.646362836934486      50
11 9263.5870316711680061     6857.1183306750135671     55
12 9363.2968651508381299     1226.095978156864021      60
13 9383.58952727623182       1490.6375861044164139     66
14 9212.3939931159620755     836.55514646848689608    71
15 9287.7588672645724728     585.16961541224145549    76
16 9417.6304188782196434     717.87423168165867082    82
17 9244.7497189988062019     1429.0548020281732988     87
18 9323.1765115382859221     379.70125520964813859    93
19 10091.338182324398076      1963.9163076281772646     98
20 9135.6582790337852202     583.73974299632584462    103
21 9408.764349474105984      1996.3064254512350999     109
22 9354.2674332010647049     1046.7101280782649155     114
23 9312.3915156081056921     1819.8289990531784497     119
24 9310.6517555913178512     1061.3662964492245919     125
25 9303.8874835010901734     137.34660196855347181    130
26 9255.2421184166250896     159.94838644765155777    135
27 9520.4193098932810244     633.82835003075683744    141
28 9152.9698748118262301      37.713513782150819509   147
29 9093.0080053321871674      65.446187365302279204   152
30 9129.8000793583396444       6.0070160241984229543  157
31 9124.3422550244013109       9.6246790251864009491  163
32 9656.5078184552003222     1340.5455134975391047     168
33 9147.4025317267569335     176.6826969299503105     174
34 8941.1133091547108052       1.126086024761027149   179
35 9689.6660509748289769     1689.0908053293012472     185
36 8657.7276990798000043     1934.3136474616915166     190
37 9072.4630532580504223       0                      195
38 9080.2195398523053882       0                      201
39 9571.4374852262626518     102.16215073846836958    206
40 9582.9418273417577439     280.75072387855442457    212
41 8871.0752305650712515     318.09397050461740264    217
42 9078.8267839765012468     198.04173362447929208    223
43 9082.4535393455153098     261.69379933299097729    228
44 9038.2000786765529483     2971.3525765959470846     234
45 8903.1565549406313949     282.26817948665649283    239
46 8643.0660409053089097     326.15629615972164856    244
47 9917.2451406855070672     154.79972192900044092    250
48 9266.0215315874665976     551.75722049487478671    255
49 10253.815221896309595      195.93332799454336168    260
50 8999.3535306357298396     278.09177266453991706    266
51 8951.6825971057696734     907.17267118750760346    271
52 10844.68337545569193       4757.8123003846385473     277
53 13554.080527089312454      3361.7911800209881221     282
54 8848.8896642636318575       7.5268353253951696402  288
55 9019.1410869429782906       0.56151043246013288002 293
56 9085.1379985704643332     117.12939409686549652    299
57 8969.2381448508331232       0.36721192055512130725 304
58 8430.6903962026226509      62.811286716488794468   310
59 8642.9092474561584822       1.2688133074127980748  315
60 9019.8452391081063979     323.2828432277765387     321
61 9257.617490006981825        0                      326
62 8956.5087716551461199      19.484522138349813503   332
63 9055.3101926032850315     336.76471298521164499    337
64 9003.8895396923708176     273.97977397457589177    343
65 8998.9904559922360932     283.36564477327181066    348
66 9151.0784766564156598     498.14786982579278174    353
67 9079.3169060131440347     579.82884132840138136    359
68 9094.8702174655918498     322.46447687065176524    365
69 12159.602441491668287      2149.6092101941694636     370
70 8827.6001441252756194     306.46689310180613575    376
71 9120.2578721806676185     112.58263198028016916    381
72 8889.8454966615990998     134.90903988911401257    387
73 8911.7091406931831443     147.72446922979037254    393
74 8851.9637804017238523       0.03335049531824860886 398
75 8886.1651076067719259       0                      403
76 11924.236150301090674       59.039846860903594461   409
77 8863.7014645827293862     598.8801875476215173     414
78 8861.2430606886973692      10.809140190887866595   420
79 9793.835429141368877      144.59921757349712834    426
80 8657.8794118673467892       0                      431
81 8838.1794333338075376     1137.7053824785000415     437
82 8852.4168522464242415       0.00099944512305371745 443
83 8861.8074037193982804       8.8828139580950189469  448
84 9618.0822518641671195     215.27638901108642244    454
85 8464.4644666011463414     390.61273884991175009    459
86 8663.2118733287170471      71.504893866307753569   464
87 8761.4953912996825238       7.259893103304793982   470
88 8900.0472466213468579     240.82149145535780121    475
89 8634.9976584797186661     280.04120262194993529    481
90 9300.5815105503679661     581.66736528591866318    486
91 9774.3461571185216599      59.629538923090507296   492
92 11798.71602434122542        43.900858050655138243   497
93 8472.4194829644875426       0                      503
94 8890.6620165927797643       7.3043047674940622116  508
95 8550.0265798284453922     2793.8780348660907293     514
96 8290.6777914338799746       0                      519
97 8546.9096891415592836     2965.2604533784519845     525
98 8295.0407786847281386       0                      531
99 8297.9166067200349062       0                      536
100 8153.7976106770129263       0                      541
101 8112.9134342834367999     390.0069385070830208     547
102 8170.2277777695853729      15.190868023462710923   553
103 8675.9284800135865225       7.9395331012285614847  558
104 9214.0456574816107604     200.58750464797077484    564
105 9549.9299889189114765       0.42334152904269228834 569
106 8304.6297502491452178       0                      575
107 8110.3026912301547782     120.73143380378012068    580
108 8675.8922060109343875       5.9706142991525696928  585
109 8496.6495780161531002     100.18503131283890184    591
110 8150.171803921087303      931.63116955507166494    596
111 9031.3124476398115803     594.65316745543134402    602
112 8446.7970803518637695     5563.2452540938620587     607
113 8684.4710317220888101     1295.8621190348671917     612
114 8709.262305512367675      2852.9329859251192829     618
115 11610.528808731436584      465.98095208749191443    623
116 12854.069612424673323      3209.15388149563978       629
117 8196.0690285030304949     17576.258881261652277      634
118 9226.6860788263311406     3241.7005434449620225     639
119 8158.5007884932483648      17.120206710486382207   645
120 8409.4629832515875023      22.836625810516327562   651
121 8834.4226506427221466      11.468905583076303145   656
122 8724.6272889510328241      31.350738698702716789   662
123 8110.1054678772152329     112.18728218175361633    668
124 8682.0597500684943952       5.1916416840599808324  673
125 8153.4947360837704764       0                      679
126 8154.621793682866155        0                      685
127 8184.3232846222717853       0                      690
128 8308.5149183282392187       0                      696
129 8305.3348484230318718      52.371913244386824715   701
130 8403.6967273084865155      14.810726782617354758   707
131 8435.1777543917542062       0.81919627995293087253 712
132 8159.9964262084540678      10.911436191604638068   717
133 8106.5588842254519477       0.07185034578262325389 723
134 8254.1131366220834025     1802.8393977163723321     728
135 9181.590140513231745      263.43484881253533558    734
136 11121.946838540281533      657.83561671603376908    739
137 8139.7738642184185665     194.59204961978113602    745
138 8137.5048505637823837     1349.5462559649458854     751
139 11113.887050017638103      1858.9545988617587682     756
140 8457.964494430763807      930.86691976657664327    761
141 8262.262988225900699      1451.5530939661002776     767
142 8537.3966428094099683       5.411569226487367601   773
143 8144.499209600146969        0                      779
144 9172.2379178584287729     506.0828414515234499     784
145 8125.9667612047733201       0                      790
146 9373.5128116818232229     5819.0235258784578036     795
147 8800.9728573881438933       0                      801
148 8643.2989666087378282      54.258734214074372915   806
149 8105.9468570572389581     140.95714012902922718    812
150 8360.2941863128980913      23.604715594014095359   817
151 8497.4629430265231349       0                      822
152 8101.0068965659766036       0                      828
153 8570.7719771491938445     260.4657358179459834     833
154 8273.7194915221698466       5.7965805377677943611  839
155 8873.5944606847588148       0                      844
156 9163.1777154888295627       0                      850
157 8108.5785162178262908     115.68603712646125814    855
158 8340.1759762073252205      33.079549859047958194   861
159 8099.1323962374872281       0                      866
160 8189.3219946343715492       0                      871
161 8178.5161254007371099       0                      877
162 8261.1212212785630982       3.3023924234430217517  883
163 8107.3951050341911468     170.21910451634843753    888
164 8334.281436800964002       26.353734601792258019   893
165 8109.1856158497412252       0                      898
166 8201.3478012251980545       0                      904
167 8292.004430557404703       59.02318660009370177    909
168 8473.4781314520259912     408.63067462179003542    915
169 8627.6251893998232845       0                      920
170 8748.3882674904707528      74.737457104187754453   926
171 8115.1686979244914255     221.87562206599761794    931
172 8181.631710300262057      617.43987170192701797    936
173 9119.5666475683901808     2791.0123603598481168     942
174 10623.707964897832426       18.324640553457339109   947
175 8239.1457391888598067       0                      953
176 8822.7245205376311787       0                      959
177 9140.9289984343195101       0                      964
178 8651.1166407251021155       3.644623954343272132   970
179 8364.3415236409291538      12.378914878285556256   975
180 8250.2462761050373956      56.483234466521082595   981
181 8095.5545554784785054       0                      986
182 8489.7926815861010255       0                      991
183 8153.9038556447630981       0                      997
184 8281.5714046760440397       0                      1003
185 8216.9729956708943064      32.880009409921285624   1008
186 8441.0250573272278416       0.30358153031071388739 1013
187 8176.2722627012608427       5.2577558280972391813  1019
188 8115.6813808364458964       0                      1024
189 8191.0076063954402343       7.2336472921720691431  1030
190 8115.3479033054854881     298.44578641323408874    1035
191 8220.6137147035515227       0.00298803764806413472 1040
192 8699.9010452696893481     149.10267299802984553    1046
193 8880.6163141770448419      29.373883699226158939   1051
194 10080.965076874563238        4.3199600776692577142  1056
195 9028.5880175570237043     2204.2819130066077378     1062
196 8759.5943860256338667     718.51128031873122382    1067
197 8366.3171144936859491       0                      1073
198 8378.6151139799767407      30.940585278227768384   1079
199 8260.066823037182985       28.770999259513530433   1085
200 8086.4636645639757262       0                      1091
201 8282.078052262604615        5.784607554066908186   1097
202 8567.8116333391863009       0.87671338682091126682 1102
203 8666.4938055247530428       0                      1107
204 8132.5427962255043894       0                      1113
205 8158.9000573743933273       0                      1118
206 8251.3223992961538897       0.77633540778741538801 1124
207 8271.7699785718941712       5.330376466753806497   1129
208 8460.5092498891935975      10.316503541148080103   1135
209 8747.1528910025190271     144.32375863734171162    1140
210 8088.4557510324475516     333.85006887270276366    1145
211 8171.2727087664234205     768.04122192402553537    1151
212 9478.9781533125751594     340.63678919333449358    1156
213 8460.2968061468236556     252.45696031046796293    1162
214 8108.7150371063817147     348.15831233985102244    1167
215 8297.3818007417467015       0                      1173
216 8242.5400518055394059       0                      1178
217 8091.8771740475413026       0                      1184
218 8092.7939383061420813       0                      1189
219 8290.6828167563180614       5.0263394112607757691  1195
220 8225.3873812114288739      72.232994677519528182   1200
221 8091.8445113643556397       0                      1205
222 8110.061768277470037        0                      1211
223 8238.46314580251601         0                      1216
224 8086.4327976382228371       0                      1221
225 8086.5867394815186344       0                      1229
226 8131.9650440258010349       0                      1235
227 8137.7836855023851967       0                      1240
228 8317.1680442140168452     116.96974117259907189    1246
229 8188.2884425463962543      19.032759466619637578   1251
230 8224.7803271725915693      72.660841077835755186   1257
231 8107.8196349443642248       0                      1262
232 8086.4315498369069246       0                      1267
233 8086.4376643678433538       0                      1273
234 8432.2916933294654882      27.044686286624500582   1278
235 8209.2069111680102651       0                      1284
236 8209.3954721188347321       0                      1289
237 8188.8321252421865211      18.846385914909262738   1294
238 8088.9774938717800978       0                      1300
239 8118.2863779769331813       0                      1305
240 8086.4463937128048201       0                      1311
241 8089.7552551516491803       0                      1316
242 8088.2259262049828976       0                      1322
243 8133.6938052208588488       0                      1327
244 8087.2884673207599917       0                      1332
245 8091.1272986298326941     134.25627755776451977    1338
246 8490.8868558071844745      21.098140833731150678   1343
247 9338.4031171428068774       0                      1348
248 8141.5864888941914614       0                      1354
249 8552.6816901568981848     243.62149150949281307    1360
250 8643.419966034936806      221.97145868485986853    1365
251 8134.9384266684010072     180.95236665277556654    1370
252 8221.1530063529935433      89.164671576377500628   1376
253 8086.7520699582692032       0                      1381
254 8088.7958873786137701       0                      1386
255 8087.2838823724159738       0                      1392
256 8089.5676878837712138       0                      1397
257 8097.0022292276207736       0                      1403
258 8088.4148676461591094     340.14355649828144124    1408
259 8131.1646624100667395       0                      1413
260 8087.2721390101278303       0                      1419
261 8884.7360907570346171     145.3329280407546662     1424
262 8889.506292575983025      538.68126677227257915    1429
263 8101.8805954991767067       0                      1435
264 8086.7357382899390359       0                      1441
265 8093.1509615630302505       0                      1446
266 9125.5296961085878138     203.75952640665039439    1452
267 9124.5081099692542921     204.72264906067968582    1457
268 8342.6853396506940044      27.481894557550024416   1462
269 8316.5152359353651264      73.232963421611458443   1468
270 8085.4432987764575955       0                      1473
271 8086.7020700821285573       0                      1478
272 8106.6412359370633567       1.9999424971450965316  1484
273 8087.6843851893418105       0                      1490
274 8540.4199339509650599      24.374905557950803825   1495
275 8129.8061548636760563     176.1619657006367845     1500
276 8256.5994337519914552      50.606719234495336934   1506
277 8128.7252428215660984       0                      1512
278 8085.6643629997670359       0                      1517
279 8086.1192297771449375       0                      1522
280 8086.1946606892897762       0                      1528
281 8086.2324121482679402       0                      1533
282 8095.0558404111689015       0                      1538
283 8088.0476595191030356       0                      1544
284 8087.4524115193889884     332.87638867257078346    1549
285 8770.5011013978073606       0                      1554
286 8988.0690553266103962       0.52396002467253621759 1560
287 8091.5768731920006758     122.37319989138148912    1565
288 8084.6989652879256028       0                      1570
289 8118.9470957516359704       0                      1576
290 8967.1952770924908691       0                      1581
291 8086.2674482428456031       0                      1587
292 8088.0848735947201931       0                      1592
293 8118.7222396529487014     160.31347852804955778    1598
294 8211.9708257168676937      73.418755320413410459   1603
295 8089.3196147546923385       0                      1608
296 8086.3875737491835025       0                      1614
297 8084.2274005215467696       0                      1619
298 8095.708932410374473      276.10991009206554736    1624
299 8086.5619121697973242       0                      1630
300 8088.828937871197013        0                      1635
301 8600.33810835758959        27.908835911586969303   1641
302 8883.0225760349076154       0                      1646
303 8119.3619583285362751     169.95159355468399554    1652
304 8214.1313809710682108      71.697134618698598274   1657
305 8083.6807083616540694       0                      1662
306 8084.2916542145912899       0                      1668
307 8118.4141009582508559       0                      1673
308 8118.6909550585869511       0                      1679
309 8821.4293671248069586       6.3708521991533793027  1684
310 8227.3246681699129113       6.1669677669420890354  1690
311 8247.3067107025690348      74.872283316025189492   1695
312 8083.5708776365763697       0                      1701
313 8083.329722303960807        0                      1706
314 8730.8283803085159889       5.329437514513703178   1712
315 8233.0810470651304058       5.259316145291533573   1718
316 8278.2224703577612672      55.004104465030124516   1723
317 8083.1035289000619741       0                      1729
318 8095.1119749648014476       0                      1735
319 8095.2059321580118194       0                      1740
320 8730.6706272106475808      13.019046000066420987   1745
321 8272.4086110819589521      57.298974991297811243   1751
322 8084.2009342758492494       0                      1756
323 8083.9550021169443426       0                      1762
324 8109.4897271313448073       0.76415773792788410645 1767
325 8085.7167049885365486       0                      1773
326 8092.3085276726933444     266.56000589984245153    1778
327 8092.4932191508223696       0                      1784
328 8095.7609022371416359     104.5066896342290903     1789
329 8118.0549073942593168     237.26299464989764942    1795
330 8751.5055608573802601      19.212286064669932273   1800
331 9048.2245010284732416       0                      1806
332 8136.8774976905178846     193.34691020964032759    1811
333 8082.5296945746677011       0                      1817
334 8117.9052154494020215       6.8809585499784846618  1823
335 8731.7121076838120644       9.0072728269408788293  1829
336 9013.2103341227684723       0                      1834
337 8264.7282128348888364       1.9757647663262321025  1840
338 8268.3375580330393859      62.311241034071841227   1845
339 8090.8893436485013808       0                      1851
340 8113.1959087462801108       0.33051238510931568726 1856
341 8113.2664369217727653       0                      1862
342 8082.1402726903388611       0                      1867
343 8087.437923343485636        0                      1873
344 8903.4021640973296599       0                      1878
345 8256.7717168634717382      67.265010400714544403   1884
346 8088.4170568485633339       0                      1889
347 8110.1939732173577795       0                      1895
348 8082.9622987103157357       0                      1900
349 8082.9708047640060613       0                      1906
350 8113.791672986649246        0                      1911
351 8084.2575087847344548       0                      1916
352 8084.9617171151221555     363.80227843380635022    1922
353 8090.1900186212969857     439.16631894816140402    1927
354 8744.6171458521985187      10.40262534437153974    1933
355 8977.1839187545629102       0                      1938
356 8086.8189561965118628     119.07300241776546557    1944
357 8083.0453990645237354       0                      1950
358 8085.9073138934827512       0                      1955
359 8759.7589596137277113       0.01797151909538311984 1960
360 8293.529199612328739        0.72405186827310052955 1966
361 8222.1308787675552594      86.172770366267471331   1971
362 8082.1300214870998389       0                      1976
363 8094.9780854716254908     368.75550081924097867    1982
364 8084.2075716214458225       0                      1988
365 8084.0058238108376827       0                      1993
366 8525.8412710152551881      27.052245382293548914   1999
367 8243.0690442160794191       3.5230043696659056884  2004
368 8258.6851564213902748      68.622483612033747136   2009
369 8082.28250951138034         0                      2015
370 8083.1561734304477795       0                      2020
371 8086.6744640315764627     276.16172046929170847    2026
372 8091.0250350766227712       0                      2031
373 8082.149409838714746        0                      2037
374 8082.9736023083487453       0                      2042
375 8084.309769295586193        0                      2048
376 8109.6922806332831897       1.5454979256548810884  2054
377 8799.4945601412582619       0                      2060
378 8913.8290835033913027       1.0329702667168836339  2066
379 8084.2738349565879616       0                      2071
380 8098.2938105704333793     367.77258968794512839    2077
381 8085.1866658492408533       0                      2083
382 8094.4479470680744271       0                      2088
383 8668.527208154579057        0.60744779918037938859 2094
384 8716.5017317617093795       0                      2099
385 8356.988843846380405       97.122819585374372764   2105
386 8153.0982640371394154       3.9068228264260027593  2110
387 8091.4402130455773658       0                      2116
388 8082.2607316150260885       0                      2121
389 8083.1765795247729329       0                      2127
390 8084.810280007244728        0                      2132
391 8082.7469665929847906       0                      2138
392 8082.9892728227550833       0                      2144
393 8088.6965798894898398     101.6379003762094726     2149
394 8087.0474687486412222     342.14213463473680576    2155
395 8848.2096436205847567     124.84424324886865065    2160
396 8872.2069793946793652     451.04283963889338338    2166
397 8086.4600728944133152     388.76279777958984596    2171
398 8084.0810024912116205       0                      2177
399 8084.7041809806887613       0                      2182
400 8084.5270601934489605     334.18841314336464166    2188
401 8082.0776487665370951       0                      2193
402 8084.7859606553556659       0                      2199
403 8083.6969454129775841       0                      2205
404 8083.8019999684120194       0                      2210
405 8860.476036050284165       62.551256970561965431   2216
406 8856.9724882766549854      68.472685886796853083   2221
407 8357.7151181430526776     100.08646426645809413    2227
408 8153.6412992025789208       4.1106149318578104612  2232
409 8082.0954954419839851       0                      2237
410 8082.167555630518109        0                      2243
411 8082.8484715159529514       0                      2248
412 8088.7441009265849061       0                      2254
413 8082.9030753467059185       0                      2259
414 8083.372659556034705        0                      2264
415 8082.9231962114790804       0                      2270
416 8088.529066899429381      105.22109103181780654    2275
417 8848.9401792596327141       1.3499338589390563747  2281
418 8857.7437375429617532       0                      2286
419 8082.6840954401632189     355.03232584374296721    2292
420 8086.7148844492403441       0.08385594961483268384 2297
421 8086.7736374163778237       0                      2303
422 8786.8457023638875398     713.35099367161967621    2308
423 8795.3993741622907692     571.24312714024176785    2314
424 8084.142382181326866      339.0723074618258579     2319
425 8082.0900402136785488       0                      2324
426 8082.1592252388936686       0                      2330
427 8081.9825253103626892       0                      2335
428 8082.7640032325143693       0                      2341
429 8082.2680812745384173       0                      2346
430 8082.1514069911409024       0                      2352
431 8808.27016537563577         1.5319940459536154354  2357
432 8843.5366598065302242       0.14671034468930743699 2362
433 8084.0072637752928131     345.42729739137593015    2368
434 8082.0979368857961163       0                      2373
435 8081.9901998597479178       0                      2379
436 8082.0425472400884246       0                      2384
437 8081.9828193732691943       0                      2390
438 8082.0093900785914229       0                      2395
439 8083.1651033474754513       0                      2400
440 8082.2168767161383585     335.45643270840832884    2406
441 8082.994963161785563        0                      2411
442 8082.8180386736885339       0                      2417
443 8861.647964617015532        0                      2422
444 8845.5257612892601173       0.87420302766848634324 2428
445 8083.1401611912997396       0                      2434
446 8082.0243603790695488       0                      2439
447 8082.0300676266424489       0                      2445
448 8082.3234278534127952     328.07994681590963637    2450
449 8082.0697776920806064       0                      2455
450 8082.2501157294100267       0                      2461
451 8081.9823213191057221       0                      2467
452 8094.9909229255654282      65.622182058715694097   2472
453 8083.8009128682615483       0                      2478
454 8083.7345795071760222       0                      2483
455 8805.9399336088972632       0                      2489
456 8084.150856260758701      330.90626512400302772    2494
457 8082.3147772867105232       0                      2500
458 8081.9850979143548102       0                      2505
459 8082.0574658419591287       0                      2510
460 8082.0383811705742119       0                      2516
461 8082.3332368180417689       0                      2521
462 8083.0078314111415239       0                      2527
463 8082.7949734304575031       0                      2532
464 8083.9395083506487936     342.2142431218553611     2538
465 8869.3800961124416062     105.62249629419206087    2543
466 8841.1830337337469246     423.76747913747499297    2549
467 8089.1699020537216711       0                      2555
468 8083.8863885647724601       0                      2561
469 8083.8880610232954496       0                      2566
470 8826.3451575867838983       0.0834695425999019136  2572
471 8084.1464747499130681     329.80571035152490822    2577
472 8082.0554309560293405       0                      2582
473 8082.0048302602208423       0                      2588
474 8082.0127494264406778       0                      2593
475 8082.0568277458833109       0                      2599
476 8082.1045648701692699       0                      2604
477 8081.9506012356714564       0                      2610
478 8094.7794603415541133     365.64729984771435056    2615
479 8083.6407012268919061       0                      2621
480 8083.6229143837517768       0                      2627
481 8830.9571993643712631       0                      2632
482 8082.0887665334712437       0                      2638
483 8081.9526878651322477       0                      2643
484 8082.0174372232540918       0                      2648
485 8082.1647991438994723     336.48540896038468873    2654
486 8082.9574854397205854       0                      2659
487 8081.9454147136002575       0                      2665
488 8081.9397330655629048       0                      2670
489 8082.0115014248185616       0                      2676
490 8081.9760276087517923       0                      2682
491 8828.9387009343354293       0.060365710918238287   2687
492 8082.4153475662933488     323.27514016317064716    2692
493 8082.0363569989558528       0                      2698
494 8081.9909191649212516       0                      2703
495 8081.9594358885742622       0                      2709
496 8081.9707634638571108       0                      2714
497 8082.0659991557613466       0                      2720
498 8082.632683469298172      346.47244255275307978    2725
499 8082.9429390846171373       0                      2731
500 8082.7937503738903615       0                      2736
501 8084.2113039597797979       0                      2742
502 8856.7936520433140686     701.80265187680129202    2747
503 8864.0142461666346207     165.59725535657142359    2753
504 8088.4142501193637145      81.843534800929887751   2758
505 8081.9947230363495692       0                      2764
506 8082.0009461329509577       0                      2769
507 8082.5022509797790917     319.6932389369733869     2775
508 8082.0189321864891099       0                      2781
509 8081.9993440793668924       0                      2786
510 8081.9502720185282669       0                      2792
511 8082.0081904785229199       0                      2797
512 8082.9402547456329557       0                      2802
513 8081.9545889568062194       0                      2808
514 8082.0276910065249467       0                      2813
515 8082.161111239355705      335.62299431557352136    2818
516 8082.7760755602521385       0                      2824
517 8854.2513685010817426       0                      2829
518 8850.6118734824849525       0.01094358704429960506 2835
519 8092.3723474627586256     139.37697106770519895    2841
520 8083.7324649127449447       0                      2847
521 8082.3164165936777863     327.42127701191236611    2852
522 8081.9870343184111334       0                      2858
523 8081.9926500983674487       0                      2864
524 8081.9360136044097089       0                      2869
525 8081.9582464247869211       0                      2875
526 8081.9734164282199345       0                      2881
527 8082.4911337616822493     319.73744474674339244    2886
528 8082.0085100314690862       0                      2891
529 8081.9668453972008137       0                      2897
530 8081.9325868044588788       0                      2902
531 8081.9583895984842457       0                      2908
532 8081.9830495790329223       0                      2913
533 8082.0061899187530798       0                      2919
534 8082.4625724812694898     320.28642886593019057    2924
535 8082.078465916382811        0                      2930
536 8081.9425166650426036       0                      2935
537 8081.9287158717952479       0                      2941
538 8081.926978112953293        0                      2946
539 8082.0105522778467275       0                      2952
540 8081.9232068114870344       0                      2957
541 8082.2167070026171132       0                      2963
542 8082.0324951928141672       0                      2968
543 8082.0404028190469035       0                      2974
544 8826.1726023182563949       0.23949829188777557731 2979
545 8849.5853489757719217       0.01942209721156627072 2985
546 8082.4885401405927041     318.63502229803111732    2990
547 8082.0031561415307806       0                      2996
548 8081.9987212962796548       0                      3001
549 8082.0391588217817116       0                      3006
550 8081.9558181373040497       0                      3012
551 8082.1885444186536915     333.13515551344562482    3017
552 8081.9300291390327402       0                      3023
553 8081.9944748877642269       0                      3028
554 8083.0032464037449245       0                      3034
555 8082.7837234889948377       0                      3039
556 8823.2998371866087837      94.864604047181060764   3045
557 8888.1352064268121467     366.55927356300827569    3050
558 8081.9439156490134337       0                      3056
559 8081.9246163225434429       0                      3062
560 8081.9840488274185191       0                      3067
561 8846.9288965320956777     101.67271684001971721    3073
562 8082.4611593437030024     319.18260554332675838    3078
563 8082.0225427497452984       0                      3084
564 8081.9487332523031          0                      3089
565 8081.9575971521626343       0                      3095
566 8081.939859516704928        0                      3100
567 8082.9265658298072594       0                      3105
568 8081.925202532493131        0                      3110
569 8082.7646083794534206       0                      3116
570 8083.9829589296314225     352.31964988549242435    3121
571 8853.8742679022798256       0                      3127
572 8850.9699710378481541       0.00712822662899533811 3132
573 8098.0111030469543039     337.732859496386709      3137
574 8082.0605442763917381       0                      3144
575 8083.6924515377641001       0                      3150
576 8857.7736330906482181     394.56738380482232742    3155
577 8082.5097944577310045     316.45268146795024222    3161
578 8082.0215520701540299       0                      3166
579 8081.9981197579863874       0                      3172
580 8082.0153661101467151       0                      3178
581 8081.935478413571218        0                      3183
582 8081.9298911349569607       0                      3188
583 8082.0118518374019914       0                      3194
584 8082.1971731519624882     331.46222181147339825    3199
585 8082.9266842342785822       0                      3205
586 8083.4217099932002384     352.71251842366098117    3211
587 8845.9556796603992552      92.097348175731454489   3216
588 8863.9705588216165779     394.34853392699801589    3222
589 8086.6556002772094871     127.29043468103623127    3227
590 8083.9736621730980914       0                      3233
591 8081.9711591966142805       0                      3238
592 8850.8633791929314611       0.01350674620091034915 3244
593 8082.4537520319308896     317.81844001001377364    3249
594 8082.0321458895678006       0                      3255
595 8081.9966752733707835       0                      3260
596 8081.9254442486871994       0                      3265
597 8081.9538557639398277       0                      3271
598 8082.7620363277383149       0                      3276
599 8081.9404341892368393       0                      3282
600 8088.3046173664970411     111.11674635387075227    3288
601 8845.8795751089819532       0.22330650593809239779 3293
602 8859.1129162785582594       0                      3299
603 8845.00274037514464         0.19300526527717057346 3304
604 8085.9459321345666467       0.0087570962077490825  3310
605 8082.4274988064880745     318.38490692786274394    3315
606 8082.03394324927649         0                      3321
607 8081.9238556177615465       0                      3326
608 8081.9277900016049898       0                      3332
609 8081.9512193111768283       0                      3337
610 8084.7221070517452972     313.85043015960911816    3343
611 8086.6484574789401449     127.12504469636898818    3348
612 8083.0251128724657974     322.19309613115001412    3353
613 8084.0393159388468121     344.08686714357810388    3359
614 8087.4684320682263206     132.21877353521480813    3364
615 8852.5685570856203412       1.0580943036956158565  3369
616 8853.9032302071736922       0                      3375
617 8088.3087959557324211     110.62595155901743738    3380
618 8082.9555267239466048       0                      3387
619 8083.5103187611794056       0                      3392
620 8847.0039671884969721       0.03391635922458809127 3398
621 8082.2918584370454482     323.54993879074493179    3403
622 8081.9953690062047826       0                      3409
623 8081.9240613380670766       0                      3414
624 8081.9246762304146614       0                      3420
625 8083.4742390008514121     300.55998853555757933    3425
626 8083.9874470684890184       0                      3430
627 8089.0445696049828257     132.85073274602959259    3436
628 8083.0436777589447956     323.03824551623779371    3441
629 8089.7623677098063126     138.79713455421673984    3447
630 8854.1031672245899244     399.5445073795611961     3453
631 8855.6030158013927576      91.275373440283743776   3458
632 8081.9234362827537552       0                      3464
633 8081.9173560131575869       0                      3470
634 8081.9361769377310338       0                      3475
635 8083.6726822698101387       0                      3481
636 8083.5471038682071594       0                      3486
637 8847.7235767934416799       0                      3491
638 8082.2881252950537601     323.29192517046072908    3497
639 8081.9876921550530824       0                      3502
640 8081.9953417875703963       0                      3508
641 8081.9238411754049594       0                      3513
642 8081.946430514887652        0                      3519
643 8081.9190864448510183       0                      3524
644 8082.4974563735750053     358.02267505700251604    3530
645 8082.1920389690058073     332.29824673052740991    3535
646 8082.9201198999389817       0                      3541
647 8082.7549837590504467       0                      3546
648 8849.8272051498679502       0.005845661961600912   3552
649 8855.011111330903077        0                      3557
650 8081.9171287847921121       0                      3563
651 8081.9254689898507422       0                      3569
652 8081.9249722062440924       0                      3574
653 8081.9241369354595008       0                      3580
654 8082.3459192956306651     321.87636926563885709    3585
655 8081.9214506986809283       0                      3591
656 8082.1723362665943569     332.55979830471932246    3596
657 8082.0001393699822074       0                      3601
658 8081.9450445952306836       0                      3607
659 8082.1804506609360033     333.3840075657681723     3612
660 8081.9184050267194834       0                      3618
661 8089.1571788759592891     116.60073750587014274    3623
662 8089.7556436852300976     139.73844619954465429    3629
663 8850.167378311884022        0.00300366643488636292 3634
664 8854.6731861515036144       0.00007080215809564292 3640
665 8081.9241608350630486       0                      3645
666 8861.4833422072406393       0                      3651
667 8083.5031327029182648       0                      3657
668 8851.8824904106622853       0                      3662
669 8848.5027403478761698       0                      3667
670 8082.3877876720835047     321.03039975907773851    3673
671 8081.967936876546446        0                      3678
672 8082.0015851324897085       0                      3684
673 8081.9370563636457518       0                      3689
674 8081.9174005135400876       0                      3695
675 8082.1776340785072534     332.83032668825450173    3700
676 8081.9302814577968093       0                      3706
677 8081.9516743226176914       0                      3711
678 8082.9211726804669524       0                      3716
679 8082.755360617075894        0                      3722
680 8856.1111529367008188     104.93509228981385206    3727
681 8857.1483833618694916     411.41157465686148953    3733
682 8081.9177296459056379       0                      3738
683 8083.6756089377122407       0                      3744
684 8083.6827509291060778       0                      3749
685 8848.9948482407944539       0.1973922907743994315  3755
686 8082.3508660805537147     321.86558280812494104    3761
687 8081.9662143544837818       0                      3766
688 8081.9185018264670362       0                      3772
689 8083.9809942730416878       0                      3777
690 8084.8128606573818615     345.97512364643893079    3782
691 8089.1474709689273368     118.289986892536092      3788
692 8082.1909419157127559     333.68922988699148391    3793
693 8855.4551099800628435       0.06602567500311436188 3798
694 8854.9259201318745909       0                      3803
695 8081.920563433177449        0                      3810
696 8849.7863018991356512       0.30203036696026769325 3816
697 8851.062371776875807        0.27711301033168705965 3821
698 8081.9162586047232253       0                      3827
699 8081.9500213122109926       0                      3832
700 8082.0094719182807239       0                      3838
701 8848.4901624056928995       0                      3844
702 8081.9993606999514668       0                      3849
703 8081.9187425570771666       0                      3854
704 8081.9432299018026242       0                      3860
705 8081.9164530493508209       0                      3865
706 8081.9638065640274363       0                      3871
707 8082.2214953878738015     332.89404623995102384    3877
708 8082.9197071597036484       0                      3882
709 8082.7542157239631706       0                      3888
710 8852.7719658516707568       0.11228416418446082736 3894
711 8856.7033577206238988       0                      3899
712 8081.9155207554531444       0                      3905
713 8081.9177064189771045       0                      3910
714 8082.8020144731126493       0                      3916
715 8082.563095364603214      315.31013193399428474    3921
716 8081.9915006611518038       0                      3926
717 8081.9163619098035269       0                      3932
718 8081.9168212659114943       0                      3938
719 8081.9319085291481315       0                      3943
720 8081.9444901388505968       0                      3949
721 8081.9888256743861348       0                      3954
722 8082.1660826803517921     332.25535806025959573    3959
723 8082.9190409795255619       0                      3965
724 8084.8439771877774547       0                      3970
725 8858.7382770526237437      97.482785628214315921   3975
726 8856.8851683350476378     391.18412006922170576    3980
727 8083.9857811127239984       0                      3986
728 8082.780377877965293        0                      3993
729 8848.999545189735727        0                      3998
730 8082.3977544804438367     321.8231639610976913     4004
731 8081.9151187665493126       0                      4009
732 8081.923785096053507        0                      4015
733 8081.9945013517535699       0                      4020
734 8082.5491960995022964     315.57799306909680581    4026
735 8082.0031047487518663       0                      4031
736 8081.9191705067687508       0                      4037
737 8081.915516104035305        0                      4042
738 8081.9175675008182225       0                      4047
739 8081.9429209166828514       0                      4053
740 8083.0026347404700573     321.32794285109616794    4058
741 8083.9899556892496548       0                      4064
742 8088.3102320428342864     111.63388668983984076    4069
743 8089.0635994487947755     131.79090548512292003    4074
744 8850.2725966826437798       0.1773768123816882869  4080
745 8859.2241365667323407       0                      4085
746 8082.1628485197270493     333.92999809756719287    4090
747 8081.9438584510326109       0                      4096
748 8847.6887153407042206       0.21711741388112471007 4102
749 8847.8760092712491314       0.19165503344320336532 4107
750 8082.408908885643541      321.27707888592937024    4113
751 8081.9739876687372089       0                      4118
752 8081.9171294087445858       0                      4124
753 8081.9162248666279993       0                      4129
754 8085.1908267250810241       0                      4135
755 8082.1636453991786766     333.09223647733989537    4140
756 8082.7535575608608269       0                      4146
757 8088.3138388602483246     111.14183705929168866    4151
758 8853.5022254241121118       0.00134300435730929377 4156
759 8856.834755780393607        0                      4162
760 8083.9778798264223951     342.47766728538653069    4167
761 8082.9421446704582195       0                      4174
762 8082.8077394901411026       0                      4179
763 8854.5783316351844405       0                      4185
764 8082.3721906841510645     322.92786416310951836    4190
765 8082.9199913934398865       0                      4196
766 8084.013266126596136      341.52362102258609866    4201
767 8086.6483658166189343     126.95975836857290631    4206
768 8086.6726551048950569     126.22983054034095574    4212
769 8093.0132274288444023     151.82221278847273993    4217
770 8083.0004712808167824     322.97526544469241117    4222
771 8858.1223419365433074     111.72794388759776041    4228
772 8855.2290589363001345     424.74783244349106326    4233
773 8852.3678207127304631       0                      4239
774 8082.8014668024416096       0                      4245
775 8084.0165625339195685       0                      4250
776 8089.1807516724711604     117.91883851510948489    4256
777 8086.6461067866357553     126.43516629327585576    4261
778 8092.1337129187822939     137.22791651817487946    4267
779 8083.9783152727914057     343.38869864967551848    4272
780 8083.3832874274921778     346.99637349441530887    4278
781 8854.8572063400606567       0.17520990213912043809 4284
782 8856.2056153811900003       0                      4289
783 8087.9348895207995156     463.31124487013414637    4295
784 8082.9633699621499545       0                      4301
785 8081.9847604919104924       0                      4312
786 8082.017206981234267        0                      4322
787 8081.9887097762302801       0                      4332
788 8081.9171255172268502       0                      4338
789 8081.9441515629632704       0                      4343
790 8083.9843793784175432       0                      4349
791 8083.9884955984316548       0                      4355
792 8857.456879984416446        0                      4361
793 8852.9117639729047369       0.11670183165948057324 4366
794 8082.8117837940726531       0                      4373
795 8083.6555865684158562       0                      4379
796 8082.7986017235534746       0                      4384
797 8854.7017188408044603       0.00009766495833042851 4390
798 8855.6333920416891488       0                      4396
799 8082.4908449041131462     356.5367529293617963     4401
800 8082.9235310366757403       0                      4407
801 8848.2796870326601493       0.025931872418041374   4412
802 8082.3897312488525131     322.10202575137594749    4418
803 8852.039202703985211        1.1630687079833879061  4423
804 8858.9608863589164685       0                      4429
805 8848.6772315754460578       0                      4435
806 8082.801060749361568        0                      4440
807 8082.1720281186780994     333.95146206974601455    4446
808 8082.4929041814511947     357.97956503492900993    4451
809 8082.9225979244638438       0                      4456
810 8082.757334491147958        0                      4462
811 8089.7735800339814887     139.95374816489925252    4467
812 8083.4318791422310824     299.58820172437458496    4473
813 8087.4577474274419728     132.78322693780464192    4478
814 8855.3919090755971411       0                      4484
815 8854.0830983196065063       0.09821367638279189516 4489
816 8086.6428960883968102     125.89801050905950319    4495
817 8082.7981385499060707       0                      4501
818 8081.9929714388799766       0                      4506
819 8082.0178688908936238       0                      4511
820 8082.0262725899501675       0                      4517
821 8084.0181931527149573       0                      4522
822 8083.9929471824361826       0                      4528
823 8085.199557336599355        0                      4533
824 8853.5716045677963848       0                      4538
825 8857.4146542730868532       0.92267794773743427861 4544
826 8082.8314972842072166       0                      4550
827 8085.0577809976339267     341.7965617039176891     4556
828 8085.217795833670607        0                      4561
829 8093.0366068786688629     152.01472065442970916    4567
830 8857.9068055819006986      72.407635633920222062   4573
831 8860.4367793004821579     495.00049588010699608    4578
832 8081.9904444413541569       0                      4584
833 8082.8053453164893654       0                      4590
834 8082.8036507160504698       0                      4595
835 8083.9933251506845409       0                      4601
836 8084.8581728794060837       0                      4606
837 8083.9926486939375536       0                      4611
838 8857.8548398905277281       0.05773547727371729915 4617
839 8851.6316184361749038       0                      4622
840 8088.2157159315029276      73.884900065440348271   4628
841 8082.8022053214581319       0                      4634
842 8852.0308315078473242       0.00774390250317015093 4639
843 8857.3303736375637527       0                      4644
844 8083.9841287306526283       0                      4650
845 8849.0693306095272419       0                      4656
846 8850.8580965682085662       0                      4661
847 8081.9154192493651863       0                      4667
848 8081.9155516068603902       0                      4672
849 8082.9204963539596065       0                      4678
850 8082.920219934857414        0                      4683
851 8084.8476037644204553       0                      4688
852 8855.4643270489286806       0                      4694
853 8855.4288044928798627       0.49101803424454748548 4699
854 8082.7618273523112293       0                      4705
855 8082.756175347178214        0                      4710
856 8850.1784678320545936       0                      4716
857 8082.1675192900283946     332.80885166625824922    4721
858 8082.1689135861006434     334.23523899048120711    4727
859 8083.4308322620909166     297.32778828294476625    4732
860 8088.3213097059815482     109.8266546734367779     4738
861 8088.3114969337775619     111.95921709217090267    4743
862 8851.6034305488028622       0                      4749
863 8852.9121436713467119       0                      4755
864 8082.7958251769123308       0                      4760
865 8082.8241705514801652       0                      4765
866 8082.0240816926998377       0                      4771
867 8085.1838323355596003       0                      4776
868 8084.8484637736937657       0                      4781
869 8858.4443682628407259       0                      4787
870 8850.9122069570184976       0.00664152512667237453 4792
871 8082.0011348278258083       0                      4798
872 8082.7989988746348899       0                      4803
873 8082.9223788947847424       0                      4809
874 8082.7533523686151966       0                      4814
875 8083.9929198818872464       0                      4819
876 8085.1880265672689347       0                      4825
877 8853.6992088319657341       0.00007136144591939936 4830
878 8855.6525598557418562       0.00007026053157372671 4835
879 8081.9206835495560881       0                      4841
880 8858.6230589801998576       0.0000687398498757517  4846
881 8082.9231323848953252       0                      4852
882 8852.4540513504052797       0.15552815716706505644 4858
883 8081.9195003569802793       0                      4863
884 8081.9233698682837712       0                      4868
885 8082.1858338612573789     332.55931728691803073    4874
886 8088.306483932721676      111.12929748926396201    4879
887 8082.1625053116522395     332.53839088270393631    4884
888 8860.2577354265431495      90.071368021795024106   4890
889 8863.0165373987292696     382.47102467802352521    4895
890 8867.8259515465215372       0.00006507835734100385 4901
891 8081.9884353968773212       0                      4906
892 8081.9947353591051069       0                      4912
893 8082.1901807397480297     332.02701568380086883    4917
894 8088.3152882093845619     110.81799840984875516    4923
895 8088.341083783270733      111.4411895012863738     4928
896 8082.1916465295253147     333.13453252566716856    4933
897 8088.3138943076673968     111.46633333930084575    4939
898 8868.4128845110499242      90.077613078689523718   4944
899 8872.0888282450323459     397.17251653384880683    4950
900 8898.0570010203337006       0.00006151635692450003 4955
901 8082.7993741505079015       0                      4961
902 8081.9438694486516397       0                      4966
903 8082.78521707735581         0                      4972
904 8899.3769106677827949     104.8055507749991051     4977
905 8900.6431588796767755     411.1148660228703875     4982
906 9012.3466367662804259       0.00012518700165595095 4988
907 8089.7727112391239643     138.838167611962092      4994
908 8082.1901625482769305     332.58070078198488773    4999
909 8896.769611765841546        0.00000797014657645452 5004
910 8892.9394657460361486       0                      5010
911 8082.7890293260697945       0                      5015
912 8081.9191948144507478       0                      5021
913 8081.9186758322175592       0                      5026
914 8082.8066664103989751       0                      5032
915 8081.9991361360971496       0                      5037
916 8084.0034610462080309       0                      5042
917 8082.1662878288416323     333.64622800430112193    5048
918 8894.7758812667598249       0.58877087197801036833 5053
919 8901.1598198722167581       0                      5058
920 8081.928227132720167        0                      5064
921 8081.9480346852324146       0                      5069
922 8089.1638998404014274     117.79618468151652166    5075
923 8083.437358684868741      299.88601104321958246    5080
924 8896.6488330405591114       0                      5085
925 8896.8971814142423682       0.00140690658549069009 5091
926 8082.5004461140088097     359.18544478815181265    5096
927 8082.9312672150499566       0                      5102
928 8896.6488330405609304       0                      5108
929 8893.5911059904665308       0.54633465877485565265 5113
930 8081.9945348779774577       0                      5118
931 8082.7534164636772402       0                      5124
932 8081.9429966318448351       0                      5129
933 8083.9971784219869733       0                      5135
934 8900.2371189067926025      77.814820225951834232   5140
935 8902.192335600630031      503.48572839464577555    5146
936 8897.9880181514417927       0.00001840489676985685 5152
937 8896.799844988508994        0.00105568231648792252 5157
938 8083.9727637076211977     344.43542253175786527    5163
939 8092.123565482851518      137.1892518365297633     5168
940 8896.8143695305625442       0.17092655008450521881 5174
941 8898.4382832665069145       0                      5179
942 8083.9784074654153301     340.29987367187726477    5185
943 8081.9445026055864219       0                      5191
944 8081.9484294637795756       0                      5196
945 8892.9878610337746068       1.0898960635644341366  5202
946 8892.9878610337727878       1.0898960635650238871  5207
947 8089.1777624533206108     118.42590340523869941    5213
948 8083.024847826106452      322.47204610239640488    5218
949 8088.3451717248271962     110.94954751527208714    5224
950 8897.9588311935476668       0                      5229
951 8895.5818232915407862       0.00096255418956163376 5235
952 8083.9929471824443681       0                      5241
953 8893.7159726381978544       0.10963142087623524434 5246
954 8081.9428681556437368       0                      5252
955 8896.4296111011681205       0                      5257
956 8898.0839866988426365       0                      5263
957 8081.9238411754149638       0                      5269
958 8893.7271059724589577       0.17279764343129103144 5274
959 8895.5848511623262311       0.0000079476521921387  5280
960 8892.0629409853536345       0.00000791137203427888 5285
961 8881.788561878091059        0.00000808305038405609 5290
962 8082.9334047531283431       0                      5295
963 8880.7907876565859624       0                      5300
964 8883.143704737911321        0.15141500724271172995 5305
965 8082.5078034468579062     316.67283544726194577    5311
966 8081.9362871902731058       0                      5316
967 8081.9175917182537887       0                      5321
968 8081.9206835495597261       0                      5326
969 8082.6063795726540775     361.05763588051280522    5331
970 8082.7587413767205362       0                      5336
971 8086.7423946827339023     128.08182739328924526    5341
972 8084.0200157513299928     349.34872536126374598    5346
973 8889.3879576641993481       0                      5351
974 8895.727683312506997        0                      5355
975 8081.9509150560152193       0                      5361
976 8895.5009077890244953       0                      5365
977 8891.3385918100902927       0                      5370
978 8081.9164202459787703       0                      5375
979 8082.7580098941862161       0                      5380
980 8081.9292845302197748       0                      5384
981 8081.987796503825848        0                      5389
982 8082.1733538938633501     333.11368528478089956    5394
983 8895.6009282072591304      97.177215670557473004   5398
984 8893.4935405815667764     407.587689594966605      5403
985 8893.9926964357036923       0                      5408
986 8081.9997902212689951       0                      5412
987 8085.9610560690980492       0.12038258969368967333 5417
988 8895.5009077890226763       0                      5421
989 8891.2988367979705799       0.00444461291022052972 5426
990 8081.928305316562728        0                      5431
991 8889.3879576641866151       0                      5436
992 8892.0826892343247891       0                      5440
993 8081.9193173883704731       0                      5445
994 8081.9206495070820893       0                      5449
995 8084.1316621646155909     290.21821440620692556    5453
996 8088.3137315308194957     110.31546624938309265    5458
997 8082.1698047463150942     333.3970770596634452     5462
998 8089.1539430984257706     117.94492261263771127    5466
999 8089.7757430364945321     139.58993023877948758    5471
1000 8892.7759661516975029       0                      5475
