1 8700.2502107270920533     70739.628436931307078      4
2 8743.413800060394351      63680.465411782774027      8
3 8787.7239353378681699     71920.828270437647006      12
4 8800.1773371231920464     72111.67065148515394       17
5 8777.8727929926062643     72316.676508485455997      21
6 8601.9196243326332478     38316.851993209209468      25
7 8483.2370046638807253     1343.1900143755717636     29
8 8554.788683301940182      13440.319240195389284      34
9 9115.9389579304988729     85129.337550553187612      38
10 8486.8148046778605931     1450.9455479994528559     42
11 8422.3352042330225231     5327.7114195228432436     47
12 8400.1636468375545519     2928.759660502188126      51
13 8478.1414511733819381     3534.816689567465346      56
14 8666.3715228249020583     64727.447759092392516      60
15 8591.3399069739280094     26906.110419830096362      64
16 8585.8275028555362951     9637.9196527947606228     69
17 8550.6221772162371053     12806.049576760346099      73
18 8482.6021737547798693     497.02838322844746699    78
19 8500.0716398712775117     4880.8150619677762734     82
20 8486.6577935533605341     1300.6948681691330876     87
21 8546.3006977919285418     1635.0691755963234755     91
22 8466.7583792447949236     251.76433098601813754    96
23 8618.080117664694626       36.822974958578136295   100
24 8634.6533318134461297     2134.3410522628578292     105
25 8601.291046607781027      3055.4196069970957979     109
26 8468.2044205719030288     719.79441503926136647    114
27 8436.1743246420046489     258.75805658362588701    118
28 8609.6630193581622734     720.52351444898704358    123
29 8656.6639377491101186     1084.4354821234544488     127
30 8533.2718353689087962     1239.2563394948065252     132
31 8629.2834716512443265     2553.2763154332956219     136
32 8614.9907969102114293      97.024969093811037624   141
33 8695.4550845060803113     410.49570615060190448    146
34 8635.001296860336879      786.11300291234829274    150
35 8616.8971920509320626       1.0168259472353493589  155
36 8627.9154311291658814     538.20651121860510102    160
37 8375.2339017383110331     650.66073894349926832    165
38 8397.154956213069454      4392.8766921949891184     170
39 8616.5926641566420585     351.33072982517069249    174
40 8503.678868254974077       28.077259912754236382   179
41 8453.8460203237737005      33.351753005605800695   184
42 8575.2052654438975878     1639.3532016595386267     189
43 8618.48316975247144       344.35400261331926686    193
44 8681.2251326987206994      10.009374841781104593   198
45 8676.9674682508521073     492.79294187473902866    203
46 8621.5845807157093077     1189.0033356016351718     208
47 8660.7627736904723861     7088.7850390536914347     212
48 8637.6316175165884488     1437.8121080545115547     217
49 8369.8530581180275476     492.74920750952423987    222
50 8474.3640957766456268     459.69203363556505337    227
51 8651.6420844959466194     172.05170522142719847    232
52 8518.198723954079469      865.28687383227543251    237
53 8617.2280951719567383     123.23566585396112316    242
54 8729.8967199609633099     103.91396414867983822    247
55 8471.2806758402239211      82.256280712892348106   252
56 8488.7753606445967307     468.12992628633531922    256
57 8635.9276002770930063     127.28228800303885748    261
58 8496.4951303568323056     480.15963309529342951    266
59 8628.5942728346981312      98.270389028047546276   271
60 8520.9918796322599519     702.35705666330545682    276
61 8620.6415111043243087      91.264018434725784346   280
62 8505.5498094801459956     522.03911274191784742    285
63 8625.1432563138750993      99.392610411361872025   290
64 8646.9413732685698051       3.8732938934552270105  295
65 8566.6258042646113608     1749.0854935993784238     299
66 8476.8579646594062069     1714.6188152478493976     304
67 8617.3871893711784651     4964.5760538687563894     309
68 8613.3350229763163952     202.73213387467643543    314
69 8637.8626387705662637     1639.2318704674326        318
70 8631.897249131301578      258.38912989753526972    323
71 8623.0095687095054018     329.64454171781784453    327
72 8699.2055189160964801     3454.2385697673453251     332
73 8665.4722113008319866     539.22917944055473072    337
74 8666.3936599932803801     544.35180288004960403    342
75 8529.8150106589055213     295.07165184382876078    346
76 8584.3289872813875263      32.070747592894996103   351
77 8519.0587847487677209     594.01473298541156964    356
78 8586.9181970741083205      76.038862458183629656   360
79 8676.444435577144759        2.061816753465355756   365
80 8629.4956205005983065       1.3091839056840508526  370
81 8577.7917214761528157     524.01250155445700329    374
82 8583.1020056564866536      68.786212702770711758   379
83 8579.4359754091710784     502.87316715945735268    384
84 8581.3456308964377968      65.306302569186456708   388
85 8580.6352516115239268     492.45234176103838308    393
86 8580.323603601051218       63.806846174698890195   398
87 8581.5206609120286885     487.89475011802625204    403
88 8579.8270675426847447      63.064531979620532809   407
89 8581.977823375722437      485.62527685992381521    412
90 8580.4793388269154093      62.697792882726652408   417
91 8581.3178042752024339     484.50062666189671745    421
92 8598.139418418335481        0.60822015889775871145 426
93 8544.6360423449241353       0.52244655802575368231 431
94 8455.3629318545754359       0.83247871581110355343 436
95 8464.8950192508436885      79.658285921428912957   441
96 8574.8183926912461175     360.81360167976561115    445
97 8631.433376010545544       66.394113156287630773   450
98 8436.7119350114571716      59.152099082820384979   455
99 8571.6666481791307888     344.42780241473985825    459
100 8501.7299598936351686     1751.4168665986549058     464
101 8535.261362673014446        0.52546967520427356746 469
102 8618.7701086408196716      16.96272639394545223    474
103 8550.1082259341746976     364.5099922937588417     479
104 8542.7803783830604516       4.4021664838877994086  483
105 8546.8924546655089216     335.66562818358397635    488
106 8642.6463250450815394     1650.5227155112199853     493
107 8409.3832363566743879       0.82108308102975235965 498
108 8366.3530807938877842     175.48963793034394598    503
109 8363.9301156782603357     178.18743387096938591    507
110 8600.4339184789714636     338.57184557116499946    512
111 8493.7688712622602907      76.438114481774960041   517
112 8481.6463104844879126       1.1949529452408540475  522
113 8568.3554946386320808       0.52031686249798003718 526
114 8554.4412669281209673      20.924240977953374454   531
115 8533.5874132828976144       0.39578646416215451653 536
116 8570.1086692643784772       0.51608491647890775145 540
117 8504.6027894587132323      36.236296375211892951   545
118 8502.1606011497497093      36.318230508837260118   550
119 8612.4774007358955714     380.5275033635008981     555
120 8497.7946355954372848      76.421961149195013263   560
121 8564.7639461625039985       0.54541919748947331748 565
122 8529.999667626205337        0                      570
123 8471.7221747271451022       0                      574
124 8403.0843405058276403       4.4042188750858954904  579
125 8499.7472228672959318       0.03141454776567440682 585
126 8493.8450722443431005     270.37328606712156898    589
127 8402.9420337458032009       7.4943739731371801227  594
128 8295.8739019265667594      14.139809472503582555   599
129 8558.9264165955792123       1.1623907755078481951  604
130 8554.2221273635095713     268.4773861850426897     609
131 8530.5589536120314733     121.31838017274384356    613
132 8352.2365847030450823       0                      618
133 8368.489891121384062      930.47305532287964525    623
134 8535.3492005096195498       0                      628
135 8477.5137313817685936       0                      633
136 8500.800853140091931      191.46515802605460976    637
137 8417.1762117704656703      76.763028612831902819   642
138 8223.5488729317748948       0.50677763343283066533 647
139 8547.4068607972913014       1.937633444679978556   652
140 8410.7768527547723352     690.24914335475932603    656
141 8264.0948651319431519      67.941762131841073824   661
142 8289.5269120334505715       0                      666
143 8268.371645060415176       30.008499275120499306   671
144 8238.7531578226789861       0.51589308825426272165 676
145 8116.0897881993514602       0                      681
146 9139.9448080375877907     768.47192726754906289    685
147 8097.6574171618176479       0                      691
148 10270.097691418508475      138.68760013124261832    695
149 8321.1198536477895686      50.888884128229008752   701
150 8173.499727037968114      138.12972339554789869    705
151 8177.7447260833851033     174.39405697616192015    710
152 8278.1151883512939094      72.858192416277987036   715
153 8378.899751046568781      128.49330975742486771    720
154 8111.3963973236905076     344.83160697300047559    724
155 8171.5470188799372409       0                      729
156 8116.8101339125942104     996.66136755615264065    734
157 8129.4381428978649637     307.98285468119729558    738
158 8176.3805891538395372       0                      743
159 8197.4438272875213443     367.79046934901492705    748
160 8461.7452660444650974      95.879706155333792594   752
161 8352.3450471708874829      25.418276182185358891   757
162 8517.4301906240762037      82.103825148474399498   762
163 9562.399155553908713      2671.9889701676042932     766
164 8096.3744825205658344       0                      771
165 8188.5163176738487891      74.760796691023870153   776
166 9057.9544864228100778       7.2655287487425423976  781
167 8501.0447384205908747     272.26949356755704912    786
168 8182.5738219135218969     121.94803304672916511    790
169 8246.9968187698432303       9.2539187910983091712  795
170 8447.9467918650479987       8.5428393345863469222  800
171 8105.0902447968255728       0.50925799814830552403 805
172 8101.882035304848614      144.95543086999347793    809
173 8108.7671119088990963     234.30204410028238726    814
174 8132.1113092857403899       0                      819
175 8127.680439155537897      315.14526376636371197    823
176 8131.9726069723001274     1018.4137442574652823     828
177 8604.3841595843259711     1164.1205463748062812     833
178 8867.5655743098323001     524.07955004995096715    837
179 8273.6404274287779117       0                      842
180 8119.8348407668299842       0                      848
181 8147.2885181567899053       0                      852
182 8483.8673931730099866      57.604599811776189711   857
183 8314.4743768992393598      85.669031278873887914   862
184 8086.9768107781792423       0                      866
185 10995.072320248002143      130.11385413857041726    871
186 8133.1644079878888078       0                      876
187 8719.6830876508465735       0.49083758743178734774 881
188 8530.6527191956120078     252.86508744325607267    886
189 8216.082962775904889       68.996309634107021225   890
190 8360.9700246585998684      51.869659184661301765   895
191 8161.7395939820653439      19.477924349573591201   900
192 8237.1504206348217849       0                      905
193 8250.6921735489522689     454.75294722917743684    909
194 8349.9904868231424189     423.73454563322798094    914
195 8464.9798061786168546     359.4312425048541968     919
196 8667.6705072719396412      64.996432805003522049   924
197 8389.1832177481155668       5.5728702767331821377  928
198 9543.7535357351316634     1135.9007524472829118     933
199 9021.3656491804467805     2474.2462787248346103     938
200 8189.3413757834550779     145.37027460419011504    943
201 8152.5629562091571643       0                      948
202 8309.0184054636520159      12.295994501175094626   953
203 8111.0482899448570606       0                      958
204 8093.0253635149565525       0.11085217424129545361 963
205 8089.0947782021066814       0                      968
206 8095.8961188495759416       0                      972
207 8904.9787179125396506      18.257502410101380974   977
208 8092.1577268582559554     182.23560879413167868    982
209 8102.5980867392609071     499.42267973781497403    986
210 8783.36166864905681        85.059818152644993461   991
211 9045.5748073924714845     267.72324135002645562    996
212 8207.5556346790908719     1354.4801631034690672     1001
213 8095.3862340992545796     177.90032457788606735    1006
214 8115.7329445514960753       0.53618884686867385181 1011
215 8300.9640843160850636       0                      1016
216 8682.9171821513718896     329.57904649662128804    1020
217 8100.9697769966860506       0                      1025
218 8191.4920088839317032       0                      1030
219 8086.9481048568231927       0                      1034
220 8099.941408608187885      373.5665740981082763     1039
221 8108.4782998602158841       0                      1045
222 8172.8620357491163304       0                      1049
223 8199.2319564549106872       0                      1054
224 8759.364341706279447       86.922202230744829876   1059
225 8214.642101302586525       55.816833411542532417   1063
226 8090.3718662595365458       0                      1068
227 8087.8286956290103262       0                      1073
228 8093.0536811265483266       0                      1078
229 8095.286750474809196        0                      1083
230 8165.7768597756730742      60.711633764575722694   1088
231 8098.3547579710930222      44.134919451915337163   1092
232 8146.4180777306683012       0                      1097
233 8252.6273978509198059     146.93682020959326451    1102
234 8461.3173222624263872     1186.6227695017994392     1107
235 8678.0665929981678346     1274.7594718715399722     1111
236 8129.4773394491730869       0                      1116
237 8479.2507938942344481     238.56894541105478424    1121
238 8501.6079719010358531       0                      1126
239 8460.7812315588598722       0                      1131
240 8205.3271617000500555      73.676938807116130192   1135
241 8205.5826172352644789      52.590794581710461841   1140
242 8523.9843584465234017      86.450663809919191749   1145
243 8206.6168693687359337      66.701927779619524017   1150
244 8086.5847184115018536       0                      1154
245 8127.5113724447528512       0                      1159
246 8280.9055997416198807       1.1107660544499740052  1164
247 8280.9292993779690732       0.16325135931395817757 1169
248 8182.3978095504971861       0.93708851365652645615 1174
249 8530.4472753713907878     370.02343134959653526    1179
250 8229.1389115066485829      47.205716617618946884   1184
251 8086.914029662613757        0                      1188
252 8108.3875234459410422       0                      1193
253 8087.7529919471207904       0                      1198
254 8098.1687829921384036       0                      1202
255 8100.0735569837161165       0                      1207
256 8134.6747327473058249       0                      1212
257 8092.6321024519220373       0.94335626228872515586 1217
258 8105.4846086845445825     153.90876166924496715    1221
259 8453.7916225894568925     119.12762756061228231    1226
260 8700.8680569706230017     388.43888364070522812    1231
261 8100.8172132313311522       0.91441116266724131734 1236
262 8111.299296541465992        0                      1240
263 8121.0624164029668464       0                      1246
264 8142.0243951365318935       0                      1250
265 8477.9755266290903819       0                      1255
266 8449.5790256970394694       0                      1260
267 8634.0108714496709581      86.681580901380741011   1265
268 8248.0218756891954399      45.990379217791371502   1269
269 8085.4592149055806658       0                      1274
270 8096.7407319555150025       1.7930130514136723985  1279
271 8302.8520204370161082       0                      1284
272 8169.9482515760382739       0                      1289
273 8104.5783175532587848       0.77918121735609680023 1294
274 8546.8758294600902445      86.500636406457374505   1299
275 8313.7685656463745545      25.140792373353097133   1303
276 8085.7082719448198986       0                      1308
277 8109.4165442461635394       2.4331619546237872598  1313
278 8085.5743805895936021       0                      1318
279 8086.1530323903934914     310.40606809218394346    1323
280 8092.4656617244254448     100.89402994862926732    1328
281 8110.6156385239692099       0                      1333
282 8087.3135611093694024       0                      1337
283 8088.6201251989923549     270.83033485041551103    1342
284 8289.4266465080945636     241.04781100784435921    1347
285 8648.3423288894173311     169.60937708938564583    1351
286 8132.5963341801943898     184.3267193549020817     1356
287 8115.5400668831534858      10.273477896872188708   1361
288 8090.7976391660631634       0.56861671454987139374 1366
289 8090.8186171174829724       0.51096169183561501725 1371
290 8430.2714306213001692       0.75850122138447373388 1376
291 8485.8364350702486263       0.76194552318737807095 1380
292 8608.1835348114291264     370.37131098256725181    1385
293 8247.0766673027774232      47.93863222502535848    1390
294 8084.3400112573399383       0                      1395
295 8119.8540004760288866       0                      1400
296 8088.5282776568892587     273.14782852314658612    1405
297 8093.6314553572010482       2.9294620883900490682  1409
298 8169.4014534710195221       0                      1414
299 8281.9339376442876528       0                      1419
300 8566.1664822417224059     370.18642489469164047    1423
301 8332.874599107690301       14.689860195868316595   1428
302 8096.0142627319901294       0                      1433
303 8084.4708088816169038       0                      1437
304 8084.6416919716211851       0                      1442
305 8085.1950022461423941       0                      1447
306 8094.686567914058287        0                      1451
307 8122.2333518426785304       0                      1457
308 8085.4916176769638696       0                      1461
309 8084.6127724424623011     310.75906794135408973    1466
310 8539.5653494325633801       0.05029223517566579899 1471
311 8330.9313844157368294       0.01603054718741805593 1475
312 8153.4390569944280287       2.6867938234029278277  1480
313 8169.0906248729361323       0                      1485
314 8280.1911239659530111       0                      1490
315 8090.5331418151745311       0                      1494
316 8084.7143808674391039       0                      1499
317 8330.9028707838078844      15.556201238327414416   1504
318 8084.5396466593374498       0                      1509
319 8084.7403335749741018       0                      1513
320 8221.0645300822179706       0                      1518
321 8097.5919605737608435       1.5472757440674025364  1522
322 8115.5962082468213339       6.4582999424449623049  1527
323 8095.8531526815031611       0                      1532
324 8124.8822810984502212       0                      1536
325 8084.7255114797790156     312.86552204628009122    1541
326 8288.3433913156604831     477.92253081825265326    1546
327 8474.0293400650298281     402.55122681720638411    1550
328 8086.3255783927525044       0                      1555
329 8258.8119084859445138       0                      1560
330 8305.3847295041523466       1.2312407884920573142  1565
331 8089.8625103582880911       0                      1569
332 8089.3855736932755462       0                      1574
333 8549.6324960103411286     363.85046287093638284    1579
334 8335.0114047442984884      13.977257689932116591   1583
335 8084.0947702722087342       0                      1588
336 8087.2517791063082768       0                      1593
337 8085.3433203398999467       0                      1598
338 8086.7370405523015506       0                      1603
339 8188.2660380046172577       0                      1607
340 8295.1434933225500572       7.3075267203626763646  1612
341 8331.885848722398805       15.118241436090794849   1617
342 8084.08188305652493         0                      1621
343 8155.2477587999619573       2.3152856870247315868  1626
344 8085.3672418031464986       0                      1631
345 8201.5660558712497732       0                      1636
346 8304.7169496677415736       0                      1640
347 8312.4586936808536848      26.359591193139568333   1645
348 8123.6793344929237719       0                      1650
349 8084.6910267760113129       0                      1654
350 8084.1200248335262586       0                      1659
351 8123.7573880667268895       0                      1664
352 8094.546905089716347      138.23081093706548472    1668
353 8084.4473925483625862     306.02779685488832229    1673
354 8084.9273594573978698       0                      1678
355 8094.9962269866864517       4.6786514092776503304  1682
356 8332.8877289133961312     293.62163257749591594    1687
357 8335.4704602295223594     256.93886673362425199    1692
358 8085.3131012596186338       0                      1697
359 8085.3746254369516464       0                      1702
360 8276.7067145498876926       1.3553399657688429691  1706
361 8277.6064474674112716       1.355250316987235859   1711
362 8591.8851379079387698      86.463627104641290089   1716
363 8256.3711528724179516      41.032684140157073216   1720
364 8084.5924391972093872       0                      1725
365 8084.5691235226140634       0                      1730
366 8095.7118389789247885       0                      1734
367 8084.999090475364028        0                      1739
368 8085.0684731837554864       0                      1743
369 8084.1210740253854965     313.30927721349962667    1748
370 8085.0469887892932093       0                      1753
371 8086.9025434657050937       0                      1757
372 8330.6198180453702662       0.80405904714300613367 1762
373 8333.6206224973320786       0                      1767
374 8092.6778791577198717     142.17243621253598462    1772
375 8088.3209690417870661       0                      1777
376 8219.1344197908892966     157.78213165717008337    1781
377 8131.6883534048338333     158.3247531725461954     1786
378 8087.3712706152982719       0                      1791
379 8083.4824174067898639       0                      1796
380 8097.4560838448796858       0.08867478427051637968 1801
381 8083.8309188698976868       0                      1806
382 8083.8491680449797059       0                      1811
383 8266.883319191632836      265.77576061421945042    1815
384 8625.7697228916385939     370.17134109630171679    1820
385 8254.9140674715417845      41.127318493838821212   1825
386 8088.0172766536361451       0                      1830
387 8083.4642491169452114       0                      1835
388 8083.5272054919314542       0                      1839
389 8322.818391199090911        0.0070034629353319033  1844
390 8299.6604426422454708       0                      1849
391 8082.25285089555382         0                      1854
392 8322.8183911991018249       0.0070034629352562364  1859
393 8098.4418423840525065       0.00014362465313497061 1864
394 8417.5989134888877743       0.24948671837580310706 1869
395 8110.4808929294385962       0                      1874
396 8111.1730727837020822       0                      1879
397 8084.2510143765275643       0                      1883
398 8082.0717417047244453       0                      1888
399 8432.1184021463141107       0.74653340544929436273 1893
400 8331.4435189546566107     796.74679841628858412    1897
401 8108.009003132901853        0                      1903
402 8102.4911221105185177       0                      1907
403 8087.0304614786446109       0                      1912
404 8593.9245852613839816     370.03396960190644904    1917
405 8283.0632366083609668      33.902997854385148457   1921
406 8144.6281596031503796       0                      1926
407 8324.5140253325771482      10.525339607609982551   1931
408 8111.7941885130221635       0.43701950962932578637 1935
409 8082.0552933335766284       0                      1940
410 8083.8916523439738739       0                      1945
411 8083.8692095964534019       0                      1950
412 8091.24850844721459         0                      1955
413 8092.1291537910901752       0                      1959
414 8594.6759793088695005     370.31261577375244087    1964
415 8282.6133542877814762      34.203602161261748904   1969
416 8091.1828038762469077       0                      1973
417 8111.0625757055504437       0                      1978
418 8084.025933122722563      352.43239757393962464    1983
419 8112.5425442900886992       2.1943682063374900792  1987
420 8130.0952567829281179       0                      1992
421 8099.5962707792768924       0                      1997
422 8102.334280078232041        0                      2001
423 8153.494197935131524       28.902021910921110504   2006
424 8322.129927158857754        5.0062451595435373264  2011
425 8339.5790260077883431       7.5593413872226724592  2015
426 8085.4153103106455092       0                      2020
427 8085.3302051775135624       0                      2026
428 8084.856065072372985        0                      2030
429 8083.8524847717590092       0                      2035
430 8088.9057209592510844       0                      2040
431 8659.6597017743788456     369.76370189938648991    2045
432 8236.9220004622711713      52.073930102135264519   2049
433 8090.0971861499165243       0                      2054
434 8082.0338320054333963       0                      2059
435 8094.9490726511739922     367.0664053384969634     2064
436 8083.6164350914386887       0                      2069
437 8083.7104255728763746       0                      2074
438 8102.9308470538389884       0                      2079
439 8097.7045841003091482       0                      2083
440 8667.8653582930273842     368.42729347377911608    2089
441 8236.1264225127088139      52.26838469483536187    2094
442 8088.7849195973249152       0                      2098
443 8082.2761324762686854       0                      2103
444 8082.8842896751539229       0                      2108
445 8102.3728610050056886       0                      2113
446 8087.0981890478524292       0.00040074174662381294 2117
447 8090.92037839387649         0                      2122
448 8089.9413305490925268       0.75828941477646483182 2127
449 8092.1419087651856898     438.17604221727350478    2131
450 8103.5162972886500938     369.18418893675237769    2136
451 8103.5762028880617436     102.75214001473528924    2141
452 8091.1994468737539137       1.2052743721229370877  2146
453 8082.9301443857739287       0                      2151
454 8082.9818249121708504       0                      2155
455 8118.4386986240888291      36.621765024459669746   2160
456 8123.8278366452659611      34.603046697026293543   2165
457 8214.2513893789182475     223.61021932808819201    2169
458 8113.3534229465985845     187.10108510792798597    2174
459 8115.7943005899060154       0                      2179
460 8082.6609246395064474       0                      2183
461 8083.4662214268537355       0                      2188
462 8091.2118794614534636       0                      2193
463 8082.6360632567630091     363.96470886138405376    2198
464 8083.0897296600360278       0                      2202
465 8087.4882620831185704       0.01968279909137833628 2207
466 8091.0144418220043008       0.31350629452188183421 2212
467 8089.9999372842239609     256.87833860711430134    2216
468 8090.5132355262567216       2.6618250611005485062  2221
469 8108.228528204524082      792.63562706600907859    2226
470 8085.7936871361271187       0                      2231
471 8085.7220820279662803       0                      2235
472 8084.0790876469427531       0                      2240
473 8084.8703374423184869       0                      2245
474 8084.2223128480463856     320.1150984077868884     2249
475 8083.3513717403020564       0                      2254
476 8082.0665763342803984       0                      2259
477 8082.2549477080974611       0                      2264
478 8082.9245167758226671       0                      2268
479 8083.0749506784804908       0                      2273
480 8082.4445672779293091       0                      2278
481 8083.6480340438856729       0                      2282
482 8082.0328235870356366       0                      2287
483 8082.0474271803896045       0                      2291
484 8086.362868153431009        0                      2297
485 8084.0556811191199813       0                      2301
486 8083.2334286308378068       0                      2306
487 8083.5730043670864688       0                      2311
488 8086.216521902482782      322.13847341698988203    2316
489 8083.262747271985063        0                      2320
490 8082.9574145818296529       0                      2325
491 8082.0769847027086143       0                      2330
492 8082.8518098463282513       0                      2335
493 8083.3694049142832228       0                      2340
494 8082.1288377954833777       0                      2344
495 8083.8988943898721118       0                      2349
496 8083.2082155028347188       0                      2354
497 8084.6493877780103503     317.97071983917305715    2359
498 8099.6920247223170009     372.88798254261217835    2364
499 8105.411183612332934      128.1393182256544776     2369
500 8084.0993347642088338       0                      2374
501 8083.1556364831485553       0                      2379
502 8082.9911311898795248       0                      2383
503 8086.2749556898261289     319.07828052490992832    2388
504 8083.2201028680156014       0                      2393
505 8082.0874621781103997       0                      2398
506 8083.0760836439267223       0                      2403
507 8081.9741077472799589       0                      2407
508 8082.1058213298574628       0                      2412
509 8085.4041432330468524       0.04811512578937657963 2417
510 8081.9804443288330731       0                      2422
511 8086.3380978364602925     320.33213663959810447    2427
512 8104.7121874930344347       0                      2432
513 8082.0156193066031847       0                      2437
514 8082.1909994294637727       0                      2441
515 8082.9789576184566613       0                      2446
516 8081.9969908364164439       0                      2451
517 8082.2384240684550605       0                      2456
518 8082.8042800884077224       0                      2460
519 8083.841804583571502      353.62866182623127997    2465
520 8089.4410731952020797     102.80799820120249422    2470
521 8094.7855086858426148       0.32472671378318468394 2475
522 8088.6545182935433331     116.94700811102391924    2480
523 8082.5479693457737085       0                      2484
524 8084.6300236675360793     319.6203183516580566     2489
525 8082.3155155400772856       0                      2494
526 8081.9681450315401889       0                      2499
527 8081.9978280203094982       0                      2504
528 8082.2882376626948826       0                      2508
529 8082.419644369208072        0                      2513
530 8084.7240086796282412     317.95154707884410072    2518
531 8082.2892608762340387       0                      2522
532 8081.9921799528101474       0                      2527
533 8082.0241552637107816       0                      2532
534 8082.0691881409438793       0                      2536
535 8083.5282240987189653       0                      2541
536 8082.8413488680544106       0                      2546
537 8083.0092420692353699     369.97038411516712131    2551
538 8083.2195675188677342       0                      2555
539 8084.2494716302062443     324.07886598399352351    2560
540 8097.6252525351255827       0.17366091134807917773 2565
541 8102.6203700286660023       0                      2569
542 8081.9805840395247287       0                      2574
543 8082.0714059960364466       0                      2579
544 8082.0673244439140035       0                      2584
545 8083.1158465644766693     316.49370678567919413    2588
546 8082.2645144865573457       0                      2593
547 8082.0213756401553837       0                      2598
548 8082.8116298154327524       0                      2603
549 8096.2851333015496493       0                      2607
550 8084.1132649750097698     313.63077255170924218    2613
551 8081.9660546829563827       0                      2617
552 8082.0346922891567374       0                      2622
553 8104.2312772990935628       0                      2627
554 8104.4978421552568761       0                      2632
555 8082.0253815893411229       0                      2636
556 8083.0632542865587311     317.04554204716299637    2641
557 8081.9646580012349659       0                      2646
558 8081.9694893056021101       0                      2650
559 8083.8080901281928163       0                      2655
560 8083.7938780916874748       0                      2660
561 8094.0588199852427351       0                      2664
562 8081.9511160141155415       0                      2669
563 8082.0276910065285847       0                      2674
564 8082.8072656250487853       0                      2679
565 8082.8038094409994301       0                      2684
566 8098.675216712913425        0.27436254488999506362 2688
567 8098.6238044796145914       0.29129901306305511222 2693
568 8083.0817326974629395     317.33715078889110828    2697
569 8082.0036993381954744       0                      2702
570 8082.0225131024335496       0                      2707
571 8081.9469708879169048       0                      2712
572 8082.0281603631883627       0                      2716
573 8081.976221986674318        0                      2721
574 8082.0188248951635615       0                      2726
575 8091.0149160334067346       0                      2731
576 8093.096795712801395        0                      2735
577 8083.2297335257853774     316.79488188742982402    2740
578 8082.2325808722061993       0                      2745
579 8082.1091376984568342       0                      2749
580 8082.0185226049352423       0                      2754
581 8083.2360012682320303       0                      2759
582 8082.8740685104630757       0                      2763
583 8083.1669711350332364       0                      2768
584 8083.1682282317615318       0                      2773
585 8082.2084289972481201       0                      2777
586 8082.1923132726815311     334.95948195436022843    2782
587 8111.323962112942354      100.17512495058625177    2787
588 8093.1748139957953754     390.21287339722101706    2792
589 8090.3913399498151193     109.13874382206401492    2797
590 8081.928227132720167        0                      2802
591 8081.9415850846198737       0                      2806
592 8082.0106630766704257       0                      2811
593 8107.5323074142124824     219.43387478348932973    2816
594 8083.1666708365673912     318.46415311190708053    2821
595 8082.1885379704908701       0                      2826
596 8082.7928235081571984       0                      2830
597 8081.962761123938435        0                      2836
598 8082.0160941931308116       0                      2840
599 8082.0235443226256393       0                      2845
600 8082.2010808103632371       0                      2850
601 8083.0071428463697885       0                      2855
602 8082.1716071175451361     333.87322401859336196    2860
603 8097.5883423150244198       0.24574378354969228511 2864
604 8101.1294553753350556       0                      2869
605 8092.1520451633041375     134.20937368248044663    2874
606 8082.0098662812861221       0                      2879
607 8097.0207811887075877     430.5870144466914553     2884
608 8095.7604065378081941     418.22002600155451546    2889
609 8083.0288552744887056     317.38497808474153317    2894
610 8082.2624010736990385       0                      2898
611 8081.942438981428495        0                      2903
612 8081.993569766269502        0                      2908
613 8081.9331911527351622       0                      2912
614 8081.9684369541491833       0                      2917
615 8081.9958219556438053       0                      2922
616 8083.0189061421233419     318.00225059866698984    2926
617 8089.1071693502144626     131.11283171608232578    2931
618 8082.1832492260937215     336.39088533621298893    2936
619 8099.6414289887525229     395.31618340236713038    2940
620 8102.6855755574879367      96.782990599166453194   2945
621 8083.9989961227738604       0                      2950
622 8081.9777136725087985       0                      2955
623 8081.9472677659014153       0                      2960
624 8105.8436124191139243      46.640099048935745429   2964
625 8082.5350369990765103     344.75542176152691809    2969
626 8081.9852439883825355       0                      2974
627 8081.9229509485367089       0                      2978
628 8081.9708242571459778       0                      2983
629 8081.9858925843445832       0                      2988
630 8095.9175565532750625       0                      2993
631 8083.1011877116143296     316.85306479326919771    2998
632 8082.0324908086740834       0                      3003
633 8081.9475744016854151       0                      3007
634 8081.9510025360368672       0                      3012
635 8081.9286430088232009       0                      3017
636 8082.0371987441376405       0                      3022
637 8082.9609443541767178       0                      3026
638 8082.1870826769509222     333.04259351451366911    3031
639 8082.7756822075270975       0                      3036
640 8097.9708090136946339       0                      3040
641 8099.0895627593927202       0.05750647512626979457 3045
642 8088.3615030818073137     108.51111106097830827    3050
643 8082.0334453419109195       0                      3055
644 8095.690250450815256        0                      3060
645 8095.7984840484923552       0                      3065
646 8082.8900858882989269       0                      3069
647 8083.274989836891109      313.56657069828804651    3074
648 8082.2437174475653592       0                      3079
649 8081.9413956522612352       0                      3084
650 8081.952327573495495        0                      3088
651 8081.9342344154983948       0                      3093
652 8081.9210796729976209       0                      3098
653 8082.0535500469295584       0                      3102
654 8095.6536503195729892       0                      3108
655 8082.0538271082214123       0                      3112
656 8083.3138093172483423     313.85657172021541328    3117
657 8081.9201433881307821       0                      3122
658 8081.9263538961313316       0                      3126
659 8082.0605240419326947       0                      3132
660 8082.0107976009630875       0                      3136
661 8097.9877795830198011       0                      3141
662 8083.2234593421708269     315.49879511817294997    3146
663 8081.9174166122093084       0                      3150
664 8081.9834165275724445       0                      3155
665 8085.0756105272785135       0                      3160
666 8098.178307475704969        0.42232486632950899663 3165
667 8083.2790564032129623     314.94781018048644228    3170
668 8082.2165351934072532       0                      3175
669 8081.9244138056992597       0                      3180
670 8082.2069709238639916       0                      3184
671 8081.9151187665493126       0                      3189
672 8081.9443162809620844       0                      3194
673 8083.0507677091200094       0                      3199
674 8083.3039722126050037       0                      3203
675 8097.7311362085056317       0                      3208
676 8083.3246140088049287     314.12677099351111565    3213
677 8081.9291167664432578       0                      3217
678 8082.0058239137642886       0                      3222
679 8082.2590369948247826       0                      3227
680 8082.2857440250681975       0                      3233
681 8082.7542157239631706       0                      3238
682 8082.9199913934398865       0                      3242
683 8083.9730404901674774       0                      3247
684 8082.1703909955294876     331.97235854717024495    3252
685 8100.0341921286581055      26.708471797543914761   3256
686 8100.5510215083950243       0                      3261
687 8082.0116534082471844       0                      3266
688 8081.9297570470225764       0                      3271
689 8081.9279213049476311       0                      3276
690 8105.6928243059928718      46.232043750560350759   3280
691 8105.7604695872769298      46.797743103765604644   3285
692 8083.25622527849373       315.51865252019234731    3290
693 8082.2410278913048387       0                      3294
694 8081.9154192493651863       0                      3299
695 8082.7539312078697549       0                      3304
696 8081.9232720738136777       0                      3308
697 8082.2243266756640878       0                      3313
698 8081.9857452774949707       0                      3318
699 8084.013172403129829        0                      3322
700 8082.1675192900283946     332.80885166625824922    3327
701 8097.7695151510961296     387.99470725237841862    3332
702 8106.0049552942018636      98.724122657220505062   3336
703 8095.444003561390673        0                      3342
704 8095.5013460333793773       0                      3346
705 8084.0703315634882529       0                      3351
706 8083.7375824833925435       0                      3355
707 8082.1808325183956185     329.42542124790526259    3360
708 8081.9211737546747827       0                      3365
709 8081.99177415324084         0                      3369
710 8081.9335725211622048       0                      3374
711 8081.9469002222749623       0                      3379
712 8081.9164449962099752       0                      3384
713 8081.9321344942090946       0                      3388
714 8082.7535575608608269       0                      3393
715 8085.0793129186376973     339.91210255643528626    3398
716 8082.9223788947847424       0                      3402
717 8098.4929343164376405       0.00038754422026928656 3407
718 8099.4515493852704822       0                      3412
719 8092.2190712344727217     136.33727439071930121    3417
720 8081.9799817968651041       0                      3422
721 8081.972853846502403        0                      3426
722 8081.9188346712762723       0                      3431
723 8082.1776340785127104     332.83032668825097744    3436
724 8083.9899556892496548       0                      3441
725 8088.3583218086714623     111.28630033934832966    3445
726 8082.197966230774         330.60500816893062392    3450
727 8082.1631222968335351     334.46300289135194816    3455
728 8099.1112298212892711       0                      3459
729 8098.6144746434365516       0                      3464
730 8085.9557490085744575       0.06276466272828119808 3469
731 8082.194698556532785      328.88315468904676209    3474
732 8081.9226007462784764       0                      3479
733 8081.9171294087445858       0                      3483
734 8081.915516104035305        0                      3488
735 8081.9888256743861348       0                      3493
736 8088.3466713316001915     110.62594974791473135    3498
737 8082.1870122199479738     332.86383472362217617    3502
738 8082.166148232764499      331.70201113351868116    3507
739 8099.6903862145372841     356.52287090417996751    3512
740 8110.2412859935084271     233.80688360835901562    3516
741 8081.9234840269755296       0                      3521
742 8081.9172030415002155       0                      3526
743 8081.9506722852647727       0                      3531
744 8081.9155207554531444       0                      3535
745 8081.9191948144507478       0                      3540
746 8082.9234475227231087       0                      3545
747 8081.9193173883704731       0                      3549
748 8082.1636453991786766     333.09223647733989537    3554
749 8098.3801576091263996       0                      3559
750 8099.3413331371084496       0                      3563
751 8081.9198844333022862       0                      3569
752 8099.3016055101907114       0                      3573
753 8081.9163619098035269       0                      3578
754 8081.9162248666279993       0                      3583
755 8082.0224145480606239       0                      3588
756 8087.4696957661481065     133.88784385714109249    3592
757 8082.5287687067966544     359.22947743355035755    3597
758 8082.4929041814511947     357.97956503492900993    3602
759 8082.78521707735581         0                      3607
760 8098.8007587290212541       0                      3612
761 8101.9456335699524061      29.889795529900052173   3616
762 8081.918787448207695        0                      3622
763 8098.8527327837791745       0                      3626
764 8100.4667381274648505       0                      3631
765 8081.9191705067687508       0                      3636
766 8081.9429209166828514       0                      3641
767 8088.3138388602483246     111.14183705929168866    3646
768 8106.4398027362058201     120.47054777315035778    3650
769 8097.861812496166749      376.65729905755534901    3655
770 8081.9206495070911842       0                      3660
771 8081.9907422604774183       0                      3665
772 8098.5435478943472845       0.00013507699232130491 3670
773 8098.3771273498441587       0.00191797180179903957 3675
774 8082.1946985565373325     328.88315468904676209    3679
775 8081.9268935123054689       0                      3684
776 8082.0240816926998377       0                      3689
777 8082.7975031451569521       0                      3694
778 8081.9973873694079884       0                      3698
779 8083.9971784219869733       0                      3703
780 8084.0172126529141678       0                      3708
781 8084.0227669235846406       0                      3712
782 8099.5990560386162542       0                      3717
783 8094.6251058857333192     355.13439613233498449    3722
784 8098.8816095008623961       0.00011108286668391252 3727
785 8081.9917741532453874       0                      3732
786 8100.8823260544641016       0                      3736
787 8103.9753969542553023      44.295563928464730452   3741
788 8098.1664945224574694       0                      3746
789 8081.9438694486516397       0                      3750
790 8082.9225979244638438       0                      3755
791 8082.9527314884117004       0                      3760
792 8102.6043977989575069      32.032996479026365932   3764
793 8100.1923129928527487       0.00005363840423305911 3769
794 8085.2116251157776787       0                      3774
795 8082.9484890410913067       0                      3779
796 8082.1720281186780994     333.95146206974601455    3783
797 8083.5063846457287582       0                      3788
798 8083.9888614348865303       0                      3793
799 8088.3225361445511226     111.64644903179197399    3797
800 8083.4318791422310824     299.58820172437458496    3802
801 8083.0007325325213969     322.15116088678820461    3806
802 8105.4602738039338874     120.78244817333637684    3811
803 8100.8252011641570789     402.53149104346181275    3816
804 8106.7934449091771967       0                      3821
805 8082.7946813253811342       0                      3826
806 8082.7921653513258207       0                      3830
807 8082.1973674771825245     328.33240409220741185    3835
808 8082.5097478200668775     360.632477104063355      3840
809 8084.0165625339195685       0                      3844
810 8086.6587458990470623     127.49939333811731501    3849
811 8099.3520388311862916       0                      3854
812 8103.1881116342810856      29.850019669643558018   3858
813 8082.1625053116522395     332.53839088270393631    3863
814 8082.9349165642170192       0                      3868
815 8081.9912796822918608       0                      3873
816 8082.0178688908936238       0                      3878
817 8083.9952070911176634       0                      3882
818 8083.9929471824361826       0                      3887
819 8100.4047762288064405     365.7544339993446556     3891
820 8107.4381028778934706      98.408628118085616165   3896
821 8081.9478888255962374       0                      3901
822 8082.780377877965293        0                      3906
823 8083.6263736010196226       0                      3910
824 8100.2298976283855154       0                      3915
825 8100.9992312228769151       0                      3920
826 8100.3050247402570676     359.04629849689649745    3925
827 8081.9206835495597261       0                      3930
828 8081.9194838771300056       0                      3934
829 8082.9225881520123949       0                      3939
830 8113.2557988969338112     293.76491077367717253    3944
831 8100.3772346183359332     359.7088029913982723     3948
832 8085.2044692585714074       0                      3954
833 8100.4961415673406009     356.84043711986402059    3958
834 8081.9480346852324146       0                      3963
835 8099.4571543652400578       0                      3968
836 8082.9482133359324507       0                      3973
837 8103.0925309088888753      29.887602152699013658   3977
838 8085.200820693251444        0                      3983
839 8085.2034795436265995       0                      3987
840 8104.9676275136916956      49.922187695115731287   3992
841 8082.9247527445622836       0                      3997
842 8082.9206324697279342       0                      4002
843 8082.7986017235534746       0                      4006
844 8082.8074499038139038       0                      4011
845 8083.9966952259455866       0                      4016
846 8100.0863525104214204       0.00498732221113636163 4021
847 8100.314325000061217        0                      4025
848 8081.9195003569848268       0                      4030
849 8083.9843793784175432       0                      4035
850 8083.9841287306526283       0                      4040
851 8099.3669521159336          0                      4045
852 8081.9953417875658488       0                      4050
853 8082.8264022583061887       0                      4054
854 8082.8412674701457945       0                      4059
855 8082.016074004975053        0                      4064
856 8084.0126732774870106       0                      4068
857 8099.5193926018273487     377.64859951276037009    4073
858 8107.4854201248026584      98.444588185611920039   4078
859 8099.438521370102535        0                      4083
860 8082.8032492598604222       0                      4088
861 8082.8036842120418441       0                      4093
862 8085.1902865283245774       0                      4097
863 8085.1967691812751582       0                      4102
864 8102.1587493912611535     364.9842638122914309     4107
865 8105.0297547417922033     100.54540689528380426    4111
866 8082.9633699621499545       0                      4117
867 8099.3520388311881106       0                      4121
868 8099.4385213701452813       0                      4126
869 8081.9186758322175592       0                      4131
870 8082.7558430909612071       0                      4135
871 8083.6246737978426609       0                      4140
872 8100.380848958140632        0                      4145
873 8101.0805993913363636       0                      4149
874 8081.9191705067632938       0                      4154
875 8082.0152773803893069       0                      4159
876 8100.1923129928618437       0.00005363840423581717 4164
877 8082.80106074935793         0                      4169
878 8082.017206981234267        0                      4174
879 8083.9933251506845409       0                      4178
880 8085.1908267250810241       0                      4183
881 8100.9625481225557451       0                      4188
882 8101.3294710022692016       0                      4192
883 8082.1613274428182194     332.23394583497565691    4198
884 8088.3112017078110512     110.63846833698090677    4202
885 8088.3266822002269691     111.15436506187459997    4207
886 8083.467807919574625      299.10737233434468862    4212
887 8101.350563315778345        0                      4217
888 8100.9477408673101309       0                      4221
889 8081.9447176600388048       0                      4227
890 8099.3003318197261251       0                      4231
891 8099.2351822094333329       0                      4236
892 8082.8053453164893654       0                      4241
893 8083.9926486939375536       0                      4245
894 8084.8576839513652885       0                      4250
895 8100.1234515854612255       0                      4255
896 8100.2628515419346513       0.00094629384415071609 4259
897 8099.4359241780875891       0                      4265
898 8099.4385213701016255       0                      4269
899 8085.195242668980427        0                      4274
900 8082.8022053214581319       0                      4279
901 8084.8821292532138614       0                      4284
902 8085.217795833670607        0                      4288
903 8085.9269935267257097       0.09903046439053024563 4293
904 8108.2432105342086288     125.0154099537318757     4298
905 8099.5664728648898745     377.37869551716278238    4303
906 8081.9904444413541569       0                      4307
907 8082.8023188047482108       0                      4313
908 8081.9444901388505968       0                      4317
909 8082.5210466427379288     358.04502071481181247    4322
910 8086.6460843988606939     126.25655311042001472    4327
911 8083.9981952815278419     343.6118010938516818     4331
912 8092.123565482851518      137.1892518365297633     4336
913 8092.1592595925158093     137.42191071391408741    4341
914 8083.9783152727914057     343.38869864967551848    4345
915 8099.6477193622285995     376.75824275059454749    4350
916 8108.1973958535018028     108.39764333450581546    4355
917 8089.0804029085311413     2281.474524836738965      4360
918 8082.9375498456420246       0                      4365
919 8099.1690624529383058       0                      4369
920 8085.2231384034339499       0                      4374
921 8081.9929714388799766       0                      4379
922 8082.1974816354895665     333.43943852942089734    4384
923 8082.4954242079738833     358.87015193793848766    4388
924 8086.6461067866357553     126.43516629327585576    4393
925 8113.0877290025546245     270.69093284315300707    4398
926 8100.4325486675097636     359.34193249570108719    4402
927 8092.1337129187822939     137.22791651817487946    4407
928 8083.626684851184109        0                      4412
929 8081.9164202459787703       0                      4417
930 8081.9193024226451598       0                      4422
931 8083.960902256357258      323.47199655523081674    4426
932 8087.4858071241051221     133.64807446020159887    4431
933 8099.4831789976560685       0                      4436
934 8103.9162524991643295      36.403691552075272853   4441
935 8082.1612705532761538     331.68064025877936274    4445
936 8099.4831789976433356       0                      4450
937 8083.6587196274294911       0                      4455
938 8081.9206495070820893       0                      4460
939 8083.6583176145040852       0                      4465
940 8082.7814732486795037       0                      4469
941 8082.9489513204553077       0                      4474
942 8082.7579632074566689       0                      4478
943 8107.661797531330194       98.717874753468834115   4483
944 8100.6814525887166383     341.34741535730074702    4488
945 8099.334425245939201        0                      4493
946 8081.9513336660083951       0                      4498
947 8082.7533523686151966       0                      4503
948 8083.4797694857697934       0                      4507
949 8084.0130638181562972       0                      4512
950 8101.4643373452545347     392.37678477444018199    4517
951 8105.6918590594887064     121.82053565845359344    4522
952 8082.9564860251775826       0                      4527
953 8099.3041473292432784       0                      4532
954 8099.3691974917528569       0                      4536
955 8082.8036507160504698       0                      4541
956 8084.854596975844288        0                      4546
957 8100.1190590130518103       0.00378249432365560532 4550
958 8101.1152055648226451       0                      4555
959 8081.9206835495560881       0                      4560
960 8082.9244004444226448       0                      4565
961 8099.2529857105437259       0                      4570
962 8083.9929198818872464       0                      4575
963 8086.6436850202144342     125.5538951505042462     4579
964 8083.3536415122462131     346.07680857651814677    4584
965 8107.4560193601482752      98.416885975552958143   4589
966 8099.5499080850022438     377.43263094189160256    4594
967 8082.8281946579645592       0                      4599
968 8101.3796906254119676       0                      4604
969 8100.2440385494137445       0.00000011809009644486 4609
970 8082.7553443563374458       0                      4613
971 8083.0093909940869707     322.9962376806608404     4618
972 8082.1723429173352997     334.79012136250503318    4623
973 8089.1598723677543603     118.63770848844372097    4627
974 8083.9839121741160852     341.07106986769906598    4632
975 8092.1451496778936416     136.80514573626732044    4637
976 8100.1774087227058772       0.00022593122918631754 4641
977 8100.3121786474657711       0                      4646
978 8100.4417012039175461       0                      4651
979 8081.9292845302197748       0                      4656
980 8082.7671737826785829       0                      4661
981 8082.781601057028638        0                      4666
982 8108.4562411256429186     108.38911579444872757    4670
983 8099.5064856886492635     375.25008126728044999    4675
984 8081.9319085291381271       0                      4689
985 8083.6554358316798243       0                      4697
986 8082.1901625482769305     332.58070078198488773    4703
987 8084.8234623888529313     346.2812104827451094     4708
988 8092.1412482571267901     137.6962312372764643     4712
989 8093.0231584565171943     151.45506181548856262    4717
990 8083.9756112238474088     342.11337139171200761    4721
991 8105.8790604611085655     107.54573500643002149    4726
992 8100.7160374036266148     403.53496172351043469    4730
993 8081.9171255172268502       0                      4734
994 8081.950947236610773        0                      4739
995 8101.0472721725727752       0                      4743
996 8081.9444769443598489       0                      4748
997 8099.3841893816788797       0                      4752
998 8082.0149536248318327       0                      4757
999 8082.8300586163531989       0                      4761
1000 8082.0268378336377282       0                      4765
