1 10211.018693008742048      93099.747234520415077      5
2 10479.639932180009055      73297.106671369008836      10
3 10002.75400164214625       113067.33806982825627       14
4 10319.235443260689863      95078.898350647607003      19
5 10417.592839097071192      94680.522404380259104      24
6 10420.100164661715098      95944.576540578869754      28
7 10180.375099847711681      50439.618723575418699      33
8 10162.951748145284         17140.663708966196282      37
9 10176.502687691081519      26814.398007540832623      42
10 10170.764139040125883      20987.570497598109796      47
11 10173.073600148336482      22246.879542865099211      52
12 9975.3852440784303326     22387.846033294732479      56
13 10172.292603359472196      22559.371922981175885      61
14 10171.480514257715186      21507.145601377276762      66
15 10494.921238929911851      42551.901498059371079      71
16 10361.794799420744312      23258.606646488362458      75
17 10265.293253145206108      155030.86637234929367       80
18 9827.5046454883813567     14288.27579562054234       85
19 9027.8774200497737183     2803.9200087135213835     90
20 9077.3072392355861666     5432.3273822968621971     94
21 9427.4357797161937924     232147.67300683289068       99
22 9278.4954732047244761     36201.207213588364539      104
23 9288.6902974294753221     6485.4108715992815632     109
24 8793.7568248522675276     3220.7752298987725226     114
25 9171.4838204274219606     80794.436505591249443      118
26 9460.539260918065338      2269.1288996758021312     123
27 9026.7992731528283912     3374.3593972219500756     128
28 8955.342790468595922      7481.7813054832477064     133
29 9101.9685051329470298     15965.276323257980039      138
30 9097.136161257243657      19173.302961948185839      143
31 9022.2701660699640343     4599.1939825535910131     148
32 9455.1724722933286102     306.50300585355142857    153
33 9588.997883548388927      447.50685521074302642    157
34 9127.6480172212595789     12554.685677775623844      162
35 9122.3022139622771647      75.361148818484480216   167
36 9279.6052554040434188     271.39619235276171594    172
37 9442.9116206997441623     19197.411675626695796      176
38 8819.6809276551866787     1661.1457363672466272     181
39 9336.6271069025060569     686.4088267504741907     186
40 9105.1554786792548839     415.69745633655270467    191
41 9437.1002856682152924     993.40964430806445762    196
42 9399.4540098136003508     392.1915343711340256     200
43 9427.7892168546786706     505.97790160236883139    205
44 9258.9354934456532646     394.6849419847562217     210
45 9590.8991818674912793     529.08760588021345939    215
46 9154.3844776635269227     495.15861585688401192    219
47 9557.7359735594400263     699.58750840024879381    224
48 8960.5841967937285517     770.88207045309366094    229
49 9555.2971085876033612     177.38168440245237889    233
50 9418.3694559907780786      38.742125880921975067   238
51 9589.2979391467233654     442.97595922013306335    243
52 9458.1701337317281286     212.75695129793055571    248
53 9172.4674426116125687      63.943588385003231167   252
54 9417.83506432894319       220.81438100107445166    257
55 9418.8489355320980394      72.77418346228604662    262
56 9262.2012545974685054     536.0341353184755917     266
57 9425.1449136597475444     179.87298824642101636    271
58 9113.5797283893571148       1.8198787501908277875  276
59 8538.1481139508014166     766.94046782027919562    280
60 8279.8406258946706657     6988.4585992436877859     285
61 8763.1068367812331417     8915.6419226591115148     290
62 9428.6667101096190891     1145.6171187711038328     294
63 9418.7647847844909847     172.16654919970557103    299
64 9504.6559650207891536     175.09829720346650106    304
65 9273.562173600146707       15.916156166589455978   309
66 9417.1578543789219111     229.64452658364476179    313
67 9423.9319645519863116      96.507209993022584626   319
68 9104.2382998799057532       5.0978723317868732678  324
69 9337.0961614011976053     924.33580764111127337    329
70 9261.4045835688575607     257.44925564247313332    334
71 9049.352035845262435      346.18600691926206991    339
72 9939.3991686029130506     1022.9839396810681365     343
73 12271.688537982383423      4715.5236394492740146     348
74 8596.9365698725832772     448.20899778179057193    353
75 9158.780186060397682       27.474491838280712841   357
76 9114.6384266809054679     588.92191791695120173    362
77 9119.2516913188501348     199.63498051551121648    367
78 9427.0462923067279917     4032.5249212001290289     371
79 9534.9151741231744381     533.54800983972006634    376
80 8758.1972788747734739     8344.644627165644124      381
81 8844.4169022040659911     539.28757401889890843    385
82 9099.5201762251763284     426.53039614856010076    390
83 9003.7724928955685755     392.39056391085932773    395
84 9110.5446658273958747      36.429462134778432869   400
85 9114.1958569983125926     639.04922141180691142    404
86 9177.3627954476287414     589.42911320796793007    409
87 9028.5896749598323368     11566.597481419830729      414
88 9034.7637913079888676     412.04488067088470871    418
89 8975.7518798057371896      11.308183596687149119   423
90 9115.9011931563873077     566.79147625913412867    428
91 9297.6092391112324549      35.792371298800958357   433
92 8736.0340968444907048     2370.1114803539071545     438
93 8999.1452523149746412     2083.4338094400491173     443
94 8939.4839584749097412     216.13807419442773039    447
95 9210.3312556222335843     272.2542571436910066     452
96 9185.4477829584066058     869.56843355195087497    457
97 9158.8422221779273968     1315.0298709178684931     461
98 9187.3248137235823378       2.5244354241756932211  466
99 9243.486001503708394       30.676209984945863596   471
100 9110.877123294847479        7.7459802779546587104  476
101 9112.5717069316451671       3.7004784900885989707  480
102 8986.7303432448443345     1360.4165849583712316     485
103 9138.7637346073752269     374.52744324985098956    490
104 9060.0665006879698922     416.6771164108434391     495
105 9033.3642797662596422     320.39472622651794609    500
106 8897.7083779367530951     198.98548844283374137    505
107 9274.1232913303865644     414.89769083670904593    510
108 9116.6562474076854414      40.991104064790718553   514
109 9108.3967563814585446       1.8443013701449266772  519
110 9112.2465016090354766       1.8084654293302757644  524
111 9108.2631675876491499       1.7741824921948772253  528
112 9121.2738890351101873       1.6288986799952558382  533
113 8796.669446864969359      275.80736473258451724    538
114 8772.2587159284648806     294.51670957636889625    543
115 9223.2150397048026207     249.90781603873369932    547
116 9217.1732583404682373     197.23550611810614441    552
117 9213.1520691297973826     842.91062156801103811    557
118 9186.4519764876367844     293.46168512083596625    562
119 9144.0007579114535474       0.03150701115985374279 566
120 9001.8204716325853951       7.0374672463197320837  571
121 9117.4137867361096141      17.143040220002291107   576
122 9156.4174298425805318       0.1431924469168411318  580
123 9195.4487504742573947       2.5374858343067958621  585
124 9199.6609397732627258     459.34819087791152015    590
125 9114.4478437054003734     196.15097690074961179    594
126 8824.4210047875585587     715.32124862616922201    599
127 8782.2771384352108726     430.59677423531655904    604
128 9226.4611924218334025     467.26414724741965756    609
129 9134.0144955238483817      11.019671110032314587   613
130 9077.1380446918719826       0.10755130279049048003 618
131 9104.4534440630559402      69.02011105900550092    623
132 8583.3369993105279718     383.63397324798199861    628
133 8864.4123892431198328     290.98258424883368889    632
134 9234.0410306702251546     458.09418726291795565    637
135 9075.5403098563292588      59.20114219741809336    642
136 8825.3519809310237179      13.551587497478164934   646
137 9080.9172449714114919      75.096673116157916184   651
138 9377.552355219158926       65.699507913308451634   655
139 9136.7616388281221589       0.10764669939638936424 660
140 8941.1412242694768793      14.37127098884340981    665
141 9145.8760559620150161      21.217643828426467678   670
142 9078.4925983188131795     326.02980408422041592    674
143 9265.1135718313180405       0                      679
144 8479.556985153361893      165.19355379510179205    684
145 8480.3250295245034067     166.25350484823704278    689
146 8475.9286929450900061     163.19930996926652256    693
147 9627.0305751688938471     285.70789650669740922    698
148 8711.7071548364947375      11.443461544616933878   703
149 9015.6104946488703717      46.072318747461423527   707
150 9017.4330370530078653     1218.1103035431722219     712
151 9081.6519271735087386       2.869837233257135356   717
152 9088.0165504672349925       9.2922261746722867315  721
153 9168.8809098978126713       0                      726
154 8943.3507006793297478     171.78158180173116421    731
155 8365.2573289952742925     1892.0162145853071252     736
156 8410.6158879783652083     10133.486513609313988      740
157 8340.1347235603261652     1626.8644766236036503     746
158 8699.1708324101855396     16922.647684405459586      750
159 9619.931804536110576      406.98445058787461903    755
160 8849.5016792189690022      12.940353646322924064   760
161 8993.1106996378257463     464.18141024449266752    764
162 9115.7333751585792925     245.83501307448025841    769
163 9388.1740018734526529       0                      774
164 9437.5495916897507414       9.1941395726589671966  778
165 8831.5251934984189575       0.11125579210589911505 783
166 9012.75332866476856       206.56192094645359703    788
167 9002.0700912888223684       5.468171968947959094   792
168 9076.0153553436466609      33.375320224748833198   797
169 9270.1036169899489323     419.4650092973606661     802
170 9067.3433478592487518     3824.5599994071053516     806
171 9153.5287308210135961     491.58698821824481229    811
172 8942.4048448006324179     172.67849128206520959    816
173 8615.0082354968890286       8.3961189261170350306  820
174 8623.7635910268345469       3.0484228897747107645  825
175 8677.9608189628343098       4.1956134684982702154  830
176 8726.4707333749993268     109.46014963106529194    835
177 9047.1195377397343691     244.4029656027482531     839
178 9246.2495321568894724      59.204926618683401784   844
179 9184.8197253656962857       0                      849
180 9064.7067797772870108       2.6125861436936768101  853
181 9011.5209353899335838       2.8882983598764906397  858
182 9219.0470294130318507       0.62572912534767188841 863
183 8947.3710538826017          5.7093052342816417166  868
184 8997.684494347708096        8.153506291869447864   873
185 9079.4399875025737856       0                      877
186 9122.6354742510611686     8958.0681176785146818     882
187 8645.9628154325382638     554.22986080341422621    887
188 8654.2488422638816701     891.41010505446047318    892
189 8620.5929619672042463       4.3595239504342737646  897
190 8654.6720798599344562     250.58625575411988962    901
191 9190.5091341497281974     348.0417731635498626     906
192 9250.4056995499195182      58.186485349034363423   911
193 8947.3152257813399046       0.11161754451459000859 915
194 9189.3582346363964461      13.186522132423904807   920
195 9397.5639522862256854     188.74584530648834857    925
196 8941.2315747287557315      81.724702116286451314   929
197 9082.9147194291399501      17.371040822914750379   934
198 8959.7937072178392555      13.957230798515332992   939
199 9085.6028909242013469     330.66921683518006603    944
200 9129.2153580138183315       0                      948
201 9338.2073099658482533      17.611710290523433287   953
202 8908.0403576680764672     236.17888512213369268    958
203 9276.8806342256848438     244.68004497476505321    962
204 9183.2675775000534486      72.825539617841670292   967
205 8819.2848071431781136     321.63156014604720667    972
206 8803.8261792516259447     193.33779699973985089    977
207 8804.9259616958952392     174.2115689996560377     981
208 9135.9522453849458543     292.32934309612755897    986
209 9194.7180526333067974      72.802280280742891705   991
210 9078.9927936689309718       0                      995
211 9075.7646824459297932       1.9231989558909150517  1000
212 8578.4964453446427797      38.344331933345259245   1005
213 8697.2612179048846883       0                      1010
214 8227.9117315767398395     178.53030075668382892    1015
215 8630.5233441105901875       7.464050290973043289   1020
216 8667.1200190782255959       3.1200534424473360673  1024
217 8595.7006784392324334      29.557959047906972927   1029
218 8565.4982951941183273      12.200226549121174102   1034
219 9658.2687426996744762     534.68627637978659095    1038
220 8839.3967777522102551       0                      1043
221 8949.4476947851289879       0                      1048
222 8482.5601625985873397      16.982450269536343512   1052
223 8587.2199552781275997       0.94992792376088064366 1057
224 8594.074796980343308      302.33765020256362277    1062
225 8693.5065170393245353       3.2177993368152320031  1067
226 8824.1184329186162358       0                      1071
227 8873.1836373220394307       0                      1076
228 8702.3824072808856727     119.23690534467087332    1081
229 8714.1085956542192434      11.696519251927393057   1085
230 9575.9311605767616129     125.09516922759543434    1090
231 8396.1931214176256617      33.444693471142322494   1095
232 8686.8307614691202616       0                      1100
233 8208.6743049779470311     242.0937344903368853     1104
234 8217.5287868231571338     176.2577675277547371     1111
235 8583.3423610380705213      35.793536861375400804   1116
236 8479.4624704951547756      16.691315445831698128   1121
237 9185.2862056242647668     274.40624955823795972    1125
238 8726.1134536713652778       9.1828630164852231843  1130
239 8808.2750418200885179       0                      1135
240 8816.6423116161749931       0                      1140
241 8496.3494199708329688      16.50646676540087654    1145
242 8705.5591760257811984       0                      1149
243 8935.6827230028520717       3.2856420642829657908  1154
244 8403.2585330713554868      20.548764514572784634   1159
245 8482.686285582205528      1075.3254791565891537     1164
246 8598.7487826556134678     4857.1581744157301728     1168
247 8692.070946322666714       57.565530914108741456   1173
248 9592.6876594501954969     106.20178155559062816    1178
249 8502.6461666712293663     378.08041819987113286    1182
250 8327.3926641544330778       0                      1187
251 8368.315297428640406      1599.7395661838925207     1192
252 8213.7440720974955184       0                      1197
253 8412.2458665605136048     754.12458511413819906    1202
254 8142.4363451125682332       0                      1207
255 8900.0557606257752923     5142.5424683161263602     1211
256 8098.4182034038649363     162.07370321555490023    1217
257 8092.5449704738812216     131.51737088193470981    1221
258 8835.6172828983908403     7074.03830111588195       1226
259 8149.0373363328581036     6223.8623775072564968     1231
260 8359.4421917820363888       0                      1235
261 8474.7334226501552621       0.83576576453226714136 1240
262 8620.4404677590646315       0                      1245
263 8172.6995164165618917       0                      1250
264 8146.6247212532407502       0                      1255
265 8130.1014090961907641       0.0081920444728031238  1260
266 8415.1746572889533127      44.523750968702167086   1264
267 8207.7946413261197449     1190.3178025645954676     1269
268 8157.3609091057087426     7889.3914980711306271     1274
269 8164.5904553901109466     9126.1584246585807705     1279
270 8266.1025265938951634     226.97960454779419592    1283
271 8268.817438294452586      516.44525936601019112    1288
272 8129.0724512536708062       0.16580101809736180751 1293
273 8439.6212990355834336       0                      1298
274 8139.2652838067642733      17.781297739363495225   1302
275 8476.3735914220487757     665.79631391351449565    1307
276 8664.3531690644249466     1265.7060616005901466     1312
277 8215.1344814697222319     1416.993926764544085      1317
278 8160.5462307060442981     1049.3655272583903297     1321
279 8554.1914958736288099     627.88550458137933674    1326
280 8608.1510584993538941     37963.495701928040944      1331
281 8766.9142350024394545     11666.191278398249779      1335
282 8255.7628023211364052     1080.7274888126212318     1340
283 8092.4427652580725407     139.51697136524086318    1345
284 8086.8731114749780318       0                      1350
285 9103.5353256147809589     297.36263302468961456    1355
286 8090.5865053077022822       0                      1360
287 8091.232296073573707        0                      1364
288 8116.8273866847312092     104.8891507615492884     1369
289 8115.3695593845577605      91.217981648202226097   1374
290 8171.669584037345885       36.479160837290002917   1378
291 8271.0892961627032491      73.819958415632925153   1383
292 8095.9514061640120417       0.05814010423694849355 1387
293 8202.7655495973795041     158.80151747317856348    1392
294 8426.0555187416575791     434.26024505473662884    1397
295 9283.3390573306278384     821.33128053861651097    1402
296 8160.6621145019335017     484.45778428623651735    1406
297 8128.8690820749570776     5785.9312537063660784     1411
298 8197.2332142212344479     594.2224008850997734     1416
299 8712.695806771507705      8889.2190798132869531     1421
300 8820.9502723749483266     5854.9203521014414946     1425
301 9008.5250445230631158     1716.4859366489065451     1430
302 8594.9618298951991164     799.98369988820877552    1435
303 8094.883913451936678        4.7708623726291579104  1440
304 8094.8237797228375712       4.6685563844649617948  1445
305 8204.858883185464947       62.342960003204645147   1449
306 8087.0182256174666691       0                      1454
307 8176.5772577991328944       2.309107973084443266   1459
308 8337.7955707716064353       0                      1463
309 8108.6772956033655646       0                      1468
310 8284.5567306190023373      17.664392044068762289   1473
311 8088.018829665240446      355.55968575852563163    1477
312 8109.5252769144426566     107.45239593234173014    1482
313 8102.9912007782932051     288.82749233027715263    1487
314 8139.6429836403995068       0.69953042743392712666 1492
315 8135.9106494112047585      30.789391360222651883   1496
316 8093.2155139762053295       0                      1501
317 8157.4331313171041984      50.757602609034613295   1506
318 8434.2824342040676129     1277.4272963640710259     1510
319 8131.6255604397165371     12360.879806925067896      1515
320 8131.5729936495272341     12333.123824340818828      1520
321 8170.3243321636182372      47.555214960881485808   1524
322 8262.1036981668876251      62.6929842375754518     1529
323 8088.7402046231009081       0                      1534
324 8096.0728994835908452       0.77690887578824230353 1539
325 8147.8858720532452935       0                      1543
326 8086.6398621252565135       0                      1548
327 8086.6456504797097296       0                      1553
328 8125.4084826261769194     3814.8462810419700872     1558
329 8191.9359151077278511     5214.6625566346247069     1562
330 8322.3706032239369961     1060.8594804251672485     1567
331 8148.0783824025102149     761.136659937424497      1572
332 8180.4621833646060622      72.058410272030968713   1577
333 8201.7461860645180423      95.47700629929673255    1581
334 8097.3564647634948415       0                      1586
335 8093.0394153939705575       0                      1591
336 8149.8277337207764504       0                      1596
337 8095.8835680171459899       0.79331844204178092461 1600
338 8097.1262293509480514       0                      1605
339 8136.516770101578004        0                      1610
340 8093.6146211239738477       0                      1615
341 8216.7314769860950037      44.770558334600700334   1619
342 8096.2725188988888476     131.74525275876681008    1624
343 8154.405358233510924        0.25795454081668806046 1629
344 8125.1046916737068386       1.0566388033159521687  1634
345 8118.0631554863093697     1129.3833586109055886     1639
346 8122.6407462904417116       0                      1643
347 8100.5822750074075884      49.068218841649546391   1648
348 8119.3261773033982536     286.46139779931269231    1653
349 8139.0798025240392235     103.00592934183168836    1658
350 8209.8848413773230277      75.141114338178709886   1662
351 8092.2391253135210718       0                      1667
352 8089.4747771131742411       0                      1672
353 8089.047542503933073        0                      1676
354 8088.7474043434158375       0                      1681
355 8093.169332162835417        0                      1686
356 8088.2664575348608196     574.00013061446475149    1690
357 8087.0475356490796912       0                      1695
358 8086.574838408978394        0                      1700
359 8171.3621108135193936      12.731035646682617113   1705
360 8168.3176837560549757       4.4438821425163927969  1709
361 8094.1265750645334265     179.57719202703663086    1714
362 8102.8756685123480565     133.02463931509845452    1719
363 8150.5182111395242828     348.48438202564670974    1724
364 8140.3141415016925748     104.42862854553850127    1729
365 8224.5254214671113004      60.796176112614134013   1733
366 8089.1373826869448749       0                      1738
367 8086.5951532232056707       0                      1743
368 8132.9415193653430833       0                      1748
369 8117.4100289949101352       0                      1752
370 8087.4878274705351942       0                      1757
371 8192.0144110380479106       0                      1762
372 8103.6724206238495753       0                      1767
373 8088.6779099266605044     468.25149327563531187    1772
374 8146.9122735981800361       0                      1777
375 8130.7091099919098269       3.8962706148284178553  1782
376 8098.2698640940561745       0                      1787
377 8169.6786554505088134      16.247843460981599151   1791
378 8191.9965806899990639     831.08491560777929408    1796
379 8093.0931566199915324       0                      1801
380 8097.2110835744160795     165.94480255936204571    1806
381 8145.987903066627041       81.303994353713534338   1811
382 8206.9977772966885823      77.326836804084976507   1815
383 8091.6017868756789539       0                      1820
384 8094.1515577845084408       0                      1825
385 8103.6946807980921221       0                      1829
386 8118.8788582344968745       0                      1834
387 8086.5684586311872408       0                      1839
388 8084.7493668595452618       0                      1844
389 8088.2544040152815796     341.13023892713579244    1849
390 8150.6805143540677818     160.90873199339239363    1854
391 8151.2977351127246948     162.11307327398526468    1858
392 8148.5338197466162455     100.21192962335048549    1863
393 8221.5797986981760914      62.464063825635150806   1868
394 8090.2577298922806222       0                      1873
395 8087.1197101251473214       0                      1877
396 8085.4144695674658578       0                      1882
397 8104.1828398550178463     291.12190339583241894    1887
398 8153.3571386239536878       0                      1891
399 8086.7718133910520919       0                      1896
400 8107.360197556604362      664.25364322617781454    1901
401 8104.0803641484253603      93.463361721639174107   1905
402 8111.0608552182438871       0                      1910
403 8144.5285442142321699       0                      1915
404 8089.1116147412149076       0                      1920
405 8084.0136652032297206       0                      1924
406 8091.8114597215308095       0                      1929
407 8093.2709549734272514       0                      1934
408 8095.7563963860684453     201.32986689705614936    1939
409 8123.7293253526231638     127.06227092310439275    1944
410 8126.6072911571482109     151.08405192884634971    1948
411 8173.8799221539757127     101.13473781949166153    1953
412 8099.1939652639866836       0.01468385980036613844 1958
413 8084.8240821726012655       0                      1962
414 8093.923832394015335        0                      1967
415 8124.6072144422305428       0                      1972
416 8083.949571733317498        0                      1976
417 8083.9015201964430162       0                      1981
418 8082.942015000315223        0                      1986
419 8131.8128642325355031     537.03062394911557931    1991
420 8084.7345231789822719       0                      1995
421 8082.9713896087869216       0                      2000
422 8099.1721509143244475     375.59975052769340209    2005
423 8151.4656419311713762      58.441960275873313435   2009
424 8240.0159444231103407      62.687570091583978638   2014
425 8104.687079743400318        0                      2019
426 8108.0885028179327492       0.50143756864597421874 2024
427 8132.6526189701344265       0                      2029
428 8088.3294769048843591       0                      2033
429 8083.7857762271250976       0                      2038
430 8089.2772318632041788       0                      2043
431 8118.5601302228551504       0.63635869816907586483 2047
432 8083.1719972773062182     359.20810991065809503    2052
433 8085.6447046323210088       0                      2057
434 8130.2350001476133912       0.23016318459873613689 2062
435 8115.5477585086136969     354.30676237772189552    2066
436 8125.5806790008009557     526.21818248506974669    2071
437 8082.0379083275802259       0                      2076
438 8082.0565575169212025       0                      2081
439 8114.1717684801633368     177.37236249913067354    2086
440 8129.6867989191287052       0                      2090
441 8148.3965335191796839      66.083725739082780137   2095
442 8198.5258807508707832      80.495154769409722917   2100
443 8082.0692354640323174       0                      2105
444 8082.1568759239380597       0                      2109
445 8083.0704150856081469       0                      2114
446 8090.5876214134696056       0                      2119
447 8090.4890394686990476       0                      2123
448 8148.5557581712128012       0                      2128
449 8082.2676668534768396     335.76155844126913053    2133
450 8082.8733503523917534       0                      2138
451 8129.6500490140451802       7.0312549623281812572  2142
452 8112.9057298952811834       1.5981365673711478426  2147
453 8084.166339821425936        0                      2152
454 8090.9999524768700212       0                      2157
455 8082.0845199653431337       0                      2162
456 8082.097344141207941        0                      2166
457 8202.1029589665959065     177.12353263431378991    2171
458 8201.4982610283768736       9.7985327238025359264  2176
459 8172.5452781309377315     183.36974228417275867    2180
460 8104.127457580844748        0.73231598960407406906 2185
461 8082.4247080681607258       0                      2190
462 8083.4211815160397236       0                      2195
463 8084.4905759618350203       0                      2199
464 8082.4556667586775802     322.02502056022535726    2204
465 8082.1745667864979623       0                      2209
466 8082.9527208358731514       0                      2213
467 8083.2630551609781833       0                      2218
468 8084.9733445240726724       0                      2223
469 8128.1525469200005318       0                      2228
470 8138.1538006568525816       0.01925014161948889607 2232
471 8082.5846423443763342       0                      2237
472 8123.5699558068463375       0                      2242
473 8117.3075242477752909       0                      2247
474 8082.188018040354109        0                      2251
475 8082.1883851837801558       0                      2256
476 8100.7613673862379073     305.62814090208098605    2261
477 8086.4300180042628199       0                      2266
478 8082.6950756568021461       0                      2271
479 8082.8293734799199228       0                      2275
480 8083.0423347517653383       0                      2280
481 8083.1716451794090972       0                      2285
482 8081.9255313694311553       0                      2289
483 8082.9584197702288293       0                      2294
484 8130.696122909506812        0                      2299
485 8125.6185583325159314       0                      2304
486 8085.9133085129597021       0                      2309
487 8089.3295063139366903     699.92948322958170593    2314
488 8174.7601405848890863     173.81389975683001126    2318
489 8104.076993605143798        0.71855837909981767897 2323
490 8081.9312827479452608       0                      2328
491 8083.8192569621796792       0                      2333
492 8084.0544234309400053       0                      2337
493 8082.4069375079670863       0                      2342
494 8082.8065642895007841       0                      2347
495 8083.1810728623413524       0                      2351
496 8084.2499109481968844       0                      2356
497 8088.5899284300094223     115.57803391041730379    2361
498 8126.3200235866488583     713.53727105161874533    2366
499 8139.0183516421293461      99.58486915739051426    2370
500 8082.0736236809552793       0                      2375
501 8082.101202992051185        0                      2380
502 8081.9845162896808688       0                      2385
503 8136.0203835874526703     1122.8134893608412312     2389
504 8152.411596337082301      1578.3623842371632691     2394
505 8099.6755862469826752     306.73604224829909981    2399
506 8086.4572510614043495       0                      2404
507 8081.9395245300920578       0                      2408
508 8082.0941435075219488       0                      2413
509 8082.3633203597692045       0                      2418
510 8082.7655443799058048       0                      2422
511 8083.3335096606224397       0                      2427
512 8084.0165646514933542       0                      2432
513 8082.4221428996133909     326.23942445469526774    2437
514 8082.8104349448376524     356.94715971146945321    2441
515 8130.7225900652056225      85.128833143889423241   2446
516 8135.1001679320561379     1199.8431198160035365     2451
517 8086.9146299644289684     120.63618572165154319    2456
518 8084.9422061324739843       0                      2461
519 8135.0562597172756796     1362.5679369481488266     2465
520 8084.5715452846143307       0                      2470
521 8082.6017615408864003     346.09732792092967202    2475
522 8081.9641314766058713       0                      2480
523 8081.9205588636204993       0                      2484
524 8081.9155161040516759       0                      2489
525 8081.9891727538897612       0                      2494
526 8084.0540384324258412       0                      2499
527 8083.2854342179953164       0                      2503
528 8129.4555712663222948     614.57607304044017837    2508
529 8129.4053924277941405     616.6209966832345799     2513
530 8082.5644833862243104     344.10766585782715765    2518
531 8081.9652503014640388       0                      2523
532 8081.9913495923956361       0                      2527
533 8082.001804089180041        0                      2532
534 8081.9749573504886939       0                      2537
535 8082.2857440250681975       0                      2541
536 8082.9284146303043599       0                      2546
537 8130.0367950476265833       0                      2551
538 8081.9870893957722728       0                      2556
539 8082.1800779847626472     330.55014612892750847    2561
540 8089.1724191337852972     116.73976107845506078    2565
541 8130.2359895892286659       0.08375691015921551963 2570
542 8082.4305781996235964     348.91279821387331594    2575
543 8084.8040914697648986     305.1387915956473762     2580
544 8082.4672156486712993     341.7750609610951642     2584
545 8081.9924403308741603       0                      2589
546 8081.9242238314909628       0                      2594
547 8081.9476888273929944       0                      2598
548 8082.0195327433875718       0                      2603
549 8085.1726257676928071       0                      2608
550 8130.5684737550045611       0                      2613
551 8081.9444769443489349       0                      2618
552 8082.793987642016873        0                      2622
553 8082.1660826803654345     332.25535806025618513    2627
554 8083.9938658086239229     548.54437996354431561    2632
555 8128.8980881781817516       0.09036192755686980882 2636
556 8088.5236116437017699     105.31907972181932109    2641
557 8083.3952176540296932     338.95348476003954374    2646
558 8082.329234754769459      324.2358701201076201     2651
559 8081.9586534533182203       0                      2656
560 8081.9162248666389132       0                      2661
561 8081.9164449962145227       0                      2665
562 8081.9321502949796923       0                      2670
563 8082.9191081758044675       0                      2675
564 8083.6533586934529012       0                      2679
565 8084.0162617830173986       0                      2684
566 8129.9858679400495021       0.01506032507166228662 2689
567 8130.0663331489577104       0.00122959991312720303 2694
568 8130.0360687340316872       0                      2699
569 8082.0214754507869657       0                      2704
570 8082.0587510652849232       0                      2709
571 8131.0821520815698022       0                      2713
572 8082.315606190581093      323.66679001184485287    2718
573 8081.9206495070948222       0                      2723
574 8081.9264910296687958       0                      2727
575 8081.9973591352663789       0                      2732
576 8082.0148372591220323       0                      2737
577 8082.9435112188975836       0                      2742
578 8129.6606533768845111       0.5032155640314915912  2746
579 8082.2035015306673813     327.81414945372932834    2751
580 8082.8662383081336884       0                      2756
581 8131.9123700357522466       0                      2761
582 8081.9191705067632938       0                      2766
583 8082.2504892093056696       0                      2771
584 8134.6587469794158096       0                      2775
585 8081.9280113483127934       0                      2780
586 8082.7533523686315675       0                      2785
587 8081.9429966318530205       0                      2790
588 8081.9202332678169114       0                      2794
589 8081.9189695995755756       0                      2799
590 8082.1677156827290673     331.14881172054555236    2804
591 8082.0184827692237377       0                      2809
592 8128.7406866316068772       0.12466574595607800291 2813
593 8131.577069909826605        0                      2818
594 8129.7852736052300315       0.11383193321754619953 2823
595 8084.6983509889405468     313.50796405568172531    2828
596 8081.9570642034859702       0                      2832
597 8082.1800779847462763     330.55014612892398418    2837
598 8082.7566924224993272       0                      2842
599 8081.915520755437683        0                      2847
600 8081.9203794707837005       0                      2851
601 8081.9904444413450619       0                      2856
602 8088.3138943076783107     111.46633333930280685    2861
603 8134.2928640095560695     1182.262514111308974      2866
604 8132.7466700468467025      81.602329970176185725   2871
605 8082.0656864413822404       0                      2876
606 8129.7216195090168185       0.00448885590924842127 2881
607 8130.7589470495877322       0                      2885
608 8082.1636453991786766     333.09223647733989537    2890
609 8081.9151187665438556       0                      2895
610 8081.9229484476300058       0                      2900
611 8082.0527559314232349       0                      2905
612 8128.2191174020663311       1.0047786134876797171  2910
613 8082.1625053116522395     332.53839088270393631    2914
614 8081.9163619097989795       0                      2919
615 8081.9188346712671773       0                      2924
616 8082.753557560849913        0                      2929
617 8082.9528777067989722       0                      2934
618 8083.9899556892332839       0                      2938
619 8083.4274912048122133     322.00405945305783462    2943
620 8088.3387562002917548     110.61344823173209306    2948
621 8083.4643193204865383     324.93263151372349284    2953
622 8133.9848421565502576      74.941696577944526325   2957
623 8138.5981544373535144     1634.8428607935993568     2962
624 8086.6428960883968102     125.89801050905950319    2967
625 8081.9193024226551643       0                      2972
626 8129.9662081077594848       0.17405905383772496409 2977
627 8130.7368961246993422       0.22181763893095118867 2981
628 8082.1656623558728825     330.57447237536257489    2986
629 8081.9438694486416352       0                      2991
630 8081.9171294087309434       0                      2996
631 8081.9191705067614748       0                      3001
632 8081.9429209166828514       0                      3006
633 8082.9199913934526194       0                      3011
634 8081.9888256743806778       0                      3015
635 8088.3138388602319537     111.14183705929573875    3020
636 8132.7564888209326455      81.338891785062941153   3025
637 8134.2802632298098615     1179.4240051639944795     3030
638 8082.1723362665907189     332.55979830471932246    3035
639 8081.9286684238149974       0                      3039
640 8130.7469842069331207       0                      3044
641 8129.4286867073315079       0.62170738635368727465 3049
642 8082.017206981230629        0                      3054
643 8081.9945348779692722       0                      3059
644 8082.9484304515362965       0                      3064
645 8132.9327075460068954       0                      3068
646 8083.9843793784148147       0                      3073
647 8081.984760491902307        0                      3078
648 8085.1908267250737481       0                      3083
649 8085.2252683379629161       0                      3088
650 8129.3734820973622845       0.51622752455663456495 3093
651 8088.2336397132994534      79.944232399179540494   3097
652 8081.9155516068603902       0                      3102
653 8129.4651282432059816       0                      3107
654 8129.5313949035080441       0                      3112
655 8082.1627156124595786     331.12748216072372998    3117
656 8082.0135473932496097       0                      3121
657 8082.0216019742956632       0                      3126
658 8136.5433531080216198     106.03635403348306454    3131
659 8081.9858504820631424       0                      3136
660 8083.9861339457511349       0                      3140
661 8084.0130638181699396       0                      3145
662 8084.0256304312842985       0                      3150
663 8085.1954579953608118       0                      3155
664 8129.0941778574597265     684.87711396000759123    3159
665 8088.5521206792491284       0                      3164
666 8081.9172030415002155       0                      3169
667 8128.0737610798041715       0.9977638113114943863  3174
668 8129.3113417391505209       0.53970114495243359798 3178
669 8088.3102320428497478     111.63388668984187291    3183
670 8082.1628485197225018     333.92999809755355045    3188
671 8082.1881997533728281     333.41801848888025006    3193
672 8088.3451717248353816     110.94954751527208714    3197
673 8083.4329018044791155     324.36642933763624796    3202
674 8088.3386459172243121     111.93401827833004347    3207
675 8132.9968185577436088       0                      3212
676 8088.3266083482740214     111.47886509995093718    3217
677 8128.3061239153521456       0.11949467012350452333 3221
678 8135.8201022553239454     106.16313130498690498    3226
679 8131.2866537797690398       0                      3231
680 8082.8352172668846833       0                      3236
681 8085.9325652505531252       0.12489657936654238735 3241
682 8084.0165625339268445       0                      3246
683 8083.9971784219787878       0                      3251
684 8129.5215155995865643       0                      3255
685 8084.2207872193812364       0                      3260
686 8127.0304320397499396       0.88590311602201654573 3265
687 8127.1867015374136827       0.93014872181878771595 3270
688 8129.312630910734697        0                      3275
689 8082.4954242079666074     358.87015193794564993    3279
690 8086.6461067866521262     126.43516629327585576    3284
691 8082.1612705532761538     331.6806402587827165     3289
692 8089.0841999726126232     131.75016791972859664    3294
693 8131.4961584279371891       0                      3298
694 8087.6464618619856992     3596.0550354562169559     3303
695 8081.9713232947970027       0                      3308
696 8127.8883286702512123       1.1110361592830553246  3313
697 8082.7573344911643289       0                      3318
698 8082.7816010570259095       0                      3323
699 8082.9225979244574773       0                      3327
700 8130.2082580696951482       0                      3332
701 8083.6579306213770906       0                      3337
702 8130.2929165379391634       0.00125227759827773138 3341
703 8081.9318451062599706       0                      3346
704 8081.9168212659087658       0                      3351
705 8127.7268186284518379       1.0626712824941715319  3356
706 8081.9206835495442647       0                      3361
707 8082.9234475227231087       0                      3365
708 8082.9522985435587543       0                      3370
709 8082.9540600802374684       0                      3375
710 8130.3367007377310074       0                      3380
711 8081.9194838771300056       0                      3384
712 8130.1614072703414422       0.00553412877555085805 3389
713 8081.9233698682774047       0                      3394
714 8081.9837173263322256       0                      3399
715 8127.2717087987903142       0.99410432492147193795 3403
716 8127.2102029478046461       1.026539894071029746   3408
717 8081.9154192493788287       0                      3413
718 8081.9171255172241217       0                      3418
719 8081.9186758322130117       0                      3423
720 8082.9202199348583235       0                      3427
721 8082.9204963539696109       0                      3432
722 8130.232568367244312      722.95587546083891084    3437
723 8135.2715767890058487      99.875681566719933357   3442
724 8081.9164530493508209       0                      3447
725 8081.9428681556437368       0                      3452
726 8127.567006391810537        1.0153729457030002958  3456
727 8127.2102029478101031       1.0265398940706478292  3461
728 8084.8477956864298903       0                      3466
729 8082.8027899989756406       0                      3471
730 8131.2987505204600893       0                      3475
731 8083.9896928036278041       0                      3480
732 8129.5135891393329075       0                      3485
733 8083.9783152727914057     550.3822947269644601     3490
734 8081.9884437898590477       0                      3495
735 8082.1612705532761538     331.68064025877936274    3500
736 8081.9164202459924127       0                      3504
737 8081.9193024226497073       0                      3509
738 8081.9907422604819658       0                      3514
739 8129.0414267573059988       0.01337905141446618824 3519
740 8083.9862395699274202     550.57433134705422617    3523
741 8083.9933251506708984       0                      3528
742 8093.8168226261323071     366.91252239500903443    3533
743 8134.1057629564729723       0                      3538
744 8081.989290927809634        0                      3542
745 8127.9957296593920546       0.08957467947685732179 3547
746 8081.9448984766659123       0                      3552
747 8082.8066464870735217       0                      3557
748 8083.3549110721578472     346.66390733596290374    3562
749 8083.9855062337210256     548.3523089886859907     3567
750 8086.6454968109346737     125.91176585546320155    3571
751 8093.0132274288489498     294.27966654948028236    3576
752 8092.1235654828560655     262.01021808770087773    3581
753 8084.8092951015150902     584.28304715640388167    3586
754 8135.0447523242582974     100.17380309629173496    3591
755 8130.4751603161857929     726.06390103737339814    3595
756 8081.9207226971630007       0                      3600
757 8081.9767680887816823       0                      3605
758 8081.9887097762339181       0                      3610
759 8083.9929198818708755       0                      3614
760 8129.9929839336282384       0.00134692404855744473 3619
761 8130.140394494164866        0.00111746714525511677 3624
762 8086.647902027388227      126.78079346880450373    3629
763 8130.338405304923981        0                      3634
764 8082.9482133359324507       0                      3639
765 8126.9008185189786673       0.9477606310592453509  3644
766 8082.4929449819092042     358.29446369835596897    3648
767 8086.6458156963190049     126.0902082481901374     3653
768 8083.9645385221365359     324.03911778198647653    3658
769 8083.9778798264205761     548.16102704995103068    3663
770 8086.6773863215039455     127.10024603294549195    3667
771 8092.137540482989607      262.36211275583320912    3672
772 8135.56815719928818        91.69485617086286311    3677
773 8131.6371509500686443     1074.8504328800088388     3681
774 8083.980252568438118      552.60855529719447077    3686
775 8084.1989352945402061       0                      3691
776 8127.0974628640415176       0.85573339230367140296 3696
777 8126.8861461448868795       0.89200908087624064535 3700
778 8081.9997902212680856       0                      3705
779 8082.7553443563401743       0                      3710
780 8082.7814043760890854       0                      3714
781 8082.9225881520133044       0                      3719
782 8083.4875869770030477       0                      3724
783 8084.0253594284222345       0                      3728
784 8085.9610560690789498       0.12038258969398552001 3733
785 8134.1862960932976421     105.94591393158678727    3738
786 8132.9330552767951303     1132.7935301551942757     3743
787 8081.9851735521679075       0                      3748
788 8081.9968759119037713       0                      3752
789 8127.020350232808596        0.83197673630292479086 3757
790 8082.8014668024416096       0                      3762
791 8129.985564483111375        0.00010454048116514509 3767
792 8129.5312563153329393       0                      3772
793 8081.9372489767738443       0                      3777
794 8126.4273382036499243       0.76523886410988439799 3781
795 8082.7539312078833973       0                      3786
796 8081.9192505609789805       0                      3791
797 8082.7534164636836067       0                      3796
798 8081.9175675008182225       0                      3801
799 8129.8742883890845405       0.14790086007765390619 3805
800 8132.5148676384033024       0                      3810
801 8083.9860435933605913       0                      3815
802 8081.9207105081941336       0                      3820
803 8081.9922663708675827       0                      3825
804 8126.7369020425549024       0.87568985309108304804 3829
805 8082.7545906771110822       0                      3834
806 8081.9444901388551443       0                      3839
807 8081.9469992681015356       0                      3844
808 8082.7905979354181909       0                      3848
809 8130.1835229344724212       0                      3853
810 8082.7587413767259932       0                      3858
811 8081.9228797850428236       0                      3863
812 8081.9191948144716662       0                      3867
813 8084.8187145298734322       0                      3872
814 8081.9815468447695821       0                      3877
815 8126.8712444474685981       0.81622498663970655119 3882
816 8128.8431092150640325       0.47097875653017989839 3887
817 8133.4516688641433575       0                      3891
818 8082.1661482327635895     331.70201113351868116    3896
819 8126.8927212888229406       0.91968151523783614465 3901
820 8088.3223852268229166     112.46588875374871463    3906
821 8082.1772748996827431     335.34514820871879692    3911
822 8082.1581563444142375     332.51700487527193673    3916
823 8088.328260902425427      110.83052262647838404    3920
824 8088.3078040217324087     110.80546265374681525    3925
825 8131.043639829787935        0                      3930
826 8129.0979186917957122       0.11266961761144142495 3935
827 8082.5068854456212648     360.29477218187980725    3940
828 8081.9296437372568107       0                      3944
829 8126.8927212888283975       0.91968151523729424479 3949
830 8088.3410837832816469     111.44118950128037682    3954
831 8089.7735800339878551     139.95374816490144099    3959
832 8082.1974816354813811     333.43943852942089734    3964
833 8129.6770116935394981       0                      3968
834 8130.3038223033618124       0.00248850377238899606 3973
835 8081.9206835495560881       0                      3978
836 8126.7315138739786562       0.84868215977426941787 3983
837 8081.9191948144571143       0                      3988
838 8089.0862916538881109     132.2995659375071682     3992
839 8082.9989959702606939     321.60642301911974528    3997
840 8128.7697205031890917       0.47322755967635049545 4002
841 8133.5250478987945826       0                      4007
842 8083.9884955984316548       0                      4012
843 8081.9822569468869915       0                      4017
844 8082.8274081864201435       0                      4021
845 8132.4333221631677588       0                      4026
846 8129.9327164466521936       0.13079518706498921565 4031
847 8083.9933251506872693       0                      4036
848 8084.8087882918798641       0                      4041
849 8081.9172324014280093       0                      4046
850 8126.7990913197172631       0.8191532124458484887  4050
851 8127.1076191176689463       0.90539565466589555509 4055
852 8131.0546936294213083       0                      4060
853 8129.3248634923365898       0.11288868546838849716 4065
854 8082.1660247780400823     330.84516020889827814    4070
855 8127.3298379911138909       0.91887756485461902223 4075
856 8089.0847853926898097     132.65377355026606665    4079
857 8131.9548102224089234     1081.8602021968586087     4084
858 8134.9301773793831671      93.363474359605788777   4089
859 8126.7315138739668328       0.84868215977461691768 4094
860 8082.8310535055352375       0                      4098
861 8084.8826321951455611       0                      4103
862 8082.5199273883299611     357.76290871010104411    4108
863 8087.4610045257823003     132.98061466473708947    4112
864 8133.7731853385876093      87.928223005513160615   4117
865 8089.7596050400725289     160.04843863560697059    4122
866 8082.7902445217741842       0                      4127
867 8081.9201433881307821       0                      4132
868 8126.736902042543079        0.87568985309125946248 4136
869 8081.9929714388790671       0                      4141
870 8083.9926486939320966       0                      4146
871 8132.921580087093389        0                      4150
872 8129.2243303537743486       0.50381394261787126876 4155
873 8083.9883826928471535     542.58259136690901414    4160
874 8081.9167177763920336       0                      4165
875 8084.7868899713603241     581.24227329869870573    4170
876 8088.3190959501471298     110.65097358313781228    4174
877 8093.0725701785804631     330.29131273571272231    4179
878 8128.9360905266366899       0.08877323687862613555 4184
879 8131.2060807859033957       0                      4188
880 8084.0079801039482845     542.0965853357844253     4193
881 8081.9842304234816766       0                      4199
882 8082.0152773803893069       0                      4203
883 8082.7582631589621087       0                      4208
884 8082.7539192050371639       0                      4213
885 8083.624920966362879        0                      4218
886 8127.6832345240791255       0.90041146490702339555 4222
887 8134.5799616260010225       0                      4227
888 8083.9940729196523534       0                      4232
889 8083.981968335449892      322.16184130379832595    4237
890 8086.6778586251903107     127.27939389348632915    4242
891 8083.9652564784091737     324.31862183739775674    4247
892 8085.0735768408267177     614.89361849307340435    4251
893 8130.8838511009762442       0                      4256
894 8129.4581997663226502       0                      4261
895 8115.8636307057840895     5414.8398023791514788     4265
896 8081.9863458419313247       0                      4270
897 8127.0424752394110328       0.93640528658337252033 4275
898 8081.9917741532271975       0                      4280
899 8082.4994063634303529     359.44597617527455213    4284
900 8083.990106393303904        0                      4289
901 8087.1943359766819412     149.36947920390707623    4294
902 8082.161327442806396      332.23394583497912436    4298
903 8088.3112017078010467     110.63846833697694194    4303
904 8129.0658897969851751       0.48071018051560743256 4308
905 8133.0735058753998601       0                      4312
906 8127.2549044338620661       0.93700394507272555256 4318
907 8082.7580098941916731       0                      4322
908 8088.3200401864487503     112.13971983828697887    4327
909 8082.1723429173343902     334.79012136250503318    4332
910 8130.1261021459758922       0                      4336
911 8130.2049141921397677       0.00029881675553110061 4341
912 8092.1546831686673613     264.22646497354003259    4346
913 8082.7979748855859725       0                      4351
914 8127.1055934665164386       0.92027695820358301759 4356
915 8083.9520095124589716     322.1201049501187299     4361
916 8086.6464135569722202     125.56764699567867183    4366
917 8088.3114969337693765     111.95921709217090267    4371
918 8083.4376949147672349     329.23441936662544549    4375
919 8082.160502578474734      333.37565450306487946    4380
920 8089.0536067746252229     132.50976145514954396    4385
921 8129.7154477524582035       0.13057701729128776136 4389
922 8132.6647655399337964       0                      4394
923 8089.0681196890991487     4490.2644573636243877     4399
924 8081.9956714638583435       0                      4404
925 8083.996695225955591        0                      4409
926 8082.5004461140060812     359.18544478815181265    4413
927 8086.6540065165945634     126.62777170537306404    4418
928 8092.1494818191322338     263.96922428006922701    4423
929 8082.1662878288416323     333.64622800430464622    4428
930 8084.806866085128604      587.41211931242605715    4432
931 8130.3447940715523146       0                      4437
932 8086.670708253540397      127.51323142994706927    4442
933 8081.950714866211456        0                      4447
934 8082.7809968831261358       0                      4451
935 8127.6171389571045438       0.93134420098557468837 4456
936 8134.6615113448460761       0                      4461
937 8127.9038477370695546       0.06023485763700477807 4466
938 8082.7803778779816639       0                      4471
939 8082.9530488723303279       0                      4476
940 8083.6263736010178036       0                      4480
941 8129.0748824529619014     679.97982965136986877    4485
942 8136.3870514800473757     106.51845148752070713    4490
943 8083.0007325325195779     322.15116088678820461    4495
944 8087.4880327634182322     133.66214497465443856    4500
945 8084.0056904768316599     550.6308248835446193     4505
946 8092.1313908938600434     262.68449144364927861    4510
947 8129.4517596221958229       0                      4515
948 8130.5229595089931536       0.00324324352118364554 4519
949 8088.2189867174856772      77.957854363172131684   4524
950 8082.0437459889699312       0                      4529
951 8126.886146144889608        0.89200908087624108944 4533
952 8083.367311920942484      348.39668638491605179    4538
953 8086.6553775415586642     126.97357304103859121    4543
954 8087.4577474274547058     132.78322693780685881    4547
955 8093.0081153872606592     294.54998344220007311    4551
956 8082.4929041814530137     357.9795650349219045     4556
957 8083.9870840959001725     553.28398258563959189    4560
958 8092.1322378396262138     261.75434305416945335    4565
959 8082.0035487904106049       0                      4570
960 8127.3923023266406744       0.9029032241050292118  4575
961 8086.6587458990588857     127.49939333811947506    4579
962 8082.5333397455315207     360.09985130641740625    4584
963 8086.672478159421189      126.74022531436082772    4588
964 8082.4964167352136428     358.84859357047321282    4593
965 8082.1720281186853754     333.95146206974601455    4597
966 8088.3225361445429371     111.64644903179993207    4602
967 8084.0032704202731111     545.51985706056882464    4606
968 8129.7550868812486442       0                      4611
969 8130.2127329564973479       0.00011123447647030239 4615
970 8082.7921653513258207       0                      4620
971 8082.7977488576552787       0                      4624
972 8084.8671632331161163       0                      4628
973 8085.1869268761402054       0                      4633
974 8130.451434379492639        0                      4637
975 8132.3421295034931973       0                      4641
976 8084.2326308516830977       0                      4646
977 8085.9189888616419921       0.06620748921796924813 4650
978 8127.2005015576251026       0.98187010357632220625 4655
979 8127.0502375603382461       0.96474180026250822007 4659
980 8081.9480346852269577       0                      4663
981 8133.2977467322743905       0                      4667
982 8088.3200401864487503     112.13971983828697887    4671
983 8127.2625455060579043       0.96535112629274855145 4676
984 8089.0570496759219168     132.32695756909470219    4680
985 8083.4288941946733758     323.71082445057464838    4684
986 8083.4409291357069378     328.17175077443454256    4688
987 8134.4939921127388516      93.507694063293172348   4692
988 8132.405275635259386      1083.0063139949140805     4697
989 8081.984635802567027        0                      4701
990 8083.6554358316698199       0                      4705
991 8089.1883573757768318     118.94702904632490004    4709
992 8083.4426602762578113     329.75234556195346158    4713
993 8133.6092974617458822     1217.9974361515751298     4717
994 8133.7068543764198694      87.623654144101962515   4721
995 8092.1479718756063448     263.71257684922920816    4726
996 8082.9421446704636764       0                      4730
997 8133.3756635600529989       0                      4734
998 8082.028063927446965        0                      4738
999 8082.8241705514737987       0                      4742
1000 8128.9402681887495419       0.5265590650749993884  4746
