1 11942.457493020987386      10642.064168466673436      5
2 11925.453928646420536      6139.1182077798330283     9
3 11903.248797916636249       91.449043439278554501   13
4 11899.107529183618681        2.6410850414731332769  18
5 11264.73415829249825        14.985002867711436636   22
6 12245.172981192929001        0                      27
7 13201.556476408917661      613.71713972365728296    31
8 12622.631210339302925      266.04432575464414867    36
9 11266.259846339213254       21.134302984704191886   40
10 12444.042764813530084        0                      45
11 11886.740039855823852        6.1224181580480765419  49
12 12056.255843064483997        0                      54
13 12604.694230978057021        0                      59
14 12213.767519528566481        0                      64
15 12056.721976351203921        0                      68
16 11587.845425208264714       72.745935564052672362   73
17 11838.713954618400749        6.0143989078607527077  77
18 11869.252619447204779        4.2526721856195770499  82
19 11375.725577361628893       33.468647316117483115   87
20 12292.767471895560448      8178.8429166178329979     91
21 12242.811501017213232        0                      96
22 11901.61830799162999         3.6917682753274601026  100
23 12223.250080759582488      1204.3265107163454104     105
24 12243.271334823690268      3871.4229948903803233     109
25 11132.236260755875264      4141.3721370763214509     114
26 11736.614518052698259       21.117755566280575152   118
27 12075.038143223204315        0                      123
28 11407.560858322185595      778.04319235880745964    128
29 11727.595963833826318        0.82076963923133294809 132
30 11733.110559718359582        0                      137
31 11091.174542665474291       54.373440131755621962   141
32 11114.784830899057852       15.214491436201409869   146
33 11746.412047602336315        0.03361807419989010226 151
34 11748.771658328940248        0                      155
35 11921.341905802373731        0                      160
36 12211.242738915592781        0                      164
37 12232.07339786888042       233.48658618319973357    169
38 11125.234745266741811        2.0713275226974747767  174
39 11556.914353405560178        1.9439497825751343996  178
40 11910.782513813604965       43.108370675663678639   183
41 11926.200432313600686      229.08216037323992964    187
42 11738.801042151226284      128.71334793484101056    192
43 11568.827643866852668        2.7511748754835663178  196
44 11671.694018511030663      155.37551169961528785    201
45 11228.46478208638473        77.833509490152792409   205
46 11304.803659510536818        0                      210
47 10078.985804807467503        7.8495108478773980565  215
48 12013.47948670826554         0                      219
49 10225.788742856111639       51.631440998265979658   224
50 12043.317525585483963        0.00936022760261062854 229
51 12423.352977205158822        0                      233
52 10249.20368375491671        17.417173522486280035   238
53 10971.93646457388968        13.503502257894352212   242
54 11238.901762235085698        0                      247
55 11236.362468492010521      767.13633209922454625    251
56 11100.531809187274121        3.3937162355021035509  256
57 11207.99047912876631         0.00779971145124761216 261
58 11177.00689239487474         0.28021331544280547732 265
59 11101.043432737224066        2.3570004300687386056  270
60 11208.487540355126839        0                      275
61 11210.616737970169197        7.4030575386155561546  279
62 11760.888135490349669        0                      284
63 11759.909428706916515        0                      288
64 12255.855180554217441        0                      293
65 12246.896353248177547        0                      297
66 10634.516080689400042        3.2219851824224234882  302
67 9985.1527153103106684      86.020478373699916119   307
68 10472.146953541743642      114.60536046281417555    311
69 10462.100351348199183      238.60496762185982789    316
70 12087.836548996549027        0                      321
71 11177.512943248741067        0.04931266116415822243 325
72 11177.960854154485787        0                      330
73 11183.006177594401379      106.21198632010153062    334
74 11931.937508395221812        0                      339
75 12223.504114934457903        0                      344
76 10604.873098773929087        4.9884072445598137691  348
77 10041.737014848165927      248.52964361945538485    353
78 10144.376873970857559       12.960906139671847015   357
79 10781.725210752287239        1.8390036534035911764  362
80 9994.8785537542134989     466.70946873952721035    366
81 11144.338318871175943      863.51447410436662722    371
82 11785.265779723133164        0                      375
83 11602.236929847666033      100.01640243148214893    380
84 11784.716153090754233        0                      384
85 12111.246783621705617      267.74497619771221935    389
86 12691.594979748520927       77.849693215350427522   393
87 10631.383152193637216        3.1307711509296924923  398
88 11967.418041006172643        0                      403
89 11793.541626414944403        0                      408
90 11338.002202998697612        0                      412
91 12237.03269756908594         0                      417
92 10780.317410502240818        0                      422
93 9915.522226595760003       90.208754289724367936   426
94 11945.191868132524178        0                      431
95 11297.65004054145902         0                      436
96 12419.306046427858746        0                      440
97 9990.0048611351594445      13.203911092718705333   445
98 10631.275620036891269        0.02168364693782551603 449
99 10588.480778697761707       26.899229223923541099   454
100 9993.0838440649022232      65.041052266428835082   458
101 10631.768257809357237       11.84767939316856733    463
102 10787.481565807367588      886.7934899174885004     467
103 11692.351309722533188        0                      472
104 11785.426410956999462        0                      476
105 11724.439087414069945      144.00805596306082634    480
106 12573.616191722052463      833.63238276118227077    485
107 10283.18731384923376         7.4187907486380249011  490
108 9442.2682171463529812     160.80286692101046242    495
109 9994.2696925162144908      32.466529465098240337   499
110 12289.292602331492162        0                      504
111 12473.872587472416853        0                      508
112 10840.678827705936783        0                      513
113 10860.133257166777184        0                      517
114 10782.006591447256142        0.10882836852112889869 522
115 10145.954796868083577       63.4957866261292736     526
116 10782.128567238465621        1.4845383008299615213  531
117 10605.928863908127823        6.3525858719696479682  535
118 10779.595383255569686        0.08778176227215780947 540
119 10630.849669831732172        3.2501520201496414408  544
120 11177.635535083001741        0                      548
121 10782.532980827198116      114.63608120094495746    553
122 11384.072757955947964      144.68912634391153915    558
123 10945.097181386543525        0                      563
124 10662.274819147531161        0                      568
125 9419.8569534427224426     5379.3494331708006939     573
126 9746.5992452701775619     245.41203184698326822    578
127 10321.397749034189474        4.2052868471803437345  582
128 11911.249489063373403        0                      587
129 10674.242134122850985        0.84365405778190594166 592
130 10816.890675465378081        0.70630617565548003967 597
131 10165.631255135023821        6.3274334713879065717  601
132 10815.231869885794367        0                      606
133 10631.542024405032862        0                      610
134 10626.388725318334764        0                      615
135 10611.00003102226583         0                      620
136 9967.0414339670605841       3.1563662802230618709  625
137 10661.621414291606925        0                      630
138 11315.679833811342178        0                      635
139 10640.967777167941676        0.18105475378217344984 639
140 10286.646840000217708       54.772970899257998667   644
141 10632.045966470994244        0                      649
142 11155.458786141425662        0                      654
143 10458.448982961932415       22.018919695039553375   659
144 10620.478275977984595        2.3050500576433021749  664
145 10776.884616620889574      212.16984584792692203    669
146 10620.83017795878186         7.8041790260468157925  674
147 11210.22599898858607         0.79138982144474157021 679
148 11346.864419920442742       78.505224221754261293   684
149 11224.090951448302803      114.4333265024158095     689
150 11155.126348760706605        0                      694
151 10565.476513465966491        0.00446780236463623515 699
152 10405.346586579282302        8.5066656809417970919  704
153 10595.711050874175271       22.060123147858337944   710
154 10574.752543913389673        1.6599876273512099711  715
155 11463.403275646782276        0                      720
156 10418.314791657578098        2.9880102831636938809  725
157 10829.412086610183906        0                      730
158 10317.918904336505875        3.7887363492683139299  735
159 10643.637158274304966        0                      740
160 10667.32629629659823         0.03015556670996001609 745
161 10395.264060085748497        8.8490673568145794547  750
162 10705.762063630158082      125.28124684807865208    755
163 10787.958606508551384        4.826281308665352654   760
164 10554.790333120396099        0.69824175103070473813 765
165 10482.339442875681925        3.2947828800631224766  770
166 10425.24115369034007         0.70370324897260061459 775
167 10412.942232805649837        0.01767249057983895713 780
168 10434.736409809902398        5.6546701843315876346  785
169 10507.682843461880111       60.574406596160400795   790
170 10485.909270794621989        1.0393517103913725297  795
171 11313.89436030305842         0                      800
172 10460.799807947441877        0.61667892120392386879 805
173 10478.641642942211547        2.3272768593895745148  810
174 10556.868610831812475        0.00944407336469195446 815
175 10529.062051912391325        0                      820
176 10424.311474351854486      146.31679224932994998    825
177 10143.594152377156206        1.5064094552426081641  830
178 10149.004544921146589        1.700154662122702609   835
179 10761.189231651094815        2.0194903411469646848  840
180 10826.9636412189775          1.1454896682811206432  845
181 11205.379574695925839        1.0614423357563771422  850
182 10923.023630597488591        0                      855
183 10791.3492450435715          0                      860
184 10284.35163131068839         0.49697941392318545351 865
185 10476.869941357967036        0.01922065203518725021 870
186 10550.269121540333799        0                      875
187 10674.466325433910242        7.9671438928254030287  880
188 10447.615808158401705        0.49819266972257147952 885
189 10597.7572428991989        113.43037920499470772    890
190 10535.577653724716583        0                      895
191 10532.654008778557909       56.335504586447335384   900
192 10467.00626381224356        10.107261684078931552   905
193 10434.339795698029775        0.01312196498918567419 910
194 10359.767601947682124        1.2377903870579869405  916
195 10495.855145804925996        0                      921
196 10302.540057295238512      940.82487817626747528    926
197 10193.359519657164128       32.775989851720652268   931
198 10194.683463847144594       32.808066125105760591   936
199 10107.172110787230849       19.603155205332264188   941
200 10626.277433866453066      155.09008570006500349    946
201 10541.565077572595328        4.0500716190601133704  951
202 10250.315486195797348        1.5681255649171972344  956
203 10498.349070445943653        0                      961
204 10495.189471449226403        0.00832125908880819096 966
205 10550.037703343161411        0                      971
206 10472.251380006646286        3.5605559904778543157  976
207 10500.330296697045924        0                      980
208 10501.910158473285264        1.0940305256792066668  985
209 10483.192727051758993        1.9848537533046541892  990
210 10526.314892323500317      147.62951121143620981    995
211 10656.53049941964855         0.02399115795121731232 1000
212 10437.354357351101498        7.5481211151107565627  1005
213 10401.227970980371538       28.092140744323529589   1011
214 10401.227970980366081       28.092140744319195278   1016
215 10729.72179347621568        58.471276517819809726   1021
216 10480.222647035554473        0                      1026
217 10433.545399659329632        5.3184153404660152731  1031
218 10408.84210343419727         0                      1036
219 9959.4473068186634919       5.5007495219841180401  1041
220 10285.738088251486261       15.82662294990941021    1046
221 10599.27312719920883         0                      1051
222 10837.318641196354292        6.0967934707474116252  1056
223 10858.834837593265547        0                      1061
224 9946.1285189428672311       6.7571461445581446625  1066
225 9952.0865723995630105       9.1587604340744537268  1071
226 9864.5962170539132785      17.210765834806348806   1076
227 10407.422501445740636        0                      1081
228 10403.171733316270547        0                      1086
229 10559.931482101017536        0                      1092
230 10566.334330789826708        0                      1097
231 10434.94414878610587        46.49124942865628185    1102
232 10430.885796583701449       46.810605947135421445   1107
233 10836.516299189090205       28.95696669276293278    1112
234 10857.110928648373374        0                      1117
235 10404.587316130777253        0                      1122
236 10320.784704145746218        1.0192884341513199775  1127
237 9946.8848573427767406       8.9661658409043596407  1132
238 10403.51819511683243         0.06461133995382385697 1136
239 10925.113293312590031        0                      1142
240 9944.0978621948015643       7.7079634297512198415  1147
241 10403.888473053635607        0.28880722381045381697 1152
242 11110.72526466308409         2.3272138455639739263  1156
243 10116.365115665828853        7.1525948698952497296  1161
244 9947.8298608910463372      53.049663568279463277   1166
245 10404.255009668828279        0                      1171
246 10834.312339301008251        0                      1177
247 10339.418308086984325       54.19984614841838777    1182
248 10344.257481148448278       53.83064447673852726    1187
249 10831.657689995920009       86.630758668512640952   1192
250 10344.327948469657713        1.1820962960528111907  1197
251 10364.933345940233266        0.03421150937823159988 1202
252 10381.080863731609497       69.579044225771440324   1206
253 10397.605152326135794        0                      1211
254 10381.620261783633396        0.87098423670583546841 1216
255 10033.764057623573535       75.566770320891819779   1222
256 10292.97259538666367         0.5449059581746622527  1227
257 10785.63202287333479        91.955142492862833592   1232
258 10334.890674464475524        1.187681124594598181   1236
259 10163.413269753797067        8.3692210645966476079  1241
260 10378.046319474422489        0.00146256764579886958 1246
261 10319.940793952970125        0.15330878238139153402 1252
262 10312.082504699525089        8.0178878249046316995  1257
263 10493.398681373582804        0                      1262
264 10478.435266197187957        0                      1267
265 10761.21701721415775        96.721106938344092896   1272
266 10334.560805411399997        0.90754737319262790418 1277
267 10629.369491202382051        0                      1282
268 10144.296505034848451        2.1467723793742812255  1287
269 10278.347214222822004        1.0011841921134785327  1292
270 10344.782721080959163        0.3706652248479566647  1297
271 10372.719755386768156        0                      1302
272 10357.65314822824439         0                      1307
273 10493.423037578673757        0                      1312
274 10343.279742705411991        0.7229915534942470412  1317
275 10313.845129534194712        0.24169162194988580428 1322
276 10826.353359147189622        0                      1327
277 10827.205814891540285        0                      1332
278 10787.054620928553049       61.294234990497585613   1337
279 10339.397720733824826        0.85416486810556380149 1342
280 10360.323393057724388        0.07683341065570670203 1347
281 10287.199079460844587        1.9648008185531229408  1352
282 10293.240943224145667       48.53588321657986171    1357
283 10338.929228962926572        0                      1362
284 10323.124876760337429       60.165103256107194341   1367
285 10324.75625096069416        60.252551103333068738   1372
286 10842.892106329793023        0                      1377
287 10844.667887631580015        0                      1382
288 10827.293506625566806       53.919866083029106107   1387
289 10343.708860443151934        0.74490810286695030573 1392
290 10305.432386370441236        0.286603326395946989   1397
291 10488.725502782905096        0                      1402
292 10849.502679936766071        0                      1407
293 10333.03287130514218         1.0404502637585935076  1412
294 10345.300220851187987       75.993237765954205543   1417
295 10345.949258454051233        0                      1422
296 10379.541552748658432        4.9769259731816140047  1427
297 10333.94642981321158        60.003975759751732255   1432
298 10340.120163783278258      107.17682176218330881    1437
299 10379.732511843363682      142.41864589175617084    1442
300 10305.774586022500444       84.464239174326408488   1447
301 10300.762627953314222        0.25925901797723155395 1452
302 10366.780887897992216        0.17782234660723408859 1458
303 10367.166649844955828       45.549400493526746914   1463
304 10350.618204653581415       48.439807635694890564   1467
305 10355.459504914188074       48.264090166392662695   1472
306 10916.166797500027315        0                      1477
307 10167.541842851867841        1.0096999426013890666  1482
308 10309.995346554302159        0.1136953159935007035  1487
309 10583.831494781190486        0                      1492
310 10281.004965704029019        0                      1497
311 10224.732392956790136      205.534121355423963      1502
312 10526.954918030891349        0                      1508
313 10515.661812888336499        0                      1513
314 10575.131049206174794        0                      1518
315 10711.88068769606798         0                      1523
316 10826.388125543826391        0                      1528
317 10139.012998914768104        1.5790549688777768544  1533
318 10037.239543102166863       19.17432289753201502    1538
319 10365.998317918229077        0                      1543
320 10173.128654079951957        0.82495981615507452123 1548
321 10059.089127639297658       77.574369471706347667   1553
322 10306.205899582850179        0                      1557
323 10275.779678829670956        0.00627556936711890726 1562
324 10402.509728422992339        0                      1567
325 10686.045861040422096       39.38972359836903081    1572
326 10347.687330486114661       89.306821356102517484   1577
327 10262.350707721676372       97.769328583164451629   1582
328 10514.609226695840334       10.329114572736116884   1587
329 10240.787709385844209       58.252130663969808211   1593
330 10253.251690483290076       57.515249737524484885   1597
331 10267.764869951934088       48.34991555593310153    1602
332 10305.413628561647783       54.444501383502419856   1607
333 10818.108648772224115        0                      1613
334 10149.923963672292302        0.96696333350777319282 1618
335 10312.141508276170498        0.94323626186870435095 1622
336 10304.713152779042503       72.391289481905772618   1627
337 10380.221477890625465        0                      1632
338 10186.986789318802039        0.29191215256983527038 1637
339 10272.673983143680744        0.13890299180158136028 1642
340 10279.818765158159295        0.50586775292518337821 1647
341 10287.624126859536773        0                      1652
342 10289.260093536433487      100.73664517298810495    1657
343 10478.200435840737555        0                      1662
344 10286.729643101198235        0.31705472934960871045 1667
345 10301.500872408032592       71.655022723507727278   1672
346 10178.608979878059472       63.323037826754166701   1678
347 10276.24753065340883         0                      1683
348 9988.7560859718232678     232.73923913110513695    1688
349 10116.698765389532127      123.66962681352424624    1693
350 10124.253314724619486      123.42674129280456441    1698
351 10182.892856627107903       39.084932437781112924   1703
352 10188.951599112117037       55.723693929863060248   1708
353 10777.349991299179237        0.22827254745071390296 1713
354 10554.443394700921999        0                      1718
355 10183.454678709922518        0.30072993796720515203 1723
356 10291.808299296588302        0                      1728
357 10263.072485041937398        0.19818610885994522586 1733
358 10274.390854755794862        0.21687059329877803049 1738
359 10252.436003832253846        3.1512161764927686392  1743
360 10297.543093131918795        0.00111014745286841326 1748
361 10361.322181320170785       89.759781181312618514   1753
362 10422.089521262500057        0                      1758
363 10419.441273497082875        0                      1763
364 10395.418623219413348        0                      1768
365 10740.292501346173594        0.11081301611815845554 1773
366 10526.930900882209244        0                      1778
367 10190.089755531489573       23.754468844574557096   1783
368 10260.164014630436213        0                      1788
369 10212.275493702243693        0.25503429271077943108 1793
370 10283.697145542180806        0.50821123057897910069 1798
371 10339.108309099568942        0.09408856705144347243 1803
372 10733.25410317143178         0.11153809258449785824 1808
373 10525.213347232174783        0                      1813
374 10380.274784344037471        0                      1818
375 10151.616386152549239       24.683872325552592031   1823
376 10171.021716438395742        3.9306186436395802453  1828
377 10256.977506181452554        0.24571297220531906902 1833
378 10266.947067357892593       22.177405573491867585   1838
379 10263.897893271314388       31.182320277479703918   1843
380 10234.156381630384203       11.981949194104339895   1848
381 10261.960759282459549       88.237528817634938605   1853
382 10283.498606521925467       26.191751476672788357   1858
383 10297.947764738113619      108.02677447064003502    1863
384 10271.480663057252968       63.177876585171468093   1868
385 10171.729357194981276        0.40931229708504679454 1874
386 10181.011298933848593        3.1170007120117100285  1879
387 10166.714251312596389        0.74431633853872314344 1883
388 10725.72280871957264         0.14552226266550818967 1888
389 10516.607382308280648        0                      1893
390 10216.345593826281402        0.08052643229921271906 1898
391 10272.787473426284123        0                      1903
392 10314.303657542342989        0                      1908
393 10229.921831218533043        3.4809680911163325412  1913
394 10252.67647877555828         1.2901995731844553283  1918
395 10256.289564529299241        0.77615481686221154956 1923
396 10257.069371925650557        0                      1928
397 10248.048420569983136        0                      1933
398 10421.841004746076578       89.958390733123223981   1938
399 10291.390502284819377        1.7438161065612163281  1943
400 10185.015713100887297        0.84909594909006980146 1948
401 10184.516239217058683        1.5063984549876627828  1953
402 10433.791468207118669        0                      1958
403 10440.546843992873619        0                      1963
404 10454.798548092203418      111.68810493128101768    1968
405 10257.079202835520846        1.9535906459614509334  1973
406 10328.420662904109122        0                      1978
407 10114.786623524330935        2.7423438335047305436  1983
408 10501.804736696252803        0                      1988
409 10096.76397010038454         2.2267191256604537131  1993
410 10213.688191709075909       78.721242437004875114   1998
411 10239.471490985533819        0.4857176472190127825  2003
412 10246.032077537307487        3.170598921836343731   2008
413 10465.124461312921994        1.5716894179698992495  2013
414 10255.955982813178707       97.642543932728671052   2018
415 10621.618946207318004        0                      2023
416 10096.511292705985397       21.335990998323033807   2028
417 10223.345695370646354        0.09748180359492386593 2033
418 10157.524728877953748        0.61463523234332284595 2039
419 10159.182256301583038        0.57061793495295709544 2043
420 10354.210038940251252        0                      2048
421 10372.659419680900101        0                      2053
422 10412.865220849811521      122.02120976128784946    2058
423 10263.738260653863108        1.5964635514529319504  2063
424 10326.36470607928095         0                      2068
425 10152.794361451999066        3.0943308702883816075  2073
426 10239.394869136071065        0                      2078
427 10213.593418527407266        0.02984920487314364143 2083
428 10075.592737694496464       15.395410974816808647   2088
429 10087.468847208161606       13.965542081813689279   2093
430 10325.951742404469769        0                      2098
431 10400.188240403709642      122.00375246908495797    2103
432 10258.782524392368941        1.6932864245098553369  2108
433 10116.325252508497215        1.6189569103355307966  2113
434 10261.474670984242039        0                      2118
435 10234.240763058391167        1.1305887355088422019  2123
436 10386.674236633420151        0                      2128
437 10319.27758598721266         0                      2133
438 10234.951894427053048       93.577103448071255798   2137
439 10235.30809656598467         0.47094279520848691956 2142
440 10236.136754239345464        0.21595467049835950779 2147
441 10239.431594175444843       51.932232833482466106   2152
442 10336.175389919164445       76.021848197605322639   2157
443 10181.85961326110737       127.37402348781375849    2162
444 10141.775935004086932       17.913069615193869311   2168
445 10143.401487993742194       17.894390427250677078   2173
446 10255.327269661825994        0.8751199449155040444  2178
447 10359.423546710799201        0                      2183
448 10346.273968306246388      100.29911110725078061    2188
449 10265.524329058769581        1.3677246044950772674  2193
450 10193.741400410561255        1.3454937101940918076  2198
451 10268.217784104790553        0                      2203
452 10219.464611865747429        0.09543437762906441246 2208
453 10221.677234503278669        0.00288240521386748903 2213
454 10233.554278034871459        0                      2217
455 10216.096014690436277        0.00728028906795337785 2222
456 10156.945632534330798        5.7799304176576864478  2228
457 10132.375767428258769        6.6496096838165392739  2233
458 10339.814747642383736        0.00294015260321915271 2238
459 10338.980457476773154        0.01194763705807133994 2243
460 10343.916349307552082      100.78075062079548729    2248
461 10261.898770825966494        1.4066350602744210896  2253
462 10276.847691634702642        0                      2258
463 10226.361078028934571        0.0005920539372665306  2263
464 10204.877249663033581        0.0703170380412439372  2268
465 10218.991663640739716        0.00060109250323478914 2274
466 10221.773798663254638        0                      2278
467 10155.203237284531497        0.2256159392197302771  2284
468 10293.804712199857022        0                      2289
469 10278.073719783214983        0                      2294
470 10300.199072420142329        0.27841541457560325945 2299
471 10364.134538826658172      125.36020015026417695    2304
472 10250.452426214313164        1.9464865230271743979  2309
473 10141.91925371272373         0.87076963188784817227 2314
474 10195.07355388790711         0.07417075665947855945 2319
475 10217.305496108987427        0.03555564876240523836 2324
476 10238.375776587075961        0                      2329
477 10164.870578581920199        1.0768567018077368491  2334
478 10203.874786450369356       93.571058428529553908   2339
479 10283.239256337747065       51.964971428202211712   2344
480 10300.006740866678228        0                      2349
481 10316.573964457944385        0                      2354
482 10136.713083526288756       80.675603437697802178   2359
483 10180.261558081487237        0.02560343824230064402 2364
484 10245.484164114248415        0.39746265254024987224 2370
485 10234.884003644534459        0.00027885063494633138 2375
486 10233.496283866825252        0.00135386483044020334 2380
487 10299.207370600988725        0                      2385
488 10305.503213701187633      134.07456281218648542    2390
489 10242.560585662366066        1.9170735225153343606  2395
490 10165.982289233825213        0.31328585303248990268 2399
491 10220.975944015552159        0                      2404
492 10218.656346176034276        0                      2409
493 10212.362259721745431        0                      2414
494 10269.971462426627113        3.7386230417232142464  2419
495 10271.81315094994352         0.23887552905891951127 2424
496 10190.625495850772495        0                      2430
497 10172.568495531984809        1.2800492820157647333  2435
498 10243.380460255140861       94.486364261155500799   2440
499 10473.821739325294402        0                      2446
500 10478.946753374251784        0                      2450
501 10734.483608729022308        0                      2455
502 10740.014058562112041        0                      2460
503 10476.926459312542647      102.10078457727971113    2466
504 10038.690210887580179        7.0695810326351296027  2471
505 10667.496864115481003        0                      2476
506 10009.228142883552209        4.4831110714024040576  2480
507 10103.892382166024618       32.319943481241303118   2485
508 10110.521145163660549        0.95855963314563297217 2490
509 10162.53466132286303         6.8458963394195970764  2495
510 10295.828174850777941        0                      2500
511 10179.054289307356157        1.6066166971396578234  2505
512 10186.724232663054863        0.00025910273936930985 2510
513 10181.054401339702963        2.4174528805128998599  2515
514 10112.404806820823069        0.12539430684496402635 2521
515 10300.456819111977893        2.7279348622906653965  2526
516 9958.2907374890164647       6.7149677517901782409  2531
517 9977.2567566485504358      24.47036718704652003    2536
518 10128.173877250856094        0.83131749369665286498 2541
519 10659.933415976818651        0                      2546
520 10013.606073584032856       11.480687510671762297   2551
521 10056.273206777947053       11.449384290059905211   2555
522 10161.549158975312821        0.15303731758361413529 2560
523 10388.22660476873898         0.06215906788219586337 2565
524 10065.791826348315226      101.97232859142940242    2570
525 10212.372114727899316      140.05682444069461212    2575
526 10215.141200815134653        0                      2580
527 10210.032993592760249       94.495085328405238556   2585
528 10190.434300390505086        0                      2591
529 10210.407675725544323      883.31661887649784148    2596
530 10054.904845376875528        2.6462426886033001416  2601
531 10053.172106563932175        2.7362073099929689057  2606
532 10465.981006100477316        0                      2611
533 10485.469672737723158        0                      2616
534 10280.304510342622962      108.32082703556005754    2622
535 10195.745613477325605        2.5944021515351294305  2627
536 9807.8196648519315204      11.330182056813381308   2632
537 10030.091515627242188       58.632399686273714678   2636
538 10185.883811226149191        0                      2641
539 10191.39996513843289         1.9083791358632939961  2646
540 10181.444468397963647        0                      2651
541 10168.197534677627118        0                      2656
542 10186.990385051160047        2.0895913818724265454  2661
543 10345.608752594309408        0                      2667
544 10485.226170334417475        0                      2672
545 10173.990637823257202       23.499898895041283708   2678
546 10338.612442749647016      254.66812590569574581    2682
547 10132.788382101216484        0.58126561339959836872 2687
548 10144.446295315741736        5.6346943934967654855  2692
549 10327.067743691755823        0                      2697
550 10644.949484522900093        0                      2702
551 10142.39617573022224         4.2575148525058637006  2707
552 10135.646707888388846      119.90884185765015957    2711
553 10166.63196293335568         1.4620355941395646315  2717
554 10168.902502685590662        3.0780924523787240865  2722
555 10043.80293746377356        81.252656089974777842   2727
556 10345.795370308582278        0.25390233322986316411 2732
557 10132.293408428076873        1.1413316987210531117  2737
558 10133.39479916964774         0.20920457019178659297 2742
559 9929.824726074208229        2.4537448636613250486  2747
560 10040.460284447892263        0                      2752
561 9794.0478288399335725     725.097095306415099      2757
562 10186.13197169236264         0.10310470849501940371 2763
563 10135.74285996110666         0.31949820120186178674 2768
564 10339.67303960143181         0                      2773
565 10042.942532461738665       10.233145467068288426   2778
566 10213.110807107543224      321.00717841271352881    2783
567 9841.2408131313659396      17.731983029405451902   2788
568 9734.6192748823177681      23.850147106336244462   2793
569 10038.253711727253176        1.8303405791912765732  2798
570 10495.554679381219103        0                      2803
571 10297.331725455787819        0                      2807
572 10305.31234404609495         0                      2812
573 9873.0077505550780188      14.570164682505099663   2817
574 10039.214118698590028       95.174708568824769372   2822
575 10667.781760315659994       13.463617814501882108   2827
576 9767.3458310081350646      15.516442597080294163   2832
577 10203.628533187287758       28.840533864343310455   2837
578 9743.872883078392988      789.79443933264212774    2842
579 10053.220397934328503       22.791725814786460091   2848
580 10132.370437814615798       20.82029296224555992    2852
581 10233.333201166124127        0                      2857
582 10235.037102852507815        0                      2862
583 10130.935067024425734        9.4474886281576111458  2867
584 10102.970018044050448      341.00294270556071297    2872
585 10182.849115303821236        0                      2877
586 9935.527992218543659        0.27106344281638955485 2882
587 9940.5343623520020628       1.2846320283129901707  2887
588 9990.0496889251026005       1.4704968129639137686  2892
589 9825.835589303937013       70.688264137337014859   2897
590 10266.253724057487489        0                      2902
591 9944.3716632460727851       4.1447252992380381187  2907
592 9975.8259913568399497       1.05911642029293529    2912
593 9910.6680702147568809      42.636489527073031525   2917
594 10433.683157511381069        2.2716445684407950978  2922
595 10232.657486385813172       52.48343401157210053    2927
596 10064.994210090653723        2.2825747729497378735  2933
597 10065.512627813022846        0.46342739413424205441 2938
598 10152.690192610043596        0                      2943
599 10154.739234106402364        0                      2947
600 10406.976151724235024       15.077696675789889369   2952
601 10287.39299566158661         0                      2959
602 9976.8675807035451726       0.06384333120150587071 2964
603 10038.233213012974375        0.04244328484707257654 2969
604 10005.595296594014144        0.33083341800281218514 2974
605 10027.182918877790144        0.0808956597204870953  2979
606 10043.583331863608691       47.387863732997509203   2984
607 10022.150803737335082        4.3537692210700269513  2989
608 10167.776220649715469        0                      2994
609 10182.814222666966089        2.845795445479207153   2998
610 10194.226268921032897       72.787584172448433151   3003
611 10070.285194113235775        0.22968321566263719125 3009
612 10074.200699991708461        0.14417770066427121334 3014
613 10138.606149855369949        6.406682152868327762   3018
614 10521.897973507948336        0.0496892248229562003  3023
615 10387.050048204278937        0                      3028
616 10000.794291859405348        7.766293921123522459   3033
617 10018.395611114579879        0.03138903041257577742 3038
618 10035.503944414356738        0.0464071806043747162  3043
619 10094.966513958514042        0                      3048
620 10037.635955482866848        0.39404021153128798716 3053
621 10052.561927018296046        0                      3058
622 10039.780600564838096        0.00013018620982214524 3062
623 10037.806676886188143        0.0264857620844812687  3067
624 9968.67974421618419        47.474976231181670983   3073
625 10058.905680107249282        8.1396063344005984419  3077
626 10054.140555341373329        8.3473843793962245741  3082
627 10437.453708901910431        0                      3087
628 9985.7873517784373689       0.28527799397523362357 3092
629 10040.035974659807835        0.0000211908763621136  3097
630 10093.627100385785525        0                      3102
631 10076.113027527890154        0                      3107
632 9997.5089143340446753       0.09533505393707411568 3112
633 10055.153931422031746        0                      3117
634 10037.759403533247678        0.49931539009914222005 3122
635 10023.573824207434882        1.4386431489997817401  3127
636 10030.016452664332974        0.87435688739095884792 3132
637 10038.28233014991747        94.050735504249971086   3137
638 9986.7686356512531347      86.834970693189760027   3142
639 10094.1525071318556         43.634632032147933955   3147
640 10040.805715595673973        0                      3152
641 9965.6719931893785542      11.182051559329540424   3157
642 9938.1203997474949574      45.228788845240245564   3162
643 9925.5587030156839319       5.4106869591706967526  3167
644 10387.206567283308686        0                      3172
645 9972.5499003610366344       0.45359467351331178575 3177
646 10046.532611443020869        0                      3182
647 10004.22296832340362         0.0402605315068614994  3187
648 10009.697939428690006        1.2233039015602569233  3192
649 10032.304654299930917       92.343145189057054267   3197
650 10031.287280547288901        0.19310092554137558984 3202
651 10032.902622869482002        0.84808230838945419805 3207
652 10058.579716161189936       11.486598382453927059   3212
653 10049.755614021309157       50.830805726146991219   3217
654 10061.469798086684023        0                      3222
655 10074.888058876224022        0.20810822188726602056 3227
656 10054.565923050609854        0                      3232
657 9940.1085652337224019       1.4785483824224039395  3237
658 9976.281455565658689        3.6462154029985782699  3242
659 9959.4173254461311444      55.804160980601665187   3247
660 10003.522787316611357        4.0145945283120294533  3252
661 10382.304613254664218        0                      3257
662 9969.5612933652173524       0.51372173142923627243 3262
663 10027.519600145034929        0.04099150394751490539 3267
664 10057.929738893699323        0                      3272
665 10033.136741070997232       10.034936322385295426   3277
666 10046.100148487244951        0                      3282
667 10019.163250752970271        1.6273758417969317325  3287
668 10033.785941757314504        1.4710624904829199266  3292
669 10038.789511865617897       94.317848977748155903   3297
670 10045.42949539694564         0.32493596715912065331 3302
671 10057.372087733685476        1.5532408169102656093  3307
672 10022.459778385371465       85.996746715210676371   3312
673 10051.063949710216548        0                      3317
674 10028.820816368232045        1.6367754923846145054  3322
675 10027.264701970516398        1.691484510895668425   3327
676 10007.249331779683416        2.9005562065010712658  3332
677 10008.06208713698652         2.9972852184909721807  3337
678 10072.011548100454092        1.5329952852399200136  3342
679 10034.446713670349709        0.09644536672758385887 3347
680 10041.349787402154107        0.00037029556929363359 3352
681 10029.165069697990475       41.13701620869647968    3357
682 10028.275022080024428       62.934457419661590905   3362
683 10039.491574627279988        0.09551511915563599964 3367
684 10036.926113180170432        0.00221122195151509    3372
685 10043.020235372639945        2.6592048404597941058  3377
686 10048.697650926362257        0                      3382
687 10053.295530489800512       66.507909975556032123   3387
688 10046.416332416549267       40.449178501546207087   3392
689 10036.467465569701744       10.042546349959563301   3397
690 10027.451326466642058        1.8779870480719229597  3403
691 10025.535572510125348        4.2322843566360557332  3408
692 10036.277781285758465        0.87009249630465201886 3412
693 10040.53037163163026         0.81546023943228052033 3417
694 10070.633672900541569       67.002561613556053999   3422
695 10034.754550183284664        2.828740651775346393   3427
696 10036.580518861903329        0.00392099296310227663 3432
697 10035.782066852476419        0.00118049492094418488 3437
698 10041.59286092351249         0                      3442
699 10041.510001565449784        0                      3447
700 10039.176477849156072        0.95723166430526518411 3452
701 10035.946288986242507       20.545978609811726301   3457
702 10040.618485291137404        3.3988970692336359924  3461
703 10038.26273539678732         0.48025796289284383711 3466
704 10039.441999698899963      100.35257304587678107    3471
705 10042.231731098661839       45.130662995806424931   3476
706 10044.091727347298729        0.05505704853751526573 3482
707 10043.845545247511836       12.254052427057130714   3487
708 10036.82789121445785         0.00071548576522474823 3492
709 10057.026808979329871       66.531005241251534699   3497
710 10034.008226863490563        0.52237463271074158211 3501
711 10038.307588291978391        0.00112979013739797373 3506
712 10039.953407203453025        0.00001308101564193494 3511
713 10039.709280099674288        0.00000041698576014601 3516
714 10039.009074818788577        0                      3521
715 10037.198011386413782        0                      3526
716 10034.370319150639261        0                      3531
717 10264.539957800396223        0                      3536
718 10049.910793154998828       10.900174731041902376   3541
719 10023.749405361675599       11.852589380077052539   3546
720 9823.6211821883207449      32.108893952022675933   3551
721 9890.1859562408571946      20.92271453178732088    3556
722 10051.065664481460772       64.649337158826725158   3561
723 10031.653352896420984        0.53874271746267810013 3566
724 10009.537064604492116        0.49747017837545109975 3571
725 10030.029037169671938        0                      3576
726 10017.092171010435777        0.00867530968578485856 3581
727 9908.6533958225008973      93.244608341446223676   3586
728 9841.7457534253353515     111.10939299639579758    3591
729 10079.440094267625682        1.1833077118350712187  3596
730 10079.621148368716604        1.1699623247055856989  3601
731 10185.054900729099245        3.2082324090880200984  3606
732 9975.2054821343281219       4.7183453273836644115  3611
733 10044.852218533740597        0                      3616
734 9986.7361092019782518       0                      3621
735 9886.4856826818158879     211.07747603734935637    3626
736 10012.591318894847063        2.3532994953460821819  3632
737 10167.942315478281671        6.4336818285366828007  3637
738 10004.363662391833714       23.881716276338067928   3642
739 10000.948274874730487       23.957261219167321542   3647
740 10315.915635895902597        5.3074244642379468928  3652
741 9983.7940282465860946       1.3137567079499410383  3657
742 9867.053930447802486        3.8513889810197241559  3662
743 9978.2535743437510973       0                      3667
744 9953.0043380953466112       0.02704353473442510855 3672
745 10170.462057052227465        6.4362688974837647393  3677
746 10139.898784269274984        3.1379521769532354725  3682
747 10165.656648543834308        2.9679559663226191546  3687
748 9844.7080809670551389       9.7195699499474876859  3692
749 9962.8058332425007393       0.8191826418083548722  3697
750 9745.7382475776976207      27.040883652810478566   3702
751 9971.7104951957298908       1.0306234350107645881  3707
752 10018.864783332606748       11.078360480097742879   3712
753 9996.7427918780558684       0.12159699972745806329 3717
754 9976.6030857643090712       4.9460103570572035991  3722
755 9978.2445782616759971       0.64422881038765922312 3727
756 9981.1362585829865566       1.1504085492099140886  3732
757 9976.7872836452988849      99.629774391217537755   3737
758 10200.867941867963964        1.4526753493974631226  3742
759 9994.5697951346373884     116.08697348682855477    3747
760 9988.5108882019903831       0                      3752
761 9987.0163639685542876       0                      3757
762 10025.475670365258338        0.62257657314742953503 3762
763 10012.291657899742859        0.39446979786086444619 3767
764 10114.798947615043289       20.674849224141297555   3772
765 9961.4937282522150781       1.8678621637386521037  3777
766 9913.1047462550213822       0.83655433797604972224 3782
767 9973.4557583960522607       0                      3787
768 10053.033783273980589        0                      3792
769 10007.857566565391608        0                      3797
770 9799.5100939322692284      32.939409739589081028   3803
771 10015.190342573343514        1.200260142184757628   3807
772 10205.385163490254854        0.00360011190392395307 3812
773 10084.665583590107417        0.45994519393213872949 3817
774 10012.179016770771341        0.27509602684121459149 3822
775 9974.5241473854111973       0                      3827
776 9882.6800411585918482       3.0034249191854582861  3832
777 9903.6234243627786782       1.9985433473438416474  3837
778 9962.3386422666244471      27.762176581514601992   3842
779 9982.9367221155898733       0                      3847
780 9850.0838818378088035      10.391730425581640063   3852
781 9962.5264072482877964      95.774359336763794204   3857
782 9976.1000573809251364       0.70614505472775712658 3862
783 10171.231606173656473        5.6655313594912204422  3867
784 9916.4058262032140192      46.098246601899255381   3872
785 10210.743642002384149      361.54094451311823377    3877
786 9959.4540341113388422       0.1330255139786954699  3882
787 10094.598902871885002        0.22083097494468004185 3887
788 10104.421116003473799        0.11088589498998438487 3892
789 9895.6607852836150414       3.6737424919451155958  3897
790 10134.654170408943173       30.299404645295442862   3903
791 9964.5213431800548278       1.7229483380795134195  3908
792 9985.0143378341981588       0                      3913
793 9955.7616758796120848       0.04768817793832127311 3917
794 9960.071007270104019        0.57675415962544540616 3922
795 9967.3103300021557516       0.02051953873014374444 3927
796 10046.980408739467748        0.27553204613484089114 3932
797 9970.9083138133610191       0.58650049913427471093 3937
798 9989.873934279081368      104.30643644928819924    3942
799 9944.8481554493100703       2.1433820008405497504  3947
800 9993.7558910597781505       0.40359008231788467969 3952
801 10085.67021203296099       107.38082787909179672    3957
802 9955.2342442557383038      66.660812168628737595   3963
803 9953.845746214790779        0.04718646293259332047 3968
804 10043.623196169643052        0.35782329425798181655 3973
805 10127.237836774136667       19.003147940175676212   3978
806 9963.0436130633443099       1.7327880175232708293  3983
807 9976.8402991674956866       0                      3988
808 9944.367182670861439        0.1634604887456366229  3993
809 9958.8976616977197409       0.03453729781889026268 3998
810 9966.3145804238174605       0.00069453459589968681 4003
811 9973.4410730710296775      99.250006670891295357   4008
812 9973.8348931383407034       0.52090202254461859255 4013
813 9972.9438483975027339       0.70597361504338573823 4017
814 9975.0835921336274623      74.587078780966038494   4022
815 10066.338039015859977        0                      4027
816 10013.49257674000728         0.12276994521724214626 4032
817 9978.7875332623261784      27.788585828619538631   4037
818 9956.1002670473408216      20.707202434130401514   4043
819 9989.6084346913430636       9.0735249661580219538  4048
820 10009.496138733316911        0.06359335413675554216 4053
821 10029.320154323248062        0                      4057
822 9958.7067080020642607       0.03833306619425423667 4062
823 9973.2328453516965965       0                      4067
824 9972.5681039673181658       0                      4072
825 9970.6098573454455618       0                      4077
826 9965.0588597395053512       0.12929831531656144072 4082
827 10009.778808730347009        0.04550151880179040265 4088
828 10019.623226822372089        0.00961973548551632585 4093
829 10047.102050239285745        0.02946554129056276963 4098
830 10061.294775120346458        0.02190285347007572825 4103
831 10039.487801639330428        0.11897214054657158366 4107
832 9899.1026946739493724       1.3329962293408488261  4112
833 9936.7658710150462866       1.5860091563252558533  4117
834 9962.0183189574763674       0                      4122
835 9967.067342906482736        0                      4127
836 10069.361235106642198        0                      4133
837 9842.3173016532018664       7.5748041894317497125  4137
838 10051.489302669684548        0                      4142
839 9949.3360533075592684       4.6635981625183458021  4147
840 10127.922745331830811        0                      4152
841 9974.2728374158050428       0                      4157
842 9945.2743342604589998       0.07951139496613053581 4162
843 9954.7531972381639207       0.01256341611830869356 4167
844 9958.0337032638963137       0.00028542280138547509 4172
845 9959.3759057350453077       5.0257032873719111876  4177
846 9960.9221042956378369       0.93000821933143984488 4181
847 9963.2971403683586686       1.2578287652031081567  4186
848 10114.983264006856189        2.8627364372835715223  4191
849 9884.5037694070942962      46.896223991900498618   4196
850 9964.5379896466147329      94.876253230070958011   4201
851 10209.458469178753148       37.54203224267725858    4206
852 9856.5441082584475225     447.80813643590147421    4211
853 9936.5584568443591706       0.22503326834268244649 4216
854 10034.183674006892034        0.81237179027389783137 4221
855 9843.9974560887167172      29.295922572147315321   4226
856 9836.7644066539760388      29.038325577515074372   4231
857 10084.266312929237756        0                      4236
858 10055.144794195881332        0                      4241
859 9934.3062288570235978       1.1858071412701227665  4246
860 9947.4569651221845561       0.05945144370561829261 4251
861 9986.6760345583006711       0                      4256
862 9902.8769615724668256      83.339254613191485532   4261
863 9982.4286234559203876       0                      4266
864 9940.3683877703024336      88.975285980754179604   4271
865 9962.3863099530371983       0.8902875576783845224  4275
866 9945.7001344670625258       0.7783630419826701452  4280
867 10013.868741753920403       87.849377264019281597   4285
868 10064.587982803202976        0                      4290
869 9965.3538763835458667       0.97373419803033200992 4295
870 10032.237543572604409        1.8888505809403453028  4301
871 10044.729545282276376        1.4541560900953094393  4306
872 9979.7972701821254304      69.614631944650909645   4311
873 10016.592676673612004       68.244663581956530152   4316
874 10004.138328559562069        0                      4321
875 9955.7380079869581095       0.00870647430418759055 4326
876 9956.5644499199515849       0.00133142253248295602 4331
877 9963.6928722146476503       0                      4336
878 9961.507351870981438        1.047192374563411521   4340
879 9963.2420256038822117      24.692191330769933444   4346
880 9965.0661432325377973      71.293789735538084074   4351
881 9966.8448031123862165      96.384392802595883154   4356
882 9991.5584984383058327       0.00061497413204490367 4361
883 10010.579267038663602        0.15567481032092161941 4365
884 10069.322968116730408        0                      4371
885 9956.1774760432163021       0.83199908344506401381 4376
886 9953.259595148563676        0.01617369125143102229 4381
887 10011.366424073094095       93.415938762356645952   4386
888 9955.1417904187037493     118.05243192935361662    4391
889 9972.5836927565524093       2.1317640123341292657  4396
890 9963.7000034173706808       0                      4401
891 9960.5626658053315623       0.00026028127390173832 4406
892 9966.233912122059337        0                      4411
893 9976.722237954270895        0                      4416
894 9960.342062384404926        0.83343837762624628507 4421
895 9960.5398737732048176      94.429304894775100365   4426
896 9962.6416829326717561       1.0699915482061568284  4431
897 9960.3258392315638048       1.6128415475334387796  4436
898 10039.629096133676285        0                      4441
899 10039.790059929355266        0.00000268292428640361 4446
900 9956.1738627897848346       0.00600103003486124071 4451
901 9965.1654241401374748       0                      4456
902 9966.6321703816756781       0                      4461
903 10036.885262565056109        1.0799890093021213833  4466
904 10035.159369907116343        1.1410551803565509577  4471
905 9944.6193041151309444     119.24496958235634736    4476
906 9969.6247269896139187       2.2518871031278457906  4481
907 9965.1654241401429317       0                      4486
908 9952.3881346116868372       1.3227303054781665015  4491
909 9962.0111632712760183       0                      4496
910 9961.9933041954900546       0                      4501
911 9961.9721996423977544       0                      4505
912 9962.2011673942579364       0                      4510
913 9963.3141454820524814       0                      4516
914 9873.8284639187495486      16.400566521824401889   4521
915 9970.988947933401505       70.393352210366586519   4525
916 9977.0294652436714387       1.9558844459602062749  4530
917 9960.7346222179676261       0                      4536
918 9957.0338234284645296       0.00180800959796236253 4540
919 10060.977689106783146        0                      4546
920 9955.0600113599139149       0.00097146860537379988 4551
921 9962.3747305925116962       0                      4556
922 10013.831621096154777       65.581464549789217244   4561
923 9986.1308820925787586       1.5969951553832268942  4566
924 9939.78910767169873         0.56043535479403661093 4571
925 9962.6388336312993488       0                      4575
926 9981.2734452189797594       0                      4580
927 10030.786721791022501        0.16304503209153917154 4585
928 9924.2486964982726931      28.296459686359742847   4590
929 9938.9269021155869268      88.795047958258692233   4595
930 9951.7709652586891025       0.68270507115372547347 4600
931 9975.9761476835938083      19.240887775489703415   4605
932 10074.922030158986672        7.1423197581027553227  4610
933 10004.285626636728921       98.551194547619687114   4615
934 9966.5783788112603361       0                      4620
935 10025.230155915318392        0.02803657701293188129 4625
936 10026.781458213992664        0.02138943149056578286 4630
937 9938.744842457888808       90.838428408242208434   4635
938 9938.744842457890627       90.838428408225894373   4640
939 9992.164295121532632       66.905406814652408798   4645
940 9986.175070482193405        0                      4650
941 9930.1719836638021661       0.30141762064203292404 4655
942 9960.5772654479678749       0.00062293755846314796 4660
943 9931.5795132216298953       1.1567229704107677701  4665
944 9969.5092925353856117       0                      4670
945 9963.654112160043951        0                      4675
946 9956.3383917940373067      93.657209104787312981   4679
947 9956.7394947365501139       1.0080543591401300851  4684
948 9956.9956960227264062       1.212991139175450428   4689
949 10008.430198816775373        7.3364232030399980644  4695
950 10071.324043086531674       97.08538156987651746    4699
951 9991.7304663111608534      66.842616760397419284   4705
952 9930.2687919792751927       0.26126820691606761349 4710
953 9997.2460173425424728       1.4271578843454182373  4715
954 9998.697402253985274        1.3748887162130227768  4720
955 9946.5342005949842132     117.68561504359698233    4725
956 9969.6000182611605851       2.2409447977673644381  4730
957 9943.4572974771381269       0.06401557281553937884 4735
958 9960.576231384446146        0.00068674023242735061 4739
959 9960.9571891944087838       0                      4744
960 9945.9775406553453649       0.76911240050050611039 4749
961 9962.1937035665305302       0                      4754
962 9957.7969456979444658      94.063048683587737742   4759
963 9961.1121261913776834       0.88668664530918872568 4764
964 9960.2187968285361421       0.60360633663893703549 4769
965 10039.725020406758631       47.389823277917578537   4774
966 10041.047982068323108        0.41803060831239269302 4779
967 9963.4354664826078078      22.097321447105873204   4784
968 9950.4823261353303678       0.01350358982281617444 4790
969 9950.4823261353376438       0.01350358982279909782 4794
970 10034.277110694840303        3.6320879529231948624  4799
971 10036.00052757677804         3.6066647099007900223  4804
972 9981.2866510885160096       0                      4809
973 9972.4467831979982293       0                      4813
974 9956.748353007789774        0.00018739227688890556 4818
975 9965.1715324429369502       0                      4823
976 9968.043298906810378        0                      4828
977 9968.0931295840964594       0                      4833
978 9959.0492064765876421       0.58315364344967945964 4837
979 9959.6532557527189056       0.92629229222042397396 4842
980 9961.3629305864833441       1.0952876141399330301  4847
981 9963.2563006001637405      94.892569817853470227   4851
982 10039.201204396063986        9.5071898368896565756  4856
983 10042.174981510703219       41.016227288754087965   4860
984 9956.5257846051663364       0.00047000694882686639 4865
985 9965.1715324429369502       0                      4870
986 9965.1715324429387692       0                      4874
987 10035.935265053218245        0.00874219955238197087 4879
988 10038.062748679532888        1.5414117224317902544  4883
989 9981.0827560530578921       0                      4888
990 9949.1052557683797204       0.03338179391459772383 4892
991 9957.9886842000832985      22.013670121202988383   4896
992 9962.4159350557329162       0                      4901
993 9957.8204422577146033       0.0011370563058769594  4905
994 9962.1940953792764049       0                      4909
995 9955.4438804566179897       0.98404649290882539869 4914
996 9962.5711383043508249      77.042008214344505745   4918
997 9963.7920098071554094      71.651619599712262243   4922
998 10040.49001509579648         0.91052030529000049786 4926
999 10039.30201325688904         4.210293940998042217   4931
1000 9955.514403895354917        0.00076937338645695146 4935
