1 9572.2141994552730466     150272.19006957419333       6
2 9670.5619390756874054     140058.48908705412759       11
3 9723.0838822985097067     150516.96213334918139       16
4 9643.7500959264270932     151310.44498231550097       22
5 9739.5528125235814514     153047.29731050616829       27
6 9504.3870508281070215     70749.20003380808339       32
7 9437.1943600766826421     3126.806392547170617      38
8 9481.6521809464702528     22709.235639926511794      43
9 10017.307751746080612      112100.61754206789192       48
10 9441.7148353762022452     4471.551430819214147      54
11 9431.6602904424562439     5152.8765840872856643     59
12 9298.595301835995997      5134.4031592945366356     65
13 9236.8684952674066153     16029.964767191771898      70
14 9451.3153327526670182     11564.094651117415196      75
15 9460.8664181813674077     10169.459701371482879      81
16 9411.7832242907152249     20916.58797607469387       86
17 9656.110704571903625      21974.606598896996729      91
18 9562.2076091166054539     18622.413318203096424      97
19 9203.6019519523197232     14967.422818995195485      102
20 9202.4986672022660059     14633.175799622318664      108
21 9502.7998528106054437     2499.0590808810629824     113
22 9427.4594859365261073     2582.4110626784186024     118
23 9550.5373914382944349     5603.7799549589608432     124
24 9408.3539517794433777     3062.77876449041878       129
25 9527.6275682234609121     18620.550703816010355      135
26 9464.5723033722060791     3423.2525113021897596     140
27 9392.2063868761124468     5849.2682050783305385     146
28 9414.149315148981259      10756.49250898583341       151
29 9462.5046299026726047     3577.8876718010060358     157
30 9457.8438359597366798     7172.1291648217684269     162
31 9654.7432174439363735     11857.958877852650403      168
32 9629.5418293749025906     1922.4577401644016845     173
33 9464.0559935684050288     5174.4139793860522332     179
34 9636.5927355801413796     5930.808549184959702      184
35 9374.7160906032440835     2381.8943038473857996     189
36 9701.4374305409401131     15003.963460206823584      195
37 9682.4364988790403004     4919.2333153750050769     200
38 9641.5278646381320868     3810.0139949876775063     206
39 9655.8153461792990129     8810.2688085508125369     211
40 9719.85855438460203       2017.8508939707401169     216
41 9741.3063127032273769     3877.4191915056089783     222
42 9552.2428568174855172     5518.736299174339365      227
43 9556.9993036809846672     8169.7463683843861872     233
44 9367.1273295518476516     300.64753580395040444    238
45 8996.7047056321935088     5314.7230781717698846     244
46 9724.2360657073913899     4554.7217890383853955     249
47 9344.88494796280429       1275.5207264887969814     255
48 9368.2598089960265497     1055.9936473734885567     260
49 9390.5677180075181241     1389.5893087888146056     265
50 9536.1193629892659374     739.48953549586258305    271
51 9272.4158847507787868     2442.9428397089104692     276
52 9417.0608733609988121     1085.6468718683386214     282
53 9370.7445386726612924     2167.5454634030852503     287
54 9196.578782025104374      941.73731933450562792    293
55 9537.4734514297488204     2675.7416559475695976     298
56 9327.1302037631758139     4431.7805774458765882     304
57 9541.5324309420630016     1605.0072910001977107     309
58 9502.7320034367767221     2743.2136987380208666     314
59 9374.0807582984307373     2656.5482796936203158     320
60 9039.3173472384387424     4886.9880933252625255     325
61 9205.5049230506174354     11252.266249578098723      331
62 9142.8178861370761297     11105.074499804361039      336
63 9182.2020390415655129     160.17468740345893252    342
64 9007.8935408532233851     3110.9310920609968889     347
65 9177.5026785563277372     1917.9043530263661523     353
66 9259.6608150412102987     171.29949217088139335    358
67 9148.5309624592628097     1788.6507847172847505     363
68 9433.4122513312322553     308.87125392619549302    369
69 9294.619129411978065      1788.9008091560046978     374
70 9365.7008814598611934     779.72543577280589489    380
71 9290.3802680737571791     2127.5336275860454407     385
72 9373.015936277446599      1034.1756075030848478     391
73 9299.1664545745115902     1964.2988890579865711     396
74 9348.7945504441049707     997.14617361766340764    401
75 8779.8160842669294652     1603.369713083654915      407
76 8942.2986784400109173     6040.8771539393728744     412
77 9300.6025340897213027     2238.8895939012304552     417
78 9340.6578955656004837     957.58386563554938675    424
79 9334.9414498240112152     2230.357148909445641      429
80 9329.427720846115335      940.47498101731321185    435
81 9042.0313691952433146     191.44404724975584031    440
82 9227.4218395220013917     9246.7558242028208042     446
83 9316.1263196002510085     2154.2922461405205468     451
84 9246.3269839673848765     15176.563310351168184      457
85 9184.8399119513142068     242.47741965313062451    462
86 9110.4038683873750415     1602.4232330379372797     467
87 9101.6011266648256424     4844.2560744371812689     473
88 9183.3767185836422868     3126.9547731225466123     478
89 9496.3145237789358362     6204.5072380924175377     484
90 8811.732424784991963      1614.2325239720787522     490
91 9035.2152714858038962     2753.0247256444527011     496
92 9253.0703208663326222     2110.0888297544333909     501
93 9305.3009914012400259     227.30222862933663919    507
94 9113.2924349390323187     7260.3298627811836923     512
95 9164.6305724334160914     145.63039847653692505    517
96 9109.2739492686159792     1230.6860286094997718     523
97 8927.0504620695792255      22.829939310103533501   528
98 8732.3979930164041434     4050.4813192376705047     534
99 8699.7694953450554749     847.10076147922143264    539
100 8934.0540595097627374     2629.9903200236076373     545
101 8964.6102445434225956     2144.0242188181164238     550
102 9226.0064632288977009      72.065140641513536934   556
103 8891.0575005329064879     2374.1990627942336687     561
104 8921.7528389555191097     278.08956044311815958    566
105 8937.2881882452802529      37.033852016425598208   572
106 8993.9617458057873591      18.088041792150054476   577
107 9029.9761224186058826      21.852671492724258684   583
108 8798.0906527412371361      35.803810663090288813   588
109 8929.5998948051983461     329.08229655399344438    593
110 9047.7521854728856852     102.41211222391720526    599
111 9046.2844966830089106     750.21898432400712409    605
112 8981.6663857557214214      19.615898936274589914   611
113 8656.5798222933717625     1806.9239947266469244     616
114 8620.4722403856503661      84.832204214866337111   622
115 9462.5067530013857322     331.97250922466764678    628
116 8998.2748266067683289     208.91175058292793665    633
117 9155.7518341208633501     369.5016626780835054     638
118 9073.6047619049022614      27.17504326091078326    644
119 8852.767865433705083      251.06929805243700571    649
120 8993.5927564690791769     1835.592951710276111      654
121 9044.0452894416521303       2.5066048197116059804  660
122 8905.8797000372214825     3643.6206512399317035     666
123 8898.3575163012119447     471.90301063576413299    671
124 9002.2548544766323175     2389.4229009796686114     677
125 9075.2106393708454561      52.398259501653761561   682
126 9234.6252110736550094     921.6644111534832291     688
127 8622.3514761122423806      73.739022406228428963   694
128 8621.6963805363084248      74.20290542720817939    699
129 9011.9614180201897398       6.1839601461320938824  704
130 8905.45501789716036       221.52771191209026824    710
131 9114.9502507951801817      11.199282558608343763   715
132 9150.3138053822112852     1235.1798569474779015     721
133 9008.8556687473719649      61.140385258358342924   726
134 9039.0464926814274804      68.042375697777103483   732
135 9048.633177163599612        6.0468541571213831887  737
136 9101.3835696225178253      10.10177895285228189    742
137 9212.4535711082608032       0.0745962552104383475  748
138 9114.4944270656378649      38.297734895977903591   753
139 8915.9751418472696969     1482.1282618120576444     759
140 9176.7633433671962848       3.627583418076768762   764
141 9048.9529422765299387     1649.3668257278759484     770
142 8941.8012358484411379      12.935279551337275805   775
143 11163.493786271345016      916.80960965073984426    780
144 8621.5341342455012636       0.06002830184753443765 786
145 8612.6896030630196037     17767.085945932140021      792
146 8218.3913170904015715       0                      797
147 8251.9007974630621902       9.4135643482839661544  803
148 8122.112001291661727      3733.7583534580498963     808
149 8119.9774426266194496     3631.5693511735639731     814
150 8120.1183718232805404     5200.0253839450651867     819
151 8320.2557201490672014       0                      824
152 8799.2987654668868345       4.4031749748556245905  830
153 9690.7323888655937481     1647.9196822553510628     835
154 8251.1630085022370622       0                      841
155 8264.512875268173957      491.622525829182905      847
156 8269.8316737119457684     104.07391155287965034    852
157 8259.5646992185211275       0                      858
158 8510.7428588391576341       0                      863
159 8548.7558483723005338     504.008869030477058      868
160 11004.978930918743572        1.4651959024359513251  874
161 8287.6836673904617783     1480.3468817022478561     880
162 8302.5292208696737362     824.72590602397144721    885
163 9302.9149038020841544     12092.124951446483465      890
164 8965.7330745911385748     53238.258291016980365      896
165 8128.4997320487555044      70.879109129363399688   901
166 8207.1742042182595469     247.6329466186290631     909
167 8238.8738447291179909       0                      914
168 8695.5927570702915546     22458.971593865917384      920
169 8788.2275490216343314     354.00235848216118484    925
170 9091.2418993659084663       0.19951624524677954997 931
171 8595.7870420532253775     138.75814972279022186    936
172 8605.8901131410948437      31.819919600700352191   941
173 8217.8113907459028269       0                      947
174 8230.4724046840128722       0                      952
175 8270.8575499132002733       0                      958
176 8217.0440893642025912     2514.8973974939503933     963
177 8217.2709784551334451     2521.5727835505540497     969
178 8528.7652879864144779      80.109254552715540854   974
179 8224.0024795583340165       0                      979
180 8259.171013550760108        0                      985
181 8275.1775437699543545      22.772796517372054126   990
182 8886.7507556800319435      15.77842437809121634    996
183 8225.9246529655138147     345.10087691141092137    1001
184 8244.2196096374336776       0                      1006
185 8222.682526603966835      3845.5345611050302068     1012
186 8233.1494704539691156      71.890892254579341625   1017
187 8769.9179908690439333     3412.5657011389712352     1022
188 8795.6566848207839939     7645.1710929595183188     1028
189 8158.4446307840471491       7.2544863365548462042  1034
190 8312.2044334894308122     247.60744458162702131    1040
191 8398.6796423857231275     1146.2348099828659542     1045
192 8398.3185473210742202     1149.2408924116418802     1050
193 8172.1745165410284244     137.82993688698948631    1056
194 8632.2930524898802105       4.7524508232466970981  1061
195 8218.352571587811326        0                      1067
196 8643.2932131865109113      70.700008603686015363   1072
197 8184.6925777080350599     134.31849124065320211    1077
198 8217.8946550988403033       0                      1083
199 8220.3275010927081894       0                      1088
200 8210.4244722482762882       0                      1093
201 8220.9860943900421262       0.06849406421019690883 1099
202 8269.325194233608272        0                      1104
203 8317.4370561276846274     20169.512423695698089      1110
204 8300.0398895029029518     25863.549465391173726      1115
205 8591.188729388448337        9.7479529852970241421  1120
206 8210.6280758973407501       0                      1126
207 8387.3123121359622019      34.602367571287288683   1131
208 8176.7342536774840482       0                      1136
209 8413.2230753186631773     872.25360187687169855    1142
210 8818.7925242044912011     1007.8657133845803173     1148
211 8100.3992331914969327     105.68866127827382684    1154
212 8178.461860734293623        0                      1159
213 8265.7243644189475162      90.699675488853145566   1164
214 8564.2736789119444438      16.643534973036064883   1172
215 8235.2170942820957862       0                      1177
216 8363.7873169468039123       0.17751774662094346735 1183
217 9097.4775890074815834     261.3141562273940508     1188
218 8190.7187057595483566       0                      1194
219 8282.3546741774498514       0                      1199
220 8184.2204276156107881     272.98235656236630575    1204
221 8261.7049891852566361     1467.0728153716011093     1210
222 8227.3990395180335327     3517.79777867051871       1215
223 8540.8222487660914339     718.08832514064988572    1220
224 9038.8011523412696988      68.800922866232951947   1226
225 8150.8697111966494049     3146.5799683873747199     1231
226 8414.7842086810924229     798.37796456408307222    1237
227 8166.739090046848105      5102.8154319469540496     1242
228 8406.8037332071908168     14247.098757099278373      1248
229 8382.6495588494963158     189.5266246590918513     1253
230 8195.3712054115458159     4694.2962186696113349     1258
231 8198.3576597272440267     123.34911871571081576    1264
232 8592.7836468374480319       9.4083450580050609346  1269
233 8178.6311209653949845       0                      1274
234 8223.722223804312307        0                      1280
235 8822.5009698801386548       0.21271171473989966549 1285
236 8357.9074176548165269       0                      1290
237 8197.3589267236093292       0                      1296
238 8175.6978353893555322     315.18378358666143413    1301
239 8180.9885518236169446       0                      1306
240 8191.849455341466637       67.579405734133189299   1312
241 8208.6603694641962647       0                      1317
242 8731.8781220295677485     1400.6929162144267593     1322
243 8273.1369645462764311     2405.3918826169765453     1328
244 8163.8380770056201072       1.7037003968481609917  1333
245 8693.6575426619692735     191.59806793171952677    1339
246 8847.0173062391495478     285.70456295999395024    1344
247 8172.3182977128053608       0                      1350
248 8521.1864024031201552     5659.1223750668723369     1355
249 8741.3166876540635712     1486.3329245504589835     1361
250 8155.1546189540558771     2408.1870619126334532     1366
251 8193.8540011813765886     2624.2908182972873874     1371
252 8616.0720833918840071     428.17591022320272032    1376
253 8222.3715408069565456       5.7787703677199955266  1382
254 8509.1770085527259653      21.056878978438351879   1387
255 8177.5895548384869471     254.74451562736345522    1392
256 8169.3160619188165583       2.5733017901178953935  1398
257 8165.4472204829908151      42.100747560575044304   1403
258 8173.7724361606797174       0                      1409
259 8177.295258022993039        0.96997143280101949525 1414
260 8210.2908999613991909       2.5824433466426452988  1419
261 8172.0089993272058564       0.26188761484829231607 1425
262 8344.1380450034739624      26.878334353022165004   1430
263 8611.5953856983251171     4103.6083947666738823     1435
264 8771.7595537031411368     452.24604280084685115    1441
265 8149.6486936165747466     2219.5360852593344134     1446
266 8518.092868718696991      5741.9848144206762299     1452
267 8510.0160564480374887      26.262610465327831832   1457
268 8479.9716580129825161     1028.0385112734004451     1462
269 8217.4677715165234986     2213.8447479411315726     1468
270 8214.0994865227385162     3272.5967592228062131     1473
271 8567.4831890550321987       4.1443859660439361647  1478
272 8476.1248839923682681      67.993795187663039314   1484
273 8153.6353227570289164       0                      1489
274 8129.2074449884239584       0.05935989383062149904 1494
275 8140.9408564398545423     1557.4359749994259801     1499
276 8132.3409036439643387       0.76303512460045086474 1505
277 8101.1098569244059036     230.05999228842222237    1510
278 8092.9423488006686966     341.11087446925120048    1516
279 8093.1436627900820895     349.05725440419598726    1521
280 8323.7242648531064333     6078.3743308487464674     1526
281 8235.3166010297863977       7.5477459693988686595  1532
282 8563.132543885960331       13.477452247124618978   1537
283 8129.7987225905044397       0                      1543
284 8132.6182089523044851       0                      1548
285 8094.4884475690796535       0                      1553
286 8525.0468908937309607     225.53150274846981915    1559
287 8099.136555520379261        0.00442955626132838023 1564
288 8217.7044948526290682     4747.7211418500664877     1570
289 8103.8193165441025485       0                      1575
290 8127.9256836766935521     954.13167436683181677    1581
291 8096.481352933224116        0                      1586
292 8145.741874814347284       71.311280706377559113   1592
293 8400.7953970280796057      29.242463513848477419   1597
294 8198.1492177556538081     4622.0369816423608427     1603
295 8250.2185308905554848       0.67007119836862705231 1608
296 8096.8288269381546343      32.389467718992747791   1614
297 8093.8313300559439085      20.904479184163225369   1619
298 8145.4429505789676114       0.97493004521803194873 1624
299 8130.3990800327283068     1830.773355140117701      1631
300 8292.1954430911700911     108.35460706615889137    1636
301 8132.1487445511111218     2700.5861446152384815     1642
302 8137.8388321704733244     826.46560364075855887    1647
303 8154.6451716911396943     873.53911837151156305    1652
304 8123.6116374963448834     282.99649015619127113    1658
305 8119.9847891206600252     1715.9410085712681848     1664
306 8100.360022586289233        0                      1669
307 8093.2553139804695093       0                      1674
308 8492.9512547122230899     10886.069554835818053      1680
309 8099.7656164728796284     935.42587672205638682    1685
310 8097.777687377316397      600.10810116625407318    1691
311 8104.9625690447173838     257.99320254799982877    1696
312 8096.0860498293295677       0.99032062640706697287 1702
313 8106.0753801780365393     157.33988645875928114    1708
314 8474.2004428963882674       4.7557261593744541983  1713
315 8098.7591214472085994       0                      1719
316 8136.0386461220950878       0                      1724
317 8106.874616076217535       13.803269392255048231   1730
318 8142.9333082623170412     410.91079891569597748    1735
319 8107.6783028525169357     365.20608513655088245    1740
320 8113.2596778201113921      16.135635743144700172   1746
321 8110.5394793223131273     1100.0400252251581605     1751
322 8120.1151305206840334     1115.6118021859811051     1757
323 8201.657586166922556      8076.4150392918099897     1763
324 8281.232510439298494      8442.2945133892608283     1768
325 8103.7925728182435705       0                      1774
326 8156.1318881719980709     374.58872579186294161    1779
327 8155.0406476759399084     374.48285843125563588    1785
328 8166.4119358036841732     6748.7780450376621957     1790
329 8463.6797274680866394     154.28112632355316691    1796
330 8400.3084114764933474      53.586992131275366091   1801
331 8092.2736066927809588       0                      1807
332 8132.3111249895009678     525.78363848468029573    1812
333 8135.7795953247132275     784.19070729760369431    1818
334 8152.4150279284131102     1145.4686842293563132     1824
335 8154.1278941060618308     1144.7746829088951017     1829
336 8389.5706111364233948      60.438870026912255184   1834
337 8091.1336598292600684       0                      1840
338 8089.3754585804044837       0                      1845
339 8158.2823109466453388       4.9988602469846927789  1851
340 8157.7665833390447006      24.74597371547415392    1856
341 8093.041923581359697        0.41367817097841119711 1862
342 8089.6863038574920211     433.26744797001958887    1867
343 8107.1951014682372261       5.2526451861236465035  1873
344 8122.3713303234235354     367.19129670777846286    1879
345 8145.4886974472819929     113.10619590524680689    1884
346 8136.8550607252318514       0                      1890
347 8096.2265157092388108       4.7125968504817974392  1895
348 8113.9870835826468465      28.429005758535115689   1900
349 8107.5534913839537694       0.1529056556393915689  1906
350 8108.1590514924519084     3674.0000008287047422     1911
351 8109.7399849310722857     471.01067133290678157    1916
352 8142.8179830080080137     4485.8304892031337658     1922
353 8133.3340112054247584       0                      1927
354 8143.1977281673453035     4742.7911595363912056     1934
355 8156.3846993887445933     4798.9252973334796479     1939
356 8153.8737514012991596     1336.6313825500160419     1945
357 8115.2931608116086863     321.31254461540027023    1950
358 8743.1532954470676486      17.099480419205182358   1956
359 8196.3372630608755571       2.5024944901931553964  1961
360 8091.3627529286422941       0                      1966
361 8105.3672112685699176     331.9684594584020374     1972
362 8103.3820667735126335       0                      1977
363 8087.7226389667193871       0                      1983
364 8114.314152369549447        0                      1988
365 8097.3285096999707093       0                      1996
366 8106.7110019256706437     304.209069461068907      2001
367 8088.899636227532028      400.34905658853733712    2007
368 8098.6680874819130622       0                      2012
369 8857.374682851437683        0                      2018
370 8220.3713319097350904       4.89676219791320122    2023
371 8193.2263001119681576     216.90180585471978247    2028
372 8087.6805637380439293       0                      2034
373 8087.6989745429609684       0                      2039
374 8091.7056124198879843       0                      2045
375 8214.0537321093179344     2244.0406168276026619     2050
376 8145.7948459022154566     1222.0952485470595548     2056
377 8746.4777451214868051       0                      2062
378 8258.8446247396059334      15.979304097976305243   2068
379 8258.0252969558951008      24.564387939507085434   2073
380 8091.4988802729894815       0                      2079
381 8087.698585534933045        0                      2084
382 8090.0310743774398361       0                      2089
383 8085.5775229864229914       0                      2095
384 8109.402242942036537      880.1432786432822013     2100
385 8210.4305413881829736     7827.9051476056492902     2106
386 8095.6733020549618232      56.368995057908151125   2111
387 8082.9362261007727284     352.57323653748238712    2117
388 8131.5460726584924487     3479.967176535467388      2123
389 8818.4462051393929869       0.68191096665918682351 2128
390 8262.5081426049364381      29.321082384064798276   2134
391 8085.9940260186676824       0                      2139
392 8110.5226270383955125      59.045603495243568659   2145
393 8085.5097642561786415       0                      2150
394 8085.5504772716176376       0                      2155
395 8097.9541016652974577       0                      2161
396 8095.4878359282447491       0                      2166
397 8107.6988449052614669     606.6012123083323786     2172
398 8092.9778961024576347       0                      2178
399 8833.3335990466966905       0                      2183
400 8260.0834773918777501      28.535228725004213146   2189
401 8087.2411701288310724     303.55380868152485618    2194
402 8089.821991806465121        0                      2200
403 8085.8925627043672648       0                      2205
404 8103.6115707042526992     477.82199116840007491    2211
405 8159.2207393054477507      31.428481543128118147   2216
406 8117.9699434485537495     507.76212221982183337    2222
407 8112.7472177592735534     622.34260393446288617    2227
408 8126.3411168435468426     1953.1409464649284473     2233
409 8172.3463791268623027     1091.1183391204190229     2239
410 8126.0787905425786448     2353.4445450108864861     2244
411 8094.2505426315474324     213.36687200021938793    2250
412 8126.5245686922798996     4070.0620997031951447     2255
413 8115.4720697118891621     1806.2127289988823122     2261
414 8093.4023472508097257     202.04759257713587317    2266
415 8788.0986603336168628       0                      2272
416 8240.4233398155647592      32.695093368178831383   2277
417 8084.7952936975007106       0                      2283
418 8084.6784886259765699       0                      2288
419 8104.403471322401856      675.49610489905035138    2294
420 8115.316151875077594      1285.4776499548829634     2299
421 8085.0931890551573815       0                      2305
422 8858.9299596817782003       0                      2310
423 8291.8937741860409005      46.201737485440673936   2316
424 8090.553270530388545        0.64516920038969671758 2321
425 8084.5574875890679323       0                      2327
426 8084.2761164047606144       0                      2332
427 8093.902495660601744        0                      2338
428 8082.9397096476723164       0                      2343
429 8117.7924441551767814       0.19398193259663154553 2348
430 8084.6298021756138041       0                      2354
431 8120.5037832734797121       0.01412560334371132376 2360
432 8143.8746148837071814     405.26151054130315288    2365
433 8750.4114239171631198       1.3139866337736663127  2371
434 8289.4176340209105547      45.327628019690116901   2376
435 8083.9639224470774934       0                      2382
436 8144.3411874580178846       0                      2387
437 8084.6039588453231772       0                      2393
438 8088.7287240867190121       0.03464907541499646221 2398
439 8096.4173801580773215       0                      2404
440 8154.1561823447455026      12.74242724752360445    2409
441 8083.1297297738610723     348.06473245657866755    2415
442 8098.6753498660973491      15.504803407339119659   2421
443 8124.8089553950849222       0                      2426
444 8125.2255130997509696     292.32996754420514662    2432
445 8088.9420949565210321       0.00020818122200391055 2437
446 8139.2555776887302272       0                      2443
447 8090.5016647896409268       0                      2448
448 8831.7108984935057379       0                      2454
449 8082.7056877950608396       0                      2459
450 8082.8806928935018732       0                      2465
451 8113.0502868297953682       0                      2470
452 8082.6392349790812659       0                      2476
453 8095.3430494722188087      53.041829584216429794   2482
454 8089.3335152078843748       0                      2488
455 8820.9675786887873983       0                      2493
456 8294.621358997108473       47.26237882645965982    2499
457 8106.2329216987545806       0                      2505
458 8107.618486194101024        0                      2510
459 8149.9802883854554238       7.4594240328093199821  2516
460 8345.4321872506425279     126.17698264447145107    2521
461 8151.7853082715428172       0                      2527
462 8275.8456772272584203     104.99382441449252212    2532
463 8084.5940274431513899     585.75977982766164587    2538
464 8135.9298493512669666      80.871649158683140968   2543
465 8142.3143732217458819       0                      2549
466 8326.9689989982907719     351.29763148472522971    2554
467 8157.5721361817850266     270.55870713771901137    2560
468 8087.4953624131585457       0                      2566
469 8082.3744569608152233       0                      2571
470 8128.5969787710355376     391.16288275870209645    2577
471 8088.9413518074043168       0.26177884880219609576 2583
472 8528.2120652882822469      25.210418391848655517   2588
473 8269.8041592568642955      42.319432110932595492   2594
474 8084.9557015178615984       0                      2599
475 8099.6041702830925715       0                      2605
476 8138.810236382047151        0                      2610
477 8154.9393911777997346       8.9066798523708996527  2616
478 8091.6180289622407145       0                      2621
479 8092.7683130872110269       0                      2627
480 8103.4475272081335788     427.59156707386813423    2632
481 8124.8608469269765919     211.43289570868299165    2638
482 8114.154713392155827      455.30337051121904324    2643
483 8098.9711975236723447     501.27350631896268851    2648
484 8119.68768753061795         0                      2654
485 8104.8035456805837384     391.47269610654717553    2659
486 8082.2899812574278258       0                      2665
487 8082.9460517256029561       0                      2671
488 8082.2912746787433207       0                      2677
489 8089.1155724693580851       0                      2682
490 8097.289850126251622      282.98657887679007672    2688
491 8091.4025584280270778     529.48613547395780188    2693
492 8644.8477667064216803      13.231825909099567795   2699
493 8255.86457432095267        39.029575119821203089   2704
494 8084.1460294932085162       0                      2710
495 8084.4223571989123229       0                      2715
496 8120.7218354382166581       0                      2720
497 8083.9378831866333712       0                      2726
498 8083.9942894624382461       0                      2731
499 8086.4740472298854002       0                      2737
500 8091.0195527608721022       0                      2742
501 8089.0173253399725581     107.68621633582020536    2748
502 8091.6676147633470464       0                      2753
503 8106.2538089478794063     151.99177603387610702    2759
504 8109.805683902304736      529.87307047912759117    2764
505 8092.4945579746126896     200.45258503839897912    2770
506 8092.9647211871488253     209.68629246081854944    2776
507 8095.9795745327965051       0                      2781
508 8098.0756527150788315     110.47703932932350313    2787
509 8211.7593091745184211      88.233507886808354215   2792
510 8116.4613069305441968       7.4677757660334247447  2798
511 8083.0208254218832735       0                      2804
512 8083.518772737411382        0                      2809
513 8082.3064134966543861       0                      2815
514 8084.7829569364257623       0                      2820
515 8084.1479659130054642       0                      2826
516 8085.8874560218182523     441.04689023333389741    2831
517 8083.4792225921428326       0                      2837
518 8083.1294340426056806       0                      2842
519 8094.3180187229236253      83.199005623101584206   2848
520 8094.4280438003061136     355.33303983458193898    2853
521 8105.7195360260075176      77.443100771931653981   2859
522 8098.8799541984080861     100.26206073773408889    2864
523 8102.074062686589059      358.92763429523535024    2870
524 8087.780101880217444        0                      2875
525 8141.3713710120046017     205.98185506284730195    2881
526 8097.1719336326586927       0.00135467096542103791 2886
527 8082.2721572804803145       0                      2892
528 8082.2285882964224584       0                      2897
529 8082.1869194926021009       0                      2903
530 8085.8703030380020209       0                      2908
531 8098.9109210459801034       0                      2914
532 8099.0302132303568214       0                      2919
533 8250.408064012255636       65.933356710366865627   2925
534 8104.6784227031339469       3.5354629530601662246  2930
535 8082.5161429978215892       0                      2936
536 8084.2386499294916575       0                      2941
537 8082.2515571054473185       0                      2947
538 8082.4275967048706661       0                      2952
539 8083.3167604910104274       0                      2958
540 8090.3053744842636661       1.3128010950560093928  2963
541 8084.4664953977962796     331.94568471415607291    2968
542 8084.7937514323903088     311.44238699501761403    2974
543 8089.4024687746505151     403.99613674196024249    2979
544 8094.7197082318816683     107.2143968172178603     2985
545 8097.3343728867994287     938.35337637347686268    2990
546 8082.8608787648427096       0                      2996
547 8089.429708974953428      958.39161777912840989    3001
548 8084.3047122143971137     291.13424804724775186    3007
549 8099.1506883023794217     232.9417071741397649     3012
550 8086.2871848175591367       0.27649401227441816609 3018
551 8082.1488630388003003       0                      3023
552 8082.121764202887789        0                      3029
553 8082.3598581388114326       0                      3034
554 8081.9688997420371379       0                      3040
555 8086.8621185691172286       0                      3045
556 8083.3900569512570655       0                      3051
557 8082.015314281395149        0                      3057
558 8084.2756364808137732       0                      3062
559 8104.6973048476811528     343.53963987320639717    3068
560 8746.873686161263322        2.016756826152233284   3073
561 8215.0255221098559559      22.412978879506191277   3078
562 8082.1368767432859386       0                      3084
563 8082.4514798267900915       0                      3089
564 8089.4295818650689398       0                      3095
565 8083.1362013021571329       0                      3100
566 8083.2854828360623287       0                      3106
567 8084.5544767563196729       0                      3112
568 8097.3694403287390742     108.34599358539192338    3117
569 8089.6509143267740001     340.3281957742978534     3123
570 8093.2844725001814368     403.66036815931062165    3128
571 8096.6766377601743443     110.05582195518643118    3133
572 8096.438485057791695        0                      3139
573 8089.3495803301066189       0                      3145
574 8089.6877180625633628     189.52240261575801128    3150
575 8089.8413614290338955     189.82107851651329611    3156
576 8223.0276158572705754      95.494454180660298448   3161
577 8118.9183426317649719       8.3771296779478365835  3167
578 8082.0101018457571627       0                      3172
579 8082.5164151833687356       0                      3178
580 8082.8765032220671856       0                      3183
581 8084.712250703675636        0                      3189
582 8088.7544422047485568       0                      3194
583 8083.0765366988134701       0                      3200
584 8082.6884895484745357       0                      3205
585 8082.8122898560495742       0                      3210
586 8084.6232808229851798     293.59962710834582822    3216
587 8093.4259614311231417      11.165731699262117615   3221
588 8086.471624316877751        0                      3227
589 8082.2048035934139989       0                      3233
590 8082.1909453625485185       0                      3238
591 8139.9097303853959602     196.35482931988477162    3243
592 8097.0733244310595182       0                      3249
593 8081.9528090892717955       0                      3254
594 8081.96830024067458         0                      3260
595 8084.8015796707168192       0                      3265
596 8086.1957004616533595     360.65074752403677394    3271
597 8226.1935253605388425      92.029022450746310824   3277
598 8118.5625377393116651       8.1410890816597376585  3282
599 8082.0119779958913568       0                      3288
600 8082.2596834764308369       0                      3293
601 8083.4919349558931572       0                      3299
602 8081.9724872970182332       0                      3304
603 8082.8495426452791435       0                      3310
604 8082.9238507761001529       0                      3315
605 8082.3176996799184053     342.0992687257641478     3321
606 8082.2432777565609285       0                      3326
607 8090.1435061094634875     284.37573353091693207    3332
608 8101.5976079856254728     109.83892093876576723    3337
609 8089.6554691217215804     106.64835032303045637    3343
610 8087.3719675691381781     141.38310880941395453    3349
611 8088.5809235033348159     975.08419093274926581    3354
612 8100.6386648490570224     288.6990722242384777     3360
613 8086.2195126225005879       0.2105582791823489841  3365
614 8081.9221397464452821       0                      3371
615 8082.7306026520582236       0                      3376
616 8082.0773389342584778       0                      3382
617 8098.853661698652104      223.59912570762116957    3387
618 8086.1230696715265367       0.1971826099992149417  3393
619 8081.9400450192815697       0                      3398
620 8081.9877914883136327       0                      3403
621 8082.1206184282636968       0                      3409
622 8082.1818450109976766       0                      3414
623 8082.8058755707770615       0                      3420
624 8082.9217348223628505       0                      3425
625 8084.2443597975052398       0                      3430
626 8083.9626471573128583     542.73544361118888446    3436
627 8097.9512517994444352     100.30828338406685418    3441
628 8088.671143669797857      342.2710269718940026     3447
629 8092.2839890291606935     262.35562909515442698    3452
630 8085.7591623049183909     293.2398841582404998     3458
631 8084.1033297862686595       0                      3463
632 8082.6969431469387928     323.84692505598394519    3469
633 8082.1001384586297718       0                      3474
634 8081.965772105598262        0                      3480
635 8081.9825796201921548       0                      3485
636 8082.0370551031592186       0                      3491
637 8089.510271179638039        0                      3496
638 8081.9211737546875156       0                      3502
639 8082.0597368605394877       0                      3507
640 8082.5274472538440023       0                      3513
641 8082.0449182296651998       0                      3518
642 8099.4256084090893637     222.58199348205786805    3523
643 8086.0501732094835461       0.19111535924707939715 3529
644 8081.9581619597693134       0                      3534
645 8081.9949168786088194       0                      3539
646 8081.9991968318126965       0                      3545
647 8082.0920889200260717       0                      3550
648 8082.4617707204542967       0                      3556
649 8082.9555726657345076       0                      3561
650 8082.7617669329974888       0                      3566
651 8088.3230867374950321     112.44377576056773194    3572
652 8095.8939663801284041     134.91350511670941614    3577
653 8089.4376606787645869     383.08777297725936251    3583
654 8083.1458196072062492     382.11494473890144263    3588
655 8082.0567545420435636       0                      3594
656 8082.0567545420381066       0                      3599
657 8082.6097674494776584     320.84948943371477981    3604
658 8082.1196660326786514       0                      3610
659 8081.9445026055718699       0                      3615
660 8082.7630031153967138       0                      3620
661 8082.9252075547710774       0                      3626
662 8081.9188363476487211       0                      3632
663 8081.9162248666207233       0                      3638
664 8081.9479957019520953       0                      3643
665 8081.9191948144716662       0                      3649
666 8098.8593755499796316     224.02511800573623191    3654
667 8086.1448027187479966       0.2042978521732518038  3659
668 8081.9226142547122436       0                      3665
669 8081.9800493565417128       0                      3670
670 8082.4863573316379188       0                      3675
671 8082.9223788948083893       0                      3681
672 8089.6334165416146789       0                      3686
673 8083.5261993497588264       0                      3692
674 8082.5869556191764786       0                      3698
675 8082.8470126727825118       0                      3704
676 8085.1006679909496597     577.11346259237268441    3709
677 8089.4450881440516241       0                      3715
678 8082.2364558261733691       0                      3720
679 8081.9186758322175592       0                      3726
680 8081.9532727287796661       0                      3731
681 8082.6116743443762971     324.38860652141278251    3736
682 8082.1116251258290504       0                      3742
683 8081.9278156039708847       0                      3747
684 8081.9472534606575209       0                      3753
685 8081.9647328595447107       0                      3759
686 8089.2711011850415161       0                      3764
687 8082.7626878848122942       0                      3770
688 8082.8482231224115822       0                      3775
689 8083.9939652592502171       0                      3781
690 8082.1662878288325373     333.64622800429077643    3786
691 8084.070892771122999        0                      3791
692 8091.6324672509781522      11.981184634727711114   3797
693 8082.0010849093805518       0                      3802
694 8082.0273978743925909       0                      3808
695 8091.2228113844794279       0                      3814
696 8090.8640929032862914       0                      3820
697 8082.6322711055590844     325.47618562626138328    3825
698 8082.1050859842971477       0                      3831
699 8081.9201044582987379       0                      3836
700 8081.9229929209686816       0                      3842
701 8081.9428681556455558       0                      3847
702 8081.9937387579857386       0                      3853
703 8082.9190409795492087       0                      3858
704 8090.1037349118996644       0                      3863
705 8081.96140723937242         0                      3869
706 8082.1833657131273867     336.43402831244418394    3875
707 8088.6289266785242944       0.00003841901736488167 3881
708 8087.7374503698138142       0                      3886
709 8081.9821474173159004       0                      3892
710 8081.9186172812906079       0                      3897
711 8088.5746947726720464       0.10298859252073119808 3903
712 8088.8059526682118303       0                      3908
713 8082.7552682246541735       0                      3914
714 8081.9710313730029156       0                      3919
715 8082.0148372591065709       0                      3924
716 8082.0100337485700948       0                      3930
717 8081.988709776243013        0                      3936
718 8088.3167380984550618     112.80264467200218803    3941
719 8082.1652295206849885     331.95092014032053385    3947
720 8090.1185085744864409     594.74121201352193111    3952
721 8100.3852814422371011     361.23666561182312762    3957
722 8081.9981772858291151       0                      3963
723 8087.78422211992347       378.30092952525444616    3968
724 8082.6448268472886411     326.02018956586391596    3973
725 8081.9171287847993881       0                      3979
726 8081.9245026336902811       0                      3984
727 8081.9441515629650894       0                      3989
728 8082.7633761966162638       0                      3996
729 8082.92207767988657         0                      4001
730 8083.6287931941005809       0                      4006
731 8083.9929198818799705       0                      4012
732 8088.3152882093918379     110.81799840985263472    4017
733 8089.8272845280062029     552.79266051965407769    4022
734 8100.6099163627186499     392.58839645561334919    4028
735 8081.9998912934361215       0                      4033
736 8081.9780782435882429       0                      4039
737 8082.00557866388408         0                      4044
738 8096.0510864015250263      97.14136115955061257    4049
739 8082.1666969831730967     334.48448687743047003    4055
740 8081.9162248666279993       0                      4060
741 8081.9154192493670052       0                      4065
742 8081.9228707309948732       0                      4071
743 8081.9211737546747827       0                      4076
744 8091.4958752694947179       0                      4082
745 8082.1666969831621827     334.48448687743399432    4087
746 8081.9203794707855195       0                      4092
747 8081.936058242224135        0                      4098
748 8081.9432299017989862       0                      4103
749 8084.0009842928184298       0                      4108
750 8082.1703909955003837     331.97235854717024495    4114
751 8082.7542157239577136       0                      4119
752 8085.1798064416125271       0                      4125
753 8086.656137403264438      127.83079128906432231    4130
754 8088.7847595538596579       0.00143024124523749335 4136
755 8089.5121542934111858       0                      4141
756 8081.9164202459942317       0                      4147
757 8088.1250045795859478     373.23438690359716929    4153
758 8089.4132158230477216     337.12711317704656722    4158
759 8082.1704583264327084     333.36249111754392516    4164
760 8081.9155207554440494       0                      4169
761 8081.91874255708899         0                      4175
762 8083.9861339457556824       0                      4180
763 8088.322905107384031      111.32177321599172615    4186
764 8088.3377263138409035     111.60875305355345688    4191
765 8082.1675192900283946     332.80885166625472493    4197
766 8089.1511887691676748     117.78335180952788619    4202
767 8089.7953953852484119     141.03195795651257072    4208
768 8088.4550823103127186     376.5200237449088263     4213
769 8096.3139966351154726     113.56070605280031316    4218
770 8092.6563116908864686     5465.5323064876938588     4225
771 8081.9892909278341904       0                      4230
772 8081.9956714638619815       0                      4236
773 8090.6232670507943112       0                      4241
774 8091.8532373483358242     656.38668838180626608    4247
775 8082.1704328653231642     334.20036462964458224    4261
776 8081.9175675008327744       0                      4270
777 8081.9195003569875553       0                      4278
778 8082.7539192050344354       0                      4283
779 8082.9202199348465001       0                      4289
780 8088.5690513409626874       0                      4294
781 8081.9933946921100869       0                      4299
782 8083.9809942730416878       0                      4305
783 8088.310471764644717      111.30921465429506156    4310
784 8088.6948663885232236       0.00089206106186445213 4316
785 8081.9847604918995785       0                      4322
786 8082.7983185117627727       0                      4327
787 8089.4790309364143468     545.91956166192653654    4333
788 8082.1660826803517921     332.25535806025959573    4338
789 8081.9174005135591869       0                      4344
790 8081.9168212659224082       0                      4349
791 8081.9483730331521656       0                      4355
792 8082.8471651143736381       0                      4360
793 8081.9917741532326545       0                      4366
794 8084.0022462562810688       0                      4371
795 8088.5347200400501606       0                      4376
796 8088.723868615752508        0.00018848367151907857 4382
797 8081.942996631850292        0                      4387
798 8081.9711512744534048       0                      4393
799 8088.0131912804790772       0                      4398
800 8081.9162586047214063       0                      4404
801 8088.6639519493473927       0                      4409
802 8086.6752012319375353     126.93299326805605176    4414
803 8082.4952145646138888     358.57644185340143395    4420
804 8083.9862395699228728     550.574331347019438      4425
805 8088.3171440857540802     112.30783360582009323    4431
806 8092.1517387846506608     262.091928185534357      4436
807 8082.2000489404381369     333.99380960629952142    4442
808 8088.6006185013757204       0.00049883735663989255 4447
809 8088.3330426640141013     112.81529488793101734    4453
810 8081.9223597294567298       0                      4458
811 8088.9561902204604849       0                      4463
812 8088.1896873757377762       0                      4469
813 8081.9945348779720007       0                      4474
814 8084.8547019112957059       0                      4480
815 8083.3582906581332281     347.23013050938146762    4486
816 8082.499491969418159      359.1519105485706973     4491
817 8092.0926970961136249      12.422406350027573652   4497
818 8081.9428681556437368       0                      4502
819 8081.9194838771300056       0                      4508
820 8088.8282429479386337       0                      4513
821 8088.4491160125508031       0                      4519
822 8081.9932133078846164       0                      4524
823 8088.3078040217196758     110.80546265374681525    4529
824 8088.3102320428379244     111.63388668983984076    4535
825 8083.4356849114510624     326.07968148850363832    4540
826 8084.1412993583298885     351.67036676028618558    4546
827 8088.3064839327435038     111.12929748926006823    4551
828 8088.5835739945468958     378.37791209285740024    4556
829 8095.3569712356493255      94.639815600217360725   4562
830 8081.9155516068549332       0                      4567
831 8088.953664422251677        0                      4573
832 8082.1581563444033236     332.51700487527193673    4578
833 8081.9154192493651863       0                      4583
834 8081.9154192493733717       0                      4588
835 8082.8167774326957442       0                      4594
836 8089.5024659797036293       0                      4599
837 8082.1613274428182194     332.23394583497565691    4605
838 8081.9155207554531444       0                      4610
839 8081.9162586047232253       0                      4616
840 8081.9932133078846164       0                      4621
841 8088.3339978698923005     111.10422249353700863    4626
842 8082.1999764447891721     330.05271548187175767    4632
843 8082.7539192050271595       0                      4637
844 8083.4327281802097787     323.85258569666626727    4642
845 8083.4705161819629211     326.78919184302714029    4648
846 8099.8183487534279266     356.83123279956907936    4653
847 8090.5768731578227744     584.88259629411595597    4658
848 8088.3247790059976978     110.99775495964821914    4664
849 8082.7677729752222149       0                      4670
850 8082.7697531199810328       0                      4675
851 8088.7369836874659086       0.00454324658189935587 4681
852 8081.9195003569802793       0                      4686
853 8081.9432299018026242       0                      4691
854 8082.920219934857414        0                      4697
855 8081.9945348779774577       0                      4702
856 8083.9862395699337867     550.57433134705411248    4707
857 8084.8508297330472487       0                      4713
858 8088.6616381828334852       0                      4718
859 8088.5977088524232386       0.00047850878087167661 4723
860 8089.1535462576503051     117.45000198896083532    4729
861 8081.9175675008182225       0                      4734
862 8081.9163619098035269       0                      4739
863 8089.6015085231138073       0                      4745
864 8081.9173560131575869       0                      4750
865 8081.9164530493508209       0                      4755
866 8081.9171294087445858       0                      4761
867 8081.9429209166828514       0                      4766
868 8082.1675192900283946     332.80885166625824922    4771
869 8083.9861339457593203       0                      4777
870 8100.78665997358803       436.21810420839511835    4782
871 8082.7583046128138449       0                      4788
872 8081.9847604919104924       0                      4793
873 8089.4831632480709231       0                      4798
874 8081.9168212659114943       0                      4804
875 8081.9174005135373591       0                      4809
876 8088.2166137402418826       0                      4814
877 8088.3104717646374411     111.30921465429506156    4820
878 8091.2010553885593254      10.302606099683870866   4825
879 8082.1703909955294876     331.97235854717024495    4831
880 8081.9929714388772481       0                      4836
881 8081.9206835495597261       0                      4841
882 8081.9198844332922818       0                      4847
883 8082.1670852064562496     332.50402035823333335    4852
884 8088.306483932721676      111.12929748926396201    4858
885 8082.1753600072215704     333.07878752381236609    4863
886 8081.9155516068603902       0                      4869
887 8088.2491013200587986       0                      4874
888 8081.9887097762302801       0                      4880
889 8083.9809942730416878       0                      4885
890 8089.7596264089643228     139.76410984513580615    4891
891 8092.1261813237551905     261.8492614477817142     4896
892 8082.1636453991786766     333.09223647733989537    4901
893 8089.8668778161099908     340.00127672875004237    4907
894 8095.3480021810319158      93.934423727360766065   4913
895 8084.2141182249151825       0                      4918
896 8082.9199913934398865       0                      4924
897 8088.1375977400039119       0                      4929
898 8081.9188346712762723       0                      4934
899 8081.9452364257558656       0                      4940
900 8088.543398710045949        0                      4945
901 8082.1721242456369509     332.52550015640815673    4951
902 8085.0945583788798103     605.41501045751397214    4956
903 8088.341083783270733      111.4411895012863738     4962
904 8088.7305048110965799       0.00472502652061857452 4967
905 8092.1435608689198489     261.43393515813136219    4973
906 8082.1748353165185108     330.28061673747151872    4978
907 8081.928305316562728        0                      4984
908 8090.4307374525224077       0                      4989
909 8081.9434730164439316       0                      4995
910 8082.9190409795255619       0                      5000
911 8083.445052077582659      326.73799387472041644    5006
912 8088.3500512881610121     111.62131165394919208    5011
913 8089.4701443613248557       0                      5016
914 8089.6610620437113539       0                      5022
915 8081.9319085291381271       0                      5028
916 8089.7208581778049847       0                      5034
917 8082.8029234429477583       0                      5039
918 8085.1869268761356579       0                      5045
919 8084.8044582681250176     585.1168369063617547     5050
920 8093.103048203472099      331.35519883313901346    5055
921 8088.4863373515054263     375.91566859166476888    5061
922 8096.2113977454100677     136.96081915903440063    5066
923 8098.0912916056349786     651.16292742069731503    5072
924 8081.99170783694899         0                      5077
925 8081.9444769443598489       0                      5083
926 8082.0159328048575844       0                      5089
927 8082.0289148091123934       0                      5094
928 8084.0087797397118266       0                      5099
929 8083.9929198818872464       0                      5105
930 8100.6788628016820439     436.61013980520556288    5110
931 8089.8925411132640875     549.69212248068822646    5115
932 8082.0046442722987194       0                      5121
933 8088.0396831927391759       0                      5127
934 8081.9993606999514668       0                      5132
935 8086.645815696313548      126.09020824818806261    5137
936 8083.3551918869334258     346.37512080864775044    5144
937 8089.0302077566411754       0                      5149
938 8082.4954242079738833     358.87015193793848766    5154
939 8081.9858504820695089       0                      5160
940 8082.0051639320272443       0                      5165
941 8088.046937781969973        0                      5171
942 8089.7994443168772705       0                      5176
943 8082.8421093053539153       0                      5181
944 8082.0224145480606239       0                      5187
945 8082.0025387138339283       0                      5192
946 8081.994176678871554        0                      5197
947 8083.9856756113194933       0                      5203
948 8083.9985932706140375       0                      5209
949 8091.1392992195706029      10.150078778909479738   5214
950 8082.8281876550554443       0                      5220
951 8082.0224283730785828       0                      5225
952 8082.8436188710738861       0                      5230
953 8082.805354132411594        0                      5235
954 8085.1896774428478238       0                      5240
955 8084.0172126529141678       0                      5245
956 8083.9966952259455866       0                      5250
957 8088.6357994768877688       0.00002363654871354312 5255
958 8088.622758780264121        0.00005674063814798517 5260
959 8082.0046442723005384       0                      5265
960 8088.6606473579995509       0.00000070332798012474 5270
961 8081.9232068114870344       0                      5275
962 8082.0069803815640626       0                      5280
963 8088.2237290097991718       0                      5285
964 8082.9237054621398784       0                      5290
965 8081.9973873694079884       0                      5295
966 8083.9887964907966307       0                      5299
967 8088.701893851013665        0.00147308457899822972 5304
968 8089.4669124439205916       0                      5309
969 8088.817685321105273        0                      5314
970 8082.8226852286725261       0                      5319
971 8088.2797211275683367       0                      5324
972 8088.7131728266185746       0                      5329
973 8081.9207226971520868       0                      5334
974 8083.6266678479396433       0                      5338
975 8082.7586357894087996       0                      5343
976 8082.9547640873915952       0                      5347
977 8083.6542829504232941       0                      5352
978 8088.5652281777247481       0                      5356
979 8088.756801810674915        0.00006995472450738166 5361
980 8082.1763198716816987     332.27679169145221749    5365
981 8081.9433451492432141       0                      5370
982 8087.9918714817849832       0                      5375
983 8087.8338826821545808       0                      5379
984 8082.9236086802193313       0                      5384
985 8082.9253064833665121       0                      5389
986 8082.9265627720842531       0                      5393
987 8088.2495500384357001       0                      5397
988 8092.1030493333291815      12.441764761193297772   5402
989 8088.8086602864368615       0                      5406
990 8081.9851735521679075       0                      5411
991 8081.9904444413541569       0                      5415
992 8088.4199201677711244       0                      5419
993 8082.9484504432602989       0                      5424
994 8089.8467601286993158     340.92374194617337935    5428
995 8095.4477086181104823      94.86915238205149592    5432
996 8081.9193024226551643       0                      5437
997 8081.9207226971630007       0                      5441
998 8092.6658071433021178      12.455865689032902921   5446
999 8082.5258392319410632     358.35998056167909454    5450
1000 8086.6550929333743625     126.80677953534086555    5455
