1 10543.189011090746135      12306.793170155035114      4
2 10984.772699178640323      8460.1941298981673754     10
3 10564.011020468724382      12380.421976836039903      15
4 10745.817578929123556      12904.187075889945845      19
5 10731.945782829738164      12903.560607336563407      24
6 10539.004581395802234      6185.6452049855215591     29
7 10576.219855906050725      12521.125193498533918      33
8 10563.856948322159951      10148.31760192040565       37
9 10539.878974427278081      6138.2037044566723125     42
10 10548.274800943094306      6304.7570974516038405     47
11 10148.119759496628831      6350.8551015883094806     52
12 10173.806535558022006      8902.7912063487710839     56
13 10318.704067151509662      1599.7397585834637539     61
14 9809.8540435907161736     2001.0285923204821756     66
15 11191.072663652894335      2277.2956539356018766     71
16 10337.860744872990836      2006.1453946655133223     75
17 9939.3474026767635223     3741.8541592441320063     80
18 9805.6616371749096288     1913.4908530720524595     85
19 9962.3946036254073988     1640.4130250664254618     90
20 9932.0560889095086168     1824.2436391237022235     94
21 10597.502500542981579      11698.505500611958269      99
22 10803.706145622121767      12536.295479191936465      104
23 10529.65338636839806       5636.4775886736742905     109
24 10154.215816125744823      1998.428390602492982      113
25 10533.010508797047805      4097.2309805903105371     118
26 10124.769791419805188      1750.8885338712782413     123
27 10312.530328446635394      2769.0913373708044674     128
28 9857.2269589452334912     1597.3703481723136974     133
29 9879.5701993505736027     1828.3119362112515773     138
30 9423.7549112631913886     2442.1659967927739672     143
31 9414.4690567453017138     5405.6795668218328501     149
32 10067.175528746247437      1773.5517852684752143     154
33 10067.29201419101264       1703.05114036103123       159
34 9730.4554378519242164     2152.6714074934347991     163
35 9862.6292766651622514     1498.648614521812533      169
36 9953.5945900986262131     1728.7991454382513439     174
37 10067.819169786464045      1596.8847284694797963     179
38 10534.378430523958741      1803.3352015578432201     184
39 10047.581671148407622      1620.2076874335434695     189
40 9786.329527307432727      1420.4539023968541187     194
41 10599.661641226595748      3136.5451577261114835     199
42 9764.4603761302241764     1522.4955850907226704     205
43 9937.527488088928294      1334.0761505438783843     210
44 9764.1975545921523008     1565.9791827059702882     216
45 9616.0987902208253217     1499.9714419990136776     221
46 9836.3368272571024136     1740.6260374668624991     226
47 9333.2571317635593005     1283.2145264067758035     232
48 9112.5915097453216731     1384.3709789126824035     237
49 9255.5708410497427394     1309.4183821523420193     243
50 10442.05554408684111       968.80697907669139113    248
51 9107.9177256236416724     1072.0954448639429302     253
52 8799.3150878155356622     1184.3407438089147945     259
53 9833.0145967793632735     688.51558908649860768    264
54 8599.9608914974487561     4190.0896393384582552     270
55 9062.0502661879836523     5849.00061511299009       275
56 9125.9971271565882489     1105.9427534668147928     280
57 9065.937063242046861      6204.1810113460524008     286
58 9613.677213998778825      966.48676280359893553    291
59 11104.247030616408665      988.98680034251947291    297
60 9887.3842503723935806     7753.5188247157548176     302
61 10696.243167196873401      31652.7222302408627        307
62 9826.3782311079157807     278.97392760279876711    313
63 9847.0193456055912975     1796.6248574265271145     319
64 8879.3064937504968839     1563.2896137483439816     324
65 9451.5246070381290338     401.46282561526970767    330
66 9676.8589252397978271     114.37467766306023975    335
67 9363.7918618076982966     478.0995047308795165     341
68 8578.3481555238868168     367.48432465544840397    346
69 8586.6927697102328239     732.95186268195243429    352
70 10428.309381057739301      339.11441347833613236    357
71 9265.4003579828186048     334.63391469511844889    363
72 9149.5703117566918081     776.69055394856582097    368
73 8932.0205428192493855     266.08358570523148501    374
74 9985.7565571706472838     498.94844028974966932    379
75 9681.2859658900524664     730.54791883684242748    385
76 9679.8405865686290781     345.46383312728323745    390
77 9734.1205818751113839     5725.3674594893782341     395
78 9425.9410246323459432     102.87601132901410494    401
79 9370.2269605978090112     694.93814523978142006    406
80 8317.1998590419752873     1208.6157483116003277     412
81 9428.4484878159782966     669.90495402116482637    417
82 9314.1165345399458602     126.69721037646597495    423
83 8800.5454180048836861      79.690576139293170854   428
84 8366.54904617705688       934.66607185368854971    434
85 8682.5424002258223481     120.27754021948258867    440
86 9828.3640543164183327     484.7153705335201721     445
87 8901.5925630013571208     135.49438619985457422    451
88 8284.0486447445837257      70.946908032907529673   456
89 8570.6881205900117493     6646.9814675861980504     461
90 8485.5470649245344248     166.14109359536689681    467
91 8627.5738495957575651     357.25366817289528854    472
92 9127.1253990183977294      92.084045641716471664   478
93 8394.3193032742237847     2573.3783214929335372     483
94 8412.6972245172255498     2253.2618302648247663     489
95 8482.4244501566226972     1032.6956754792911397     495
96 8638.0198552497749915     3616.571925557479517      501
97 8696.8306489149072149     3843.2533135815283458     506
98 8401.6235014132653305     3425.779793859979236      512
99 10758.871209243727208      6291.4597277024022333     517
100 8509.5740616279217647     2239.803732016813683      523
101 8593.3399745260958298     11682.975301477672474      528
102 8710.6898853303391661     1205.9393439142859279     534
103 9484.7062877393800591     2025.4093357156345974     539
104 8607.9479144536126114     323.17652899446522952    545
105 8501.2940135465087224     3115.5961851250413019     550
106 8470.3995940746754059     347.16977172694839737    555
107 8366.9082989768830885     234.45915411001482198    561
108 8411.9103178162458789     9627.3941556023419253     567
109 8540.8653418900939869     1517.4706002052521399     572
110 8264.4033366822604876     212.37841197997067866    578
111 8530.2554019505914766     470.3312731915739846     583
112 8345.1883764146004978     387.60093945997141418    589
113 8367.1663183018063137     229.63197555302960495    595
114 8330.062956363786725      315.11315661814211353    600
115 11117.184139799843251      972.39400231478850856    606
116 8311.17743937729756       166.76902501586511107    611
117 10101.801415230449493      952.63237085173932428    617
118 8411.4236802083469229     236.62062984986945935    623
119 8288.9649720169691136     208.45510998178204431    628
120 8268.9254964996216586      76.928261448059402028   634
121 8299.9611089546451694     704.68984708716914156    639
122 8248.8595228375052102     994.6396894296268556     645
123 8298.4703786069494527     623.93869753751209828    650
124 8348.957619473869272      2770.8998381080446052     656
125 8394.4431447346214554     1089.140802407938736      661
126 8480.9213335718068265     2745.0894367989858438     667
127 8363.6185817637015134      81.477994262293890415   672
128 8522.3837315349956043     514.57766264807332846    678
129 8430.7780034749230254      71.482779546930089509   684
130 8246.4513166076885682      33.986102089843711838   689
131 8347.6122616831326013       3.6527981513933744928  695
132 8491.6428814299761143      30.875306832165883009   700
133 8534.1568251505432272     344.4837783424788995     706
134 8617.9030823652319668      61.261948616851540805   712
135 8504.521509195867111      291.67335467122018144    717
136 8573.2121218402753584      28.152642248992645335   723
137 8868.4611236974924395      70.262755549513528308   728
138 8462.1267181712446472     104.94771558476077189    733
139 8529.1152621723231277     3700.890573165310343      739
140 8259.9063469775992417      90.721447604929323916   745
141 8258.7218653018480836      90.108746634878741588   750
142 8322.6930152256063593     120.71836041598965039    755
143 8279.465651960370451       55.981079932641016228   761
144 8308.0556049197766697      50.08223363234051817    766
145 8486.2657186221258598      98.627109272787976124   772
146 8294.6045193479440059     115.68570467334957641    777
147 8344.1221729264580063       0.42279063217155371524 783
148 8336.5535993677385704       0                      788
149 8334.3057068929392699       0                      793
150 8332.1421769806111115       0                      799
151 8337.0112742464934854       0                      804
152 8340.8966691674340836     121.55413542788684822    810
153 8343.8719291072666238     121.84787892177739366    816
154 8332.7585690256582893     225.07264951968923583    821
155 8337.4782022795225203     164.4997568980006406     827
156 8306.1971060431405931      18.66450407034706771    832
157 8500.0856388953561691     185.20197040474502614    838
158 8263.7578038579067652      56.087294377728781569   843
159 8321.7041825940686977       0                      849
160 8257.6144041352090426       0                      855
161 8398.0856744554130273     327.45161322422507055    860
162 8320.3825728211995738      97.326170668122699681   866
163 8242.9330229883034917       7.138859898570260043   871
164 8376.9480180527862103      94.403536976992000973   877
165 8368.7328718661046878      30.324054289488348246   882
166 8257.6485736067697871       0                      888
167 8489.5683964176278096     129.44965319737116261    893
168 8303.3465494325428153      13.534810658135441486   899
169 8334.8581574374402408       0                      904
170 8335.5842697112930182       0                      910
171 8289.4929686935975042      74.346303098799211284   915
172 8494.2963492409435275     205.7031498636769129     921
173 8232.1576900924428628     2062.8708374326261037     926
174 8248.742109730548691       42.696539518891320597   932
175 8259.4700806143682712     120.95867616464099115    937
176 8265.0469600902706588      19.750738564068679892   942
177 8268.9740254058779101     181.22598045037346992    948
178 8367.8044676038225589     360.09896443240006647    953
179 8224.721385517888848      656.97650963038722693    959
180 8639.2627942870203697     1648.4091178671776561     964
181 8264.8552664161052235      49.408857135990274401   970
182 8342.4190887672521058       0                      976
183 8267.4532617478289467      20.83527133896925676    981
184 8488.2357896829034871     127.31203283628543943    987
185 8283.9799856466306665      65.392847319102884285   992
186 8255.1536677339790913       2.4514661584271029149  997
187 8258.1833274971577339       0                      1003
188 8277.8997366180046811       0                      1008
189 8240.9914135743474617       0                      1014
190 8239.4681324209468585       0                      1019
191 8234.9801843065506546       0                      1025
192 8351.144567058137909        0.24012692733905355302 1031
193 8468.9446731044718035     123.72939068375200122    1036
194 8259.5157012787094573      96.093151268558244738   1041
195 8210.7605486587144696       0                      1047
196 8383.5541510461371217      37.004412247522182611   1052
197 8499.5147202100779396      58.79471672531126103    1058
198 8384.4932070088070759       1.2206397107535811308  1063
199 8257.2940800184005639       0                      1069
200 8324.3272995604038442     183.97386426933334747    1074
201 8239.941815211021094       36.974080294885425246   1080
202 8319.8019315426499816       0                      1085
203 8211.45385722361425         0.02179628697273999077 1091
204 8214.4803332012561441       1.1203270616851919161  1096
205 8236.8743417702316947       0                      1102
206 8238.4833027230670268      37.744548338063907522   1107
207 8211.5399212896863901       0                      1112
208 8343.1219846077819966      25.134078945550012207   1118
209 8316.5853248969651759      11.786261034029692496   1123
210 8236.9555935762964509     147.2699765422958933     1128
211 8216.4730974758676894       0                      1134
212 8212.8522353035059496       0                      1139
213 8217.6949646506072895      39.038594930809928485   1144
214 8330.1745346058269206       0                      1150
215 8356.7808609600524505     514.74805812075044287    1155
216 8201.2909004666198598       5.4214940409754008854  1161
217 8242.0965553790520062      37.46896484496494395    1166
218 8274.5176039020661847       7.7394096843282547127  1172
219 8306.6480104541733454       7.6939029182300471277  1178
220 8285.6257518436432292       0.04268610080889929242 1183
221 8328.0054711126304028     190.24248758121223091    1188
222 8260.2420780546344758      39.396552526716874354   1193
223 8221.2080228395261656       3.0189861380711535688  1199
224 8211.0153120005397795       0                      1204
225 8212.645983700220313        2.0164139820181161689  1210
226 8224.3479133549808466     411.60507132163263577    1215
227 8242.4745451802991738       1.1540516312363680029  1221
228 8256.6503542413811374       2.5694368293343599063  1226
229 8215.806473723230738        5.8193634489652277253  1232
230 8251.7126711094460916      48.563710973271049909   1237
231 8214.3534407149636536      82.620590423969844096   1242
232 8254.4267739667793649     613.98062071517347249    1248
233 8182.8042446245272004       0                      1253
234 8109.3873855940382782       0                      1259
235 8225.2441350537519611      62.610172008060636983   1264
236 8306.0043083205073344       5.4225031195514254989  1270
237 8339.5240415372609277       0.26867091789855956918 1276
238 8307.3796890878384147     153.28065895610899361    1281
239 8224.9590749172930373      57.503581642041631028   1286
240 8110.5479899905094499     243.0144877961747909     1292
241 8099.3149740610615481       0.52602520458974544315 1297
242 8125.83269046489022         0                      1302
243 8110.2394229734027249       0                      1308
244 8109.941732305149344        0                      1313
245 8120.6744130540864717     171.409788838551151      1318
246 8118.2885985168577463     210.4779797637439458     1324
247 8124.9947076958414982     234.43463525084607113    1329
248 8423.2791929970808269       5.0562270888972440375  1334
249 8173.792070015909303      149.93850071468261831    1340
250 8183.0014244157791836     173.53461763783923288    1348
251 8087.2594239069621835       0                      1354
252 8173.2041328374498335      24.308232043172708359   1359
253 8135.6985498814992752      47.392007119151692507   1365
254 8122.45360497616457         0                      1370
255 8128.6399803890462863     416.81501176848564683    1376
256 8327.6199937713081454     184.12554195338532281    1381
257 8195.7187186174141971      60.915553263049694976   1386
258 8105.9512058928903571       0                      1392
259 8087.1559461233964612       0                      1397
260 8086.8822638401716176       0                      1403
261 8086.3914094147476135       0                      1408
262 8092.6106934869831093       0                      1413
263 8250.7000178927028173       0                      1419
264 8093.1190617011488939       0.13144691403450745049 1424
265 8192.7245385332189471     187.97017764076375101    1430
266 8206.3912457036676642      54.913096323237333252   1435
267 8102.9716507536450081       0                      1440
268 8111.0749331174511099       0                      1446
269 8092.6886340922337695       0                      1451
270 8101.2254307012499339       9.7249217577431554815  1457
271 8084.3722646945880115       0                      1462
272 8113.5817729903592408       0                      1467
273 8095.6830231732474203     299.32769893582445775    1473
274 8093.9347881394287469     385.53411493336324156    1479
275 8255.7664575455492013     340.81615520240740125    1484
276 8223.9569629880879802      45.010248150864391903   1490
277 8120.941350899367535        0                      1495
278 8083.7270194687016556       0                      1500
279 8122.1743359144256829       0                      1506
280 8150.127279974089106        0                      1512
281 8182.1902725831932912      84.852572843786447265   1517
282 8211.6877576016377134      50.791251673039731429   1522
283 8088.5192359510565439       0                      1528
284 8123.2976467348571532       0                      1533
285 8092.8894134416741508       1.832963808362755298   1538
286 8099.8871429037817506       0                      1544
287 8135.5721881712543109     125.52071308618428702    1549
288 8144.8928341961600381       0                      1554
289 8083.9408346504596921       0                      1560
290 8086.3523660634591579       0                      1565
291 8277.9058271958310797       5.36493005028256853    1570
292 8202.0418690811329725       5.8842937127487457971  1576
293 8107.2761477292915515      21.151122774205408206   1581
294 8163.1496228111755045       0.17400521611421734813 1587
295 8216.1366024758626736       7.7981884587606931092  1593
296 8099.4914045306150001       0                      1598
297 8099.4936674037444391       0                      1603
298 8201.2364103540730866      78.231812876197835749   1609
299 8156.5682477671616653      85.663426915139993412   1614
300 8085.479708683284116        0                      1619
301 8086.4578849684439774       0                      1625
302 8092.2534294810966458       0                      1630
303 8086.5868097747106731       0                      1635
304 8093.2737813601697781       0                      1641
305 8089.3192941626339234     108.95516415672724975    1647
306 8083.3144067500879828       0                      1652
307 8119.5549486721029098       5.6667062033286850209  1657
308 8101.7494255202418572       5.7916338645609410918  1663
309 8101.6265577080575895       5.7677752226511200817  1668
310 8259.5692175978965679       2.4876907409836594987  1674
311 8226.1358336418015824      72.708289780219033105   1679
312 8152.9771057178140836      91.612213292841801149   1685
313 8083.3241407483319563       0                      1690
314 8093.8953012145348112       0                      1695
315 8093.8833473804907044       0                      1701
316 8084.8877755886132945       0                      1707
317 8083.3310211563602934       0                      1712
318 8107.2909889910270067     294.97725947584052619    1718
319 8113.7215058539786696     193.70739335885431842    1723
320 8117.3156797240053493     358.65383555368788393    1729
321 8175.6458879035053542     105.3911890321754754     1734
322 8283.8512259980343515     501.77007964243443894    1739
323 8134.5878574427079002     143.09926254716037874    1745
324 8099.3398779827484759       5.6727804009790618878  1750
325 8184.3517740271436196       0                      1756
326 8186.3803133431738388       0                      1762
327 8104.6917440253400855       0                      1767
328 8113.6046967388429039       0                      1773
329 8172.3855931306106868      89.33934400056875802    1778
330 8119.8408927329910512     144.66059429385850876    1784
331 8084.9484071306751503       0                      1789
332 8083.3109403286052839       0                      1795
333 8083.5994336934882085       0                      1800
334 8093.0886514586854901       0                      1806
335 8184.397887460727361        2.8161290398162184268  1811
336 8184.9271096979664435       2.9019261735451911122  1817
337 8105.8267189286016219     174.7332414225348316     1823
338 8168.5473181299348653     115.87677369704998398    1828
339 8122.4988095668850292     140.08846343662256118    1834
340 8082.9904354548962147       0                      1839
341 8119.1368153336497926       0                      1844
342 8083.9628315892832688       0                      1850
343 8083.2040615698324473       0                      1856
344 8297.5701508693764481       0                      1861
345 8204.4845755375299632       0                      1867
346 8197.1128638805821538      71.789166903331789626   1872
347 8154.1083503343406846      87.479385660140010827   1877
348 8085.1743560488048388       0                      1883
349 8084.5165265376717798       0                      1888
350 8083.9219375405264145       0                      1894
351 8095.1751758291175065       0                      1899
352 8103.7772258221393713       0.67784751458633818455 1905
353 8091.7874184668417001       0                      1910
354 8090.6198808116205328     252.91118499856759172    1915
355 8088.3604307411769696       0                      1921
356 8234.7729307268564298       1.5658156873914474971  1926
357 8226.9700666660937713       0.27390401817733217582 1931
358 8096.7684396889308118       0                      1937
359 8092.870382798873834       24.679184352419685666   1943
360 8265.1270646997072618       0.18863185852747640925 1949
361 8288.6007836201988539       2.9605682355910412085  1955
362 8200.1632957260953845      67.611811152483824117   1960
363 8114.1658328984394757     162.27191261431778457    1966
364 8083.8968062591802664       0                      1971
365 8083.5009856239439614     310.27397692730193057    1977
366 8084.6716889251838438       0                      1982
367 8086.740476359402237        0                      1987
368 8083.2386893192642674       0                      1993
369 8082.6270570156329995       0                      1998
370 8096.3337315210819725      79.126283492290880872   2004
371 8161.674267862722445        0                      2010
372 8244.4245405234505597       0                      2016
373 8085.7015961209463057       0                      2021
374 8085.7239629363657514       0                      2027
375 8204.2906964251415047      71.346745626745388336   2032
376 8103.4999288747021637     184.696551364848915      2038
377 8086.5562771665045148       0                      2043
378 8083.3270160425345239       0                      2049
379 8082.6763884948722989       0                      2054
380 8084.8886478904469186       0                      2059
381 8109.0038527690685441       0.02690963520745441248 2065
382 8083.4012620463436178       0                      2071
383 8087.7776650736559532       0                      2076
384 8084.6781329672849097     340.64763407157937536    2082
385 8228.0276116659933905       0                      2088
386 8294.1452170080810902      17.802884098540932456   2093
387 8091.7372996591820993     147.69695565183360486    2099
388 8097.1001396181927703      79.065803341811204064   2104
389 8085.414390007658767        0                      2110
390 8085.641096696821478        0                      2115
391 8234.7480540497417678       2.4292128254003735321  2121
392 8087.5992562417559384     311.12433017120923751    2126
393 8082.3296946059499533       0                      2131
394 8095.0891115567665111     286.95785693233972324    2137
395 8088.1200210340821286       0                      2143
396 8158.6289587531955476       0                      2148
397 8214.4586134989585844       7.0534468709265292219  2153
398 8098.9296400171378991       2.176157149055281792   2159
399 8083.2430319643799521       0                      2164
400 8082.1133887088808478       0                      2170
401 8116.2244749322944699       0.06118317254466669464 2175
402 8159.380812030609377        0                      2181
403 8165.6055302307477177      18.916579544469499297   2188
404 8157.6455114686805246      87.031236007635413898   2194
405 8093.338932653971824      475.62505018962337999    2199
406 8082.1324317115904705       0                      2205
407 8083.1245783253716581       0                      2210
408 8088.1604514698792627       0                      2215
409 8084.5376146265170973       0                      2221
410 8099.1048925106288152     152.18397075339584035    2226
411 8107.0678277618708307       0                      2231
412 8110.5205335858372564       0                      2237
413 8213.9384324792790721       0.69597292051712589256 2242
414 8211.9462485579242639       0.18539801231212565957 2248
415 8087.9910539867578336       0                      2254
416 8082.1258616483100923       0                      2260
417 8082.8330536934518022       0                      2265
418 8082.8747044657438892       0                      2271
419 8183.5664794516869733     307.72712306429167484    2276
420 8174.5831876848333195     295.81167680855361368    2282
421 8207.5021091896542202      82.492728720415698263   2287
422 8112.9726837849566436       6.1085332549205038077  2292
423 8087.6284504732457208       0                      2298
424 8082.1868040257622852       0                      2303
425 8089.7461609120682624       0                      2309
426 8083.0157457009518112       0                      2315
427 8082.906394700704368        0                      2320
428 8084.7600512850058294       0                      2326
429 8093.6794387755880962     130.67021558869350883    2331
430 8090.6738899930114712     426.11603611706402717    2337
431 8194.6605957867323013       0                      2342
432 8241.1326562855410884       1.8544706303796436586  2348
433 8090.8453206398362454       0                      2353
434 8084.2600011154636377       0                      2359
435 8085.533312814484816        0                      2364
436 8219.9847323325939215      27.752470007157999277   2370
437 8084.4990727359727316     337.15453771888127221    2376
438 8082.37490259803144         0                      2381
439 8082.385665390081158        0                      2387
440 8082.1455776862176208       0                      2392
441 8082.1417276504989786       0                      2397
442 8082.0747043023993683       0                      2403
443 8085.5563760542845557       0                      2408
444 8082.8236658853465997       0                      2414
445 8083.0037888039069003       0                      2419
446 8210.1837389768115827       0                      2425
447 8082.6450600897815093     329.2482523606512359     2431
448 8082.3218352203248287       0                      2436
449 8082.7755818413052111       0                      2442
450 8083.7035472744046274       0                      2447
451 8082.0378648134910691       0                      2453
452 8082.2414407169617334       0                      2458
453 8201.529113193093508        0                      2464
454 8082.8770723814368466       0                      2470
455 8082.4164873156923932       0                      2475
456 8204.2150593537735404      95.60815631612072707    2480
457 8113.3033852394173664       6.1618348439516301696  2486
458 8082.9774952216230304       0                      2491
459 8084.8227368521447715       0                      2497
460 8081.9921837052042974       0                      2502
461 8083.311927354627187        0                      2508
462 8081.9978458392506582       0                      2514
463 8159.2041065750909183       0                      2519
464 8159.6636349949694704       0                      2524
465 8082.1974940689342475       0                      2530
466 8222.7344485151261324      82.196918538252390363   2535
467 8115.2292177252638794       6.7599449660609831625  2540
468 8081.98016912597177         0                      2546
469 8081.9539790417320546       0                      2552
470 8081.9641794201743323       0                      2557
471 8082.6526316661720557       0                      2563
472 8085.6660488524366883       0                      2569
473 8160.11627303025125         0                      2574
474 8160.1487720525929035       0                      2579
475 8220.7353483945335029      83.991953264254490819   2585
476 8115.8220997066355267       6.9922289542882527513  2590
477 8084.9639531103366608       0                      2596
478 8082.001491615449595        0                      2602
479 8081.9736618965580419       0                      2607
480 8082.9484536609033967       0                      2613
481 8083.8342089212264909       0                      2618
482 8085.2684122514074261       0                      2624
483 8089.8073184329587093       0                      2629
484 8082.2663189294262338     334.78859970034335447    2635
485 8200.9893729212217295       0                      2640
486 8296.3989344908277417      13.540105624669683593   2645
487 8090.3368867752806182     133.75200749354539198    2651
488 8083.8670336124469031       0                      2657
489 8083.3893417390672766       0                      2662
490 8222.0241864854815503       2.2265260978768544042  2668
491 8227.5345341998436197       4.0514399838375849683  2673
492 8083.0424863934340465     323.91428279206576235    2679
493 8082.2571498056249766       0                      2684
494 8082.4207993181071288       0                      2690
495 8081.9426201635951656       0                      2695
496 8082.0591312327305786       0                      2701
497 8083.7913799224916147       0                      2707
498 8083.8069547485420117       0                      2712
499 8211.1919774357120332       0                      2718
500 8211.786664953786385        0                      2723
501 8082.6744112106534885     329.02023859553321472    2728
502 8082.2763810457863656       0                      2734
503 8082.0837839716741655       0                      2739
504 8081.9789181085707241       0                      2745
505 8081.9676578774515292       0                      2750
506 8082.1050755118685629       0                      2756
507 8082.2623941139454473       0                      2761
508 8083.9163252979442404       0                      2767
509 8082.221015268632982      329.99230189473871633    2772
510 8084.7368559115166136       0                      2778
511 8214.8395922191230056       0.36114577576533968273 2783
512 8216.5353929689463257       0.99804077960600445785 2789
513 8083.9091401343794132       0                      2794
514 8081.9155516068512952       0                      2800
515 8082.2677903032208633       0                      2805
516 8197.4763569978131272       0                      2811
517 8081.9721293698867157       0                      2817
518 8082.4185642787469988       0                      2822
519 8082.8581485572249221     328.9848191785371796     2828
520 8082.277682832195751        0                      2833
521 8082.3834783972497462       0                      2839
522 8082.0277854698915689       0                      2844
523 8081.9862408925000636       0                      2849
524 8083.5825903485374511       0                      2855
525 8082.2559509864668144     339.58172982296468945    2860
526 8083.2183183223787637       0                      2866
527 8084.1588226154844961       0                      2871
528 8084.0213104091544665       0                      2877
529 8208.3961077534586366       0.129926724860641718   2882
530 8236.9833975143665157       0.50879802524142891951 2888
531 8086.8653064149966667     119.15086924760069564    2893
532 8081.9308409463674252       0                      2899
533 8211.8877265868541144       0.25716116968903351969 2905
534 8210.8485256494695932       0.02226974416877351703 2910
535 8082.9040834061506757     328.98922763647317424    2916
536 8082.2626959511480891       0                      2921
537 8081.9442525343702073       0                      2927
538 8082.2297440183438084       0                      2932
539 8082.0450005544553278       0                      2938
540 8081.9936335164775301       0                      2943
541 8082.1851740016218173       0                      2948
542 8082.1916478771508991     336.45563198914106806    2954
543 8082.9564123077389013       0                      2959
544 8082.7582631589739321       0                      2964
545 8214.0860628744412679      98.766303273131583751   2970
546 8219.1246918337164971     458.8191827014552473     2976
547 8082.0779362002340349       0                      2982
548 8082.1411808336279137       0                      2988
549 8082.1949239480818505       0                      2993
550 8212.6599670398099988       0.66434478044634071026 2999
551 8213.3123568169321516       0.74828717238136877032 3004
552 8082.6982817972120756     347.00191806051032017    3010
553 8082.0596442252499401       0                      3015
554 8081.9254442486881089       0                      3021
555 8081.9251842932999352       0                      3026
556 8081.9519233896226069       0                      3032
557 8081.9625057910016039       0                      3037
558 8082.9726404247630853       0                      3043
559 8082.7550401520074956       0                      3048
560 8083.9997929008150095       0                      3053
561 8088.3179417354040197     110.97463638484389037    3059
562 8213.4782136880585313       0                      3064
563 8212.2476894654791977       1.1180252498019411789  3070
564 8081.9411015229607074       0                      3075
565 8084.6034984143170732       0                      3081
566 8084.5893500683041566       0                      3086
567 8214.6106076983323874       0                      3091
568 8082.1564101694466444     333.94258985249945226    3097
569 8081.9172324014280093       0                      3103
570 8081.9186943880222316       0                      3108
571 8081.916361909799889        0                      3114
572 8081.9248437405940422       0                      3119
573 8081.9844697470225583       0                      3125
574 8082.9204963539614255       0                      3130
575 8082.7540234446523755       0                      3135
576 8084.000652141890896      347.42500346600559169    3141
577 8084.0329711661970578     338.40831209511736688    3146
578 8212.1938596701565984       0                      3151
579 8214.8271962767394143       3.3394519486093874328  3158
580 8092.1847251861781842     138.46784352586769273    3163
581 8213.753256538639107        0                      3169
582 8081.9284724788712992       0                      3174
583 8082.1580908333908155     333.65910565694917977    3180
584 8081.9175917182619742       0                      3185
585 8081.9184407919110527       0                      3191
586 8081.9433451492450331       0                      3196
587 8081.9904444413505189       0                      3202
588 8082.1605025784738245     333.37565450306487946    3207
589 8082.7986017235498366       0                      3213
590 8083.4726002469542436       0                      3219
591 8084.8643310748884687       0                      3224
592 8212.2081396569483331       0.03288667806285905382 3230
593 8212.329231417779738        1.2791586880747067845  3235
594 8083.6995668718618617       0                      3241
595 8214.4572086510797817       0.71688108182553411662 3246
596 8214.0520376846234285       0.32221695517975262879 3252
597 8081.9195738884691309       0                      3257
598 8081.9162446564887432       0                      3263
599 8081.915516104046219        0                      3268
600 8081.9252775892873615       0                      3273
601 8081.9207166047208375       0                      3279
602 8081.9411015229588884       0                      3285
603 8220.0195723402011936      40.728826920323527361   3290
604 8082.1596588948004865     332.82145692804937198    3296
605 8081.9206495070957317       0                      3301
606 8081.9203794707837005       0                      3307
607 8081.9151187665456746       0                      3312
608 8081.9229484476427388       0                      3318
609 8213.776018687427495        0                      3323
610 8084.3860127623256631       0                      3329
611 8084.3797034943190738       0                      3334
612 8214.7024824686031934       0                      3340
613 8082.1625053116522395     332.53839088270393631    3346
614 8081.9175675008273174       0                      3351
615 8081.9429209166883084       0                      3357
616 8081.9956714638656194       0                      3362
617 8081.9941766788660971       0                      3368
618 8082.7535575608590079       0                      3373
619 8082.9223788947829235       0                      3379
620 8083.9778798264223951     342.47766728538226744    3384
621 8089.0572012428265225     131.94852192821866765    3389
622 8212.1223449116205302       0.19300102864230242461 3394
623 8213.3377755235342192       0.65567315383571733722 3400
624 8083.9971784219869733       0                      3406
625 8081.9233698682774047       0                      3412
626 8213.0746088909600076       0.52037670073606445698 3417
627 8081.9155207554385925       0                      3423
628 8081.9191705067742078       0                      3428
629 8081.9847604919068544       0                      3434
630 8082.0159328048484895       0                      3439
631 8083.9884955984225599       0                      3444
632 8082.1636453991750386     333.09223647733989537    3450
633 8082.9199913934526194       0                      3455
634 8212.3048281862502336       0.20423728785003314457 3461
635 8211.3400046194110473       0.65560383083520079595 3467
636 8081.9394664012816065       0                      3473
637 8215.5629354259453976       3.3658769025488295412  3478
638 8220.2076126367810502      32.335609479264164179   3484
639 8082.1660826803517921     332.25535806025959573    3489
640 8081.9171294087400383       0                      3495
641 8082.7997082776118987       0                      3500
642 8082.0199838555035967       0                      3505
643 8084.018367215676335        0                      3511
644 8083.9929198818745135       0                      3516
645 8088.3138388602337727     111.14183705929573875    3522
646 8081.9172638838745115       0                      3528
647 8081.9172030415002155       0                      3534
648 8216.9229572071126313       0.19460300341417058334 3539
649 8211.8359628070666076       0                      3544
650 8081.9174005135455445       0                      3550
651 8081.9233698682883187       0                      3555
652 8081.9460093823572606       0                      3560
653 8082.7598466433610156       0                      3566
654 8081.9432299018008052       0                      3571
655 8083.9899556892332839       0                      3577
656 8212.0865587261432665      92.929286180306277743   3582
657 8217.0658869685230457     435.77189961251895056    3588
658 8081.919250560978071        0                      3594
659 8081.9444901388451399       0                      3599
660 8081.9206835495551786       0                      3605
661 8081.9194838771218201       0                      3610
662 8081.9162248666334563       0                      3615
663 8081.9888256743824968       0                      3621
664 8214.0803333994372224      69.630742934090804397   3626
665 8215.935363051479726      383.86755525696531777    3632
666 8081.9291167664405293       0                      3638
667 8081.9296584639341745       0                      3643
668 8209.6546370194992051       0                      3648
669 8081.944476944343478        0                      3654
670 8082.7552682246487166       0                      3659
671 8081.9428681556601077       0                      3665
672 8082.7533523686297485       0                      3670
673 8084.1627832564790879     291.20290808951108374    3676
674 8210.8978207373857003       0                      3681
675 8214.3151722797192633       0.7243276249607598638  3687
676 8081.9191705067632938       0                      3692
677 8210.598794242272561        0                      3698
678 8082.8613836512240596       0                      3704
679 8084.0130019323360102       0                      3709
680 8083.4318791422274444     299.58820172437458496    3715
681 8089.0847853926879907     132.65377355026606665    3720
682 8082.1901625482787495     332.58070078198488773    3726
683 8089.0570496759164598     132.32695756909470219    3731
684 8209.9116476406652509       0                      3736
685 8215.4331457640782901       1.4130743067616757802  3742
686 8081.9230092021571181       0                      3748
687 8084.025405010380382        0                      3753
688 8210.6150272318755015       0.00260701128735694359 3759
689 8227.3682944713873439     313.50584433065648682    3764
690 8212.9449772758125619       0                      3770
691 8084.8768850344540624       0                      3775
692 8210.2431566319173726       0.00116896375435719766 3781
693 8084.8719315967464354       0                      3786
694 8084.8719351234794885       0                      3792
695 8208.7256885282422445       0                      3797
696 8081.9298041890324384       0                      3803
697 8081.9190864448401044       0                      3808
698 8083.7670437207134455       0                      3813
699 8081.9559949964841508       0                      3819
700 8082.1698047463160037     333.39707705966679896    3824
701 8084.2056772809037284       0                      3830
702 8084.5180759160748494       0                      3835
703 8211.2031952677862137       0                      3841
704 8213.1319209911907819       5.0210217581472162962  3846
705 8082.040065519120617        0                      3852
706 8208.9013028216868406       0                      3857
707 8081.9174166121774761       0                      3863
708 8082.4911685311826659     357.42591302990200575    3868
709 8092.1419782434404624     137.43957099548964607    3873
710 8082.1689135860970055     334.23523899048461772    3879
711 8209.488285190800525        0                      3884
712 8211.5329685117503686       0.99557974800834803109 3890
713 8082.8241705514801652       0                      3896
714 8082.7809968831252263       0                      3901
715 8213.7961586711553537       0.61441316326259065583 3907
716 8210.5849094957065972       0                      3912
717 8081.9193024226451598       0                      3918
718 8081.9164202459851367       0                      3923
719 8081.946999268104264        0                      3928
720 8081.9443276142010291       0                      3934
721 8081.9450563938307823       0                      3939
722 8209.6165673965115275       0                      3945
723 8212.1192918377328169       1.0452043990572295051  3951
724 8082.7549206886806132       0                      3957
725 8209.0040790245202516       0                      3962
726 8082.7553443563501787       0                      3968
727 8088.3190959501516772     110.65097358313781228    3973
728 8089.1544967543622988     117.61108264802173551    3979
729 8210.682297863999338       88.287094180111864716   3985
730 8216.1650851499289274     378.36594135948593021    3990
731 8082.1714309707540451     330.86651593942269756    3996
732 8209.6018342761562963       0                      4001
733 8082.9633699621499545       0                      4007
734 8210.9174577984558709       0                      4012
735 8082.166148232764499      331.70201113351868116    4018
736 8081.9429966318430161       0                      4023
737 8081.9480346852215007       0                      4029
738 8210.8306452704036928       0.00345022806217379265 4034
739 8210.6635529198192671       0.10934808292843051225 4040
740 8084.8947609157457919       0                      4046
741 8208.8589600233608508       0                      4051
742 8082.757334491149777        0                      4056
743 8088.3225361445338422     111.64644903179798519    4062
744 8082.1720281186790089     333.95146206974266079    4067
745 8211.2750961014771747      96.41930130843233826    4073
746 8215.0541688719913509     407.57870060534418144    4078
747 8081.9171255172141173       0                      4084
748 8085.2097588223778075       0                      4090
749 8082.1772748996818336     335.34514820871879692    4095
750 8088.315335265214344      110.47165082683605419    4101
751 8088.3223852268283736     112.46588875374072813    4106
752 8082.1581563443942287     332.51700487526858296    4111
753 8082.1652295206704366     331.95092014032735506    4117
754 8088.3217551453017222     110.32796767586899023    4122
755 8088.3078040217324087     110.80546265374681525    4128
756 8213.2929972967031063       0.0955592757006194643  4133
757 8210.0163689980054187       0                      4139
758 8081.9469992680997166       0                      4145
759 8082.1677156827408908     331.14881172054555236    4150
760 8081.9945348779701817       0                      4156
761 8084.8525272052602304       0                      4161
762 8084.8868269114345821       0                      4166
763 8212.7925458906975109       1.7855565008122071813  4172
764 8081.9929714388772481       0                      4177
765 8084.1971253056553905       0                      4183
766 8081.9193173883704731       0                      4188
767 8081.9506722852638632       0                      4194
768 8081.9438694486525492       0                      4199
769 8210.8387952374323504       0.11520600476005185553 4205
770 8081.9206835495560881       0                      4210
771 8082.7832342952042382       0                      4216
772 8082.8299935034829105       0                      4221
773 8087.232430712414498      149.92576896010740484    4227
774 8082.5040090381362461     359.76166651749741732    4232
775 8092.1412482571131477     137.69623123727049574    4237
776 8083.9756112238292189     342.11337139171314448    4243
777 8085.0872610190390333     343.37508176932402648    4248
778 8092.1322378396225758     136.76083947589876288    4253
779 8210.2921002914335986       0.00354840692208862425 4259
780 8211.206565652950303        0.10880290498302931657 4264
781 8089.0743423934136445     2278.443908981896584      4270
782 8081.9902249659289737       0                      4276
783 8081.9912796822909513       0                      4281
784 8081.988709776241194        0                      4287
785 8082.8036842120436631       0                      4292
786 8083.9966952259483151       0                      4297
787 8085.1967691812678822       0                      4303
788 8085.1880265672798487       0                      4308
789 8211.7416598484978749      84.385417171861149654   4314
790 8215.9996715616161964     382.21019618685642172    4319
791 8084.2078836312730346       0                      4325
792 8083.767215760025465        0                      4331
793 8084.5265315322531023       0                      4337
794 8083.4537130149074073     298.44574860805579419    4342
795 8088.3410837832780089     111.4411895012863738     4348
796 8212.2780911836125597      66.750076386186805166   4353
797 8215.6985533364022558     342.622591675841079      4358
798 8082.1612705532734253     331.6806402587827165     4364
799 8081.9854102088984291       0                      4370
800 8081.9872816818433421       0                      4375
801 8082.7803778779834829       0                      4381
802 8086.6436114371954318     126.24279428975201256    4386
803 8082.5215309639525003     358.02347937785413023    4392
804 8211.7384948406979674       0                      4397
805 8211.1036961263289413       0.60150009452786268316 4402
806 8082.8499872501733989       0                      4409
807 8082.01720698122881         0                      4415
808 8084.0226160387073833       0                      4420
809 8088.3386459172234026     111.93401827832605022    4427
810 8082.1628485197270493     333.92999809756719287    4432
811 8082.1648761327551256     331.3979664791633013     4437
812 8088.3175699302564681     110.14882465697607472    4451
813 8082.1966304242641854     334.2776545310146048     4461
814 8088.3200401864505693     112.13971983828697887    4469
815 8210.8516026416000386       0                      4475
816 8211.7569581384250341       2.8868034750671438537  4480
817 8082.8548087730951011       0                      4486
818 8082.8555085459011025       0                      4492
819 8082.1660247780446298     330.84516020889492438    4498
820 8081.9154192493615483       0                      4504
821 8081.9469002222758718       0                      4509
822 8081.9164449962127037       0                      4515
823 8081.9448984766668218       0                      4520
824 8212.3187573209579568       0                      4526
825 8210.0972875636689423       0.54055644571189820358 4531
826 8081.9327049675503076       0                      4537
827 8082.7873546992032061       0                      4543
828 8209.2296721690636332       0                      4549
829 8082.7813318837015686       0                      4554
830 8082.9484890411022207       0                      4560
831 8083.624920966366517        0                      4565
832 8083.6554512526436156       0                      4571
833 8215.427519010971082      408.26370453251445269    4576
834 8086.9953981731159729       0.59939946748235806151 4583
835 8082.7957120220999059       0                      4588
836 8082.1660247780473583     330.84516020889492438    4594
837 8082.4929041814584707     357.97956503492900993    4599
838 8086.6701613008917775     126.21607565035880327    4605
839 8082.528768706793926      359.22947743355035755    4610
840 8086.6553775415586642     126.97357304104075126    4615
841 8084.0032704202631066     341.29411405630321497    4621
842 8092.167855872774453      137.89099953245516872    4626
843 8083.98708409590472       344.66795524760971148    4632
844 8209.9876880319006887       0                      4637
845 8212.5330519438557531       1.0778301285472777771  4642
846 8081.9710313729992777       0                      4649
847 8208.7256202847711393     108.19996088014549684    4654
848 8218.1679932489205385     418.53662118590597174    4660
849 8082.8264022583080077       0                      4666
850 8082.9234475227294752       0                      4672
851 8211.9999652366241207      76.676271114415371244   4678
852 8219.8871492222569941     353.15252517211303029    4683
853 8081.9277797091081084       0                      4689
854 8210.2002433539746562       0.00007772831157728699 4695
855 8210.1076867632618814       0                      4700
856 8081.9207105081932241       0                      4706
857 8081.9495573749163668       0                      4712
858 8208.7681139844171412       0                      4717
859 8209.1356785551597568       0                      4723
860 8081.9592106550971948       0                      4728
861 8081.9252025324885835       0                      4733
862 8082.1650741508265128     331.3765908188675553     4739
863 8089.0588864765086328     131.22929614819767608    4744
864 8082.197481635492295      333.43943852941754358    4749
865 8209.6428502250073507     108.41420492406409437    4755
866 8218.0598741149442503     430.11991834988020855    4760
867 8081.9491955951325508       0                      4765
868 8081.9438584510317014       0                      4771
869 8082.8573650291646118       0                      4777
870 8083.6295900616269137       0                      4782
871 8081.9877965038449474       0                      4788
872 8082.7558430909530216       0                      4793
873 8085.1860617810416443       0                      4798
874 8212.1010392774314823      72.407416046321813496   4804
875 8084.5064578605388306       0                      4810
876 8084.5384676622097686       0                      4815
877 8085.0582334139135128     345.40232714837515005    4821
878 8092.1322132791156037     137.6587940065228679     4826
879 8212.7465085504791205      76.999165430700486468   4832
880 8218.7321228281180083     351.399456022148172      4837
881 8083.8286139602250842       0                      4843
882 8082.8155190129546099       0                      4848
883 8208.9496758538280119       0                      4854
884 8082.0224145480578954       0                      4860
885 8083.9926486939320966       0                      4865
886 8084.0126164777129816     343.84333247696400804    4871
887 8209.5794745507100743       0                      4876
888 8083.9901063933066325       0                      4882
889 8208.8226475541632681       0                      4888
890 8082.8102667023749746       0                      4893
891 8082.8116512234237234       0                      4898
892 8088.3451717248326531     110.94954751527208714    4904
893 8089.0521513972371395     132.86420656964125442    4909
894 8089.1598723677616363     118.63770848844580996    4915
895 8083.432901804483663      298.76379984544087165    4920
896 8083.4672960051511836     300.75967753694243356    4925
897 8210.5828693193361687       0.97999144970846641112 4931
898 8081.9758084908708042       0                      4937
899 8081.9713232947970027       0                      4942
900 8082.8310535055315995       0                      4947
901 8084.8826321951364662       0                      4953
902 8092.1580975595388736     137.59290741992660401    4958
903 8084.7923911838015556     346.78145711434933673    4963
904 8210.2287252127334796       0                      4969
905 8211.4906867592217168       0.94557553140803463076 4974
906 8081.9973591352600124       0                      4980
907 8082.8014668024434286       0                      4986
908 8211.9673580080452666       1.6336904546613519873  4991
909 8209.388665076057805        0                      4997
910 8081.9277985516400804       0                      5003
911 8081.9341963301549185       0                      5008
912 8081.9191948144616617       0                      5013
913 8083.6540603258445117       0                      5019
914 8210.0255461961442052       0.00000000780908993367 5024
915 8209.506123848768766        0                      5029
916 8085.9164552304264362       0.06629242070518195917 5035
917 8083.6262782960075128       0                      5041
918 8208.6497243946796516       0                      5046
919 8208.6026306809326343       0                      5052
920 8081.9722428138593386       0                      5057
921 8082.1889081425797485     331.72289856819503484    5063
922 8082.7852170773621765       0                      5068
923 8085.7304976752611765     350.132190408135898      5073
924 8092.1816477802385634     137.31892171931858115    5079
925 8088.3112017078010467     110.63846833697694194    5084
926 8210.0067596319968288       0                      5089
927 8213.0051582409760158       1.1802950035741373025  5095
928 8086.6428960883968102     125.89801050905950319    5100
929 8081.9227725220271168       0                      5106
930 8212.1114690313534084       0                      5111
931 8210.4445437626691273       1.0131950790091071024  5117
932 8083.8225413522459348       0                      5123
933 8083.8333483881906432       0                      5128
934 8084.0162617830246745       0                      5134
935 8210.5736635109551571       0                      5139
936 8209.4828698691180762       0.00000084027769908441 5145
937 8209.2687311932368175       0                      5151
938 8082.8126088994140446       0                      5156
939 8210.4811743847858452       0.0017045540555345115  5162
940 8081.9307655444590637       0                      5168
941 8083.9552648610379038     322.94523554635793516    5174
942 8087.4610045257677484     132.98061466473495784    5179
943 8084.1368537411353827     291.77808622467949817    5185
944 8083.980252568443575      344.30219224854329241    5190
945 8093.8043490674544955     187.8766801013858867     5195
946 8209.441022120827256        0                      5201
947 8210.6115769834632374       0.00060679147269400251 5206
948 8081.9729087526138755       0                      5212
949 8081.9929714388799766       0                      5218
950 8081.9907422604819658       0                      5223
951 8082.0180616830784857       0                      5229
952 8084.0209942992742072       0                      5234
953 8083.9933251506809029       0                      5240
954 8210.8091744485391246       0.00107461640878319764 5245
955 8209.6153091897867853       0                      5251
956 8081.9356763176974709       0                      5256
957 8083.6827639197599638       0                      5262
958 8208.239266685955954        0                      5268
959 8085.9175054373672538       0                      5273
960 8082.9522985435532973       0                      5279
961 8210.0543885655697522      89.716075489772677543   5284
962 8216.3634535665714793     378.68314922693599556    5290
963 8083.9857632417561035     340.16500626617619218    5295
964 8082.8145413678175828       0                      5301
965 8083.8379772135040184       0                      5307
966 8211.0189895494149823      83.723666860584458504   5312
967 8215.9926464108448272     378.02269613119608493    5318
968 8208.4478371939767385       0                      5324
969 8208.4938803675231611       0                      5329
970 8082.7586357894197135       0                      5336
971 8088.3152882093972948     110.81799840984275818    5341
972 8088.3138943076583018     111.46633333930084575    5347
973 8082.1662878288434513     333.64622800430112193    5352
974 8082.1916465295107628     333.13453252566017682    5357
975 8088.3422985149663873     111.76627899307351299    5363
976 8210.0913013541194232      89.239873889187379064   5368
977 8215.9514654892791441     377.02917089305509535    5373
978 8208.7405993303782452       0                      5379
979 8083.7947092980139132       0                      5385
980 8082.7819957171004717       0                      5390
981 8081.9186758322175592       0                      5396
982 8208.8774765059752099     109.10149141576071941    5401
983 8217.6907605840060569     429.41573839992213379    5407
984 8082.7603888718867893       0                      5413
985 8081.9228797850437331       0                      5418
986 8082.7545559941136162       0                      5423
987 8082.7580098941916731       0                      5428
988 8210.8402883274084161       0                      5433
989 8212.4157910623234784       0.05113604161046354096 5438
990 8083.8441141411785793       0                      5443
991 8082.9989959702625129     321.60642301911974528    5449
992 8089.0597156272933717     131.97335757711687165    5453
993 8083.4293924653384238     299.01499000527758199    5459
994 8084.1414089456966394     292.40989665251504448    5463
995 8210.4326676517430315      89.895268801177834916   5468
996 8216.5946859072864754     391.04400249794667843    5473
997 8209.4075345262717747       0                      5479
998 8083.4358690029448553     300.16369340301338298    5484
999 8083.4574166414586216     298.49004189508872287    5489
1000 8089.0944437454963918     132.85021704779313723    5493
