1 12255.561625239191926      217877.26324360378203       4
2 12846.563102308675298      220014.76859329079161       8
3 12502.387186511383334      227674.85454764877795       12
4 12500.167894457386865      231420.24781824895763       17
5 12490.86488438777269       231293.47767121621291       21
6 12204.810681164988637      122045.2539655907749        25
7 12150.059463333262102      22355.095188707306079      30
8 12181.846717625121528      48711.034128014252929      34
9 13644.491241590385471      280427.92064628255321       38
10 13641.280682152739246      270670.02629118371988       45
11 11386.965148294377286      28104.366179666270909      49
12 12154.915377392695518      24793.609492980984214      54
13 11911.288458684033685      19126.761859319343785      58
14 11270.58949125361687       14215.285940903348092      63
15 10526.505115782470966      9621.7480886472403654     67
16 9918.1722627727285726     11501.709105242513033      72
17 9916.2327996011226787     9800.9904629703960381     76
18 10382.3035798937035        18355.859779310234444      81
19 9551.0627757237889455     25085.006159069864225      85
20 10528.90133318784865       7377.3776891778525169     90
21 12567.821323675318126      7305.1352396614356621     94
22 11731.672448348737817      6289.8429362425104046     98
23 10370.951115328523883      9076.8370928253316379     103
24 10368.126490734117397      8252.0903394539636793     108
25 10377.811275435884454      10786.793453888440126      112
26 10819.420206024229628      3879.2465183034018992     117
27 11187.886726614460713      2579.0327810811886593     121
28 10506.996718008811513      4180.8583462026608686     126
29 10505.014118184344625      3373.4671873445481651     131
30 11365.213738861084494      2789.9124281671115568     136
31 11367.776299983821445      3132.476877228797548      140
32 11175.460120619311056      2708.2561593387003995     145
33 12368.739597634114034      3717.3438385169542926     150
34 11746.404032497064691      3015.1884586500264049     154
35 11937.396424458731417      7018.9592769013042926     159
36 10661.543818327590998      6976.7877031625803284     164
37 12408.250624881207841      15875.267833817824794      168
38 10658.939365507274488      6253.8657277584152325     173
39 12152.916652155721749      2807.5461709951377998     179
40 11532.733961865103993      2191.1491607803482111     183
41 11953.777291244099615      6671.6482080329569726     188
42 10656.772906873182365      4994.3318605240674515     193
43 12227.816917637112056      2259.979900824388551      197
44 11496.952511366680483      112310.35201812822197       202
45 10232.024389686657742      6146.1736255434116174     207
46 10792.275692454575619      1955.1834610843682185     211
47 10138.233157566202863      1549.8674032474148134     216
48 8729.5236479559844156     1904.8588227210896093     221
49 8507.7296276811921416     11097.689975975312336      226
50 10118.791737135250514      774.25048279539294072    231
51 9433.7650644656441727     324.8450966181536046     235
52 8506.8285587532373029     2156.6531719854951916     240
53 8399.5234633436666627     10924.748993107486967      245
54 8640.0993201561068418     31017.344934425782412      249
55 8813.1033078853251936     926.62934539806008161    254
56 8661.7354816213883169     11824.967333939002856      259
57 9013.6024750997567025     6934.9108088393131766     264
58 9312.4335561507650709     181.84752398196789613    268
59 8289.1789611536314624     9239.2836247111554258     273
60 11225.612592261528334      59451.445025905115472      278
61 9309.1538915079727303     321.1082874329950414     283
62 8470.7982257061175915     3645.31566691326816       287
63 10957.212913672192371      694.63945470615624345    292
64 8702.9549029105110094     564.63462132144468342    297
65 8242.1554525961673789     1201.9946054209790418     302
66 10156.545850902017264      1502.5628479259744381     306
67 8574.9929753305459599     4484.1704330934444442     311
68 9827.8452752849134413     421.78563465148516798    316
69 10705.637317450735281      3028.9205432587514224     321
70 9837.3155785521721555     3439.2634385135406774     326
71 10300.721077356878595      4110.9474495998256316     330
72 8456.6666213278786017     10708.632177693083577      335
73 12630.471778916709809      34398.911441291857045      340
74 11137.827269429957596      2129.6945892789531172     344
75 8646.2272693073609844     5226.3860803766528988     349
76 8686.2526707084161899     2847.4594586751281895     354
77 12123.658062188598706      1769.1259901486837407     359
78 8666.8592226630371442     283.53076956959802146    363
79 10319.939974180615536       99.575181655542692738   368
80 9997.9643214730895124     591.78804766332552845    373
81 9000.0891888241858396     2057.2449112486278864     377
82 10034.167697482595031      669.61200939791967812    382
83 8645.1537687085292418     2544.8942262535470036     387
84 9902.4322234684095747     302.26197667767416988    392
85 10510.254177743856417      235.81627519525886783    396
86 10239.506335036216115       94.319256120193273318   401
87 10413.983189661737924      575.2380412239084535     406
88 8734.0850893340302719     564.11755948781285497    411
89 9330.5353744963467761     777.26737475078596162    416
90 9492.9784395375809254     294.4024112507157156     421
91 9976.0230720761974226     930.16472991326747888    426
92 9470.1315773749502114     213.34951601876224458    430
93 10240.052916382823241      572.3832630944000357     435
94 11544.262815121021049      4160.8499145198584301     440
95 9611.6646610667685309     373.79101043309123042    444
96 10148.656491898560489      183.78154619703713024    449
97 10809.316673219695076      590.15697067604219228    454
98 10680.582049070952053      469.90011445194761563    459
99 10240.688034759992661      449.44881343062843371    463
100 10241.168462848889249      370.59714686456152322    468
101 8869.19059239510716       559.55398639325255772    473
102 10327.721385291753904      349.78581446490312601    478
103 9742.7796602129255916     159.42669707140981927    482
104 10209.696373854663761      271.80280260633077205    487
105 9689.6962746964090911     258.99815198393758919    492
106 9849.7549109127940028     123.40274017368560067    496
107 10074.283001964136929      126.62965192415050808    501
108 9771.3793660494266078     208.66155217645231801    506
109 10111.540548911736551      494.62992819978569514    511
110 10437.392715558065902      123.53403953374817092    515
111 10239.311358692273643      164.22861867916554957    520
112 10448.18319531889756       688.53610513421961059    525
113 10651.517174981305288      651.2282903236130096     530
114 9673.6769344101194292     128.32618213864535051    534
115 9992.2163053215899708     322.74225047447043835    539
116 9741.6834163359453669     200.87207652973947347    544
117 10083.615018250882713       91.743913916335444014   548
118 9745.475244113475128      171.70816487791086047    553
119 9935.9870806845665356     833.25768187272694831    558
120 9812.8669090354269429     155.26817612197589824    563
121 9847.5203460536831699     173.08572388465830727    567
122 11115.322549327773231      543.60123104888305079    572
123 9614.6199084151976422     537.69051196146597249    577
124 9687.8411078907174669     139.26473074045142653    582
125 9773.7309150771416171     121.48601937626004599    586
126 10093.483719293086324      123.75661131683808946    591
127 10078.464113170210112       92.214905536311363221   596
128 10089.211367917232565       37.195367370751498015   601
129 10251.669021155075825      122.54938421791111125    606
130 10227.704231207750126       66.890992456834212021   611
131 10087.905588045539844      372.51371985788216534    615
132 9944.644294008063298      129.30970118435391214    620
133 10108.285429053861662       96.389727480190700248   625
134 9820.9764392602373846     701.77519063937609189    629
135 11226.310102397736046      868.95809377657906225    634
136 9630.8611235494900029     321.20727520792468113    639
137 10727.406740335185532       79.159934298733034552   644
138 9874.4905343539503519      31.448019542051515174   648
139 9561.5332005153213686     2877.915932594300557      653
140 8994.7996439408452716     214.93947284447210677    658
141 11469.261857125062306      2083.753392787613393      662
142 9772.6537685106668505     250.6791735639623937     667
143 9241.3300227602430823     356.13015696311549618    672
144 9698.8182149664589815      19.641795177954101348   677
145 9495.7264927215164789     730.01908999325632976    681
146 8165.6220415827319812     1971.3078330581781756     686
147 11721.255297324036292      4571.8525630957528847     691
148 8537.4902639174815704     2937.4390330289984377     696
149 9539.22966944484142        85.425025832604134735   700
150 9786.8568903262421372      14.605735119684192469   705
151 9692.6866867730605009      78.934863522496584665   709
152 8524.9374543206249655     1489.6704846566160541     714
153 9528.4091034038156067     344.88817684441715983    719
154 9694.8122252314351499      28.124670803886004933   724
155 9777.5106093357899226     207.90772408795419324    728
156 9613.2894110391043796     127.89685020765671197    733
157 10069.700200250357739        4.5059160052625566451  738
158 8147.2805745861660398     1027.7114468429635963     742
159 10120.892914242254847      9446.9750746718545997     747
160 11295.45798238831776       3848.9876188415814795     752
161 9803.3931524881427322     219.44389428030351041    757
162 9001.8646289169355441     601.46394184884604783    761
163 9000.1169982549072301       0.43648762011726527366 766
164 8632.6321703814301145     4705.9678051186110679     770
165 8211.5417228628193698     484.22084804306183514    775
166 8233.3230154375160055     505.43416194981972467    780
167 9324.2001204992993735     183.76454146567877501    785
168 10238.608361320362746       44.725825599181732173   789
169 10048.713752430399836       22.117328319487320698   794
170 9739.7740403782390786       3.1183426392289761431  799
171 9494.5886293308922177      21.87460140832008193    803
172 9481.9207208316092874     144.53296576333195844    808
173 10018.717363098692658       10.149662829982732504   813
174 8830.2196208660643606     1254.2086941053285045     817
175 9412.653460949408327      1872.3232966249947822     822
176 8999.4073848278621881       9.9155011493506783893  827
177 9921.7330830577666347     1660.6553554373999759     831
178 8832.357915467409839       15.587432362471751901   836
179 8470.9478187399708986      82.033957332269395124   841
180 8554.978343328797564      2278.5499246024346576     845
181 8498.7049422714917455     198.62008111563270063    850
182 9310.5054469010374305     409.74393071043806458    855
183 8613.8672622115755075     4702.9538873206392964     860
184 9461.0473118066656752     206.04024486496331292    864
185 9613.596055808597157      705.45110606736034242    869
186 8824.7776903713001957       0                      874
187 9010.5259730759971717       0                      878
188 8959.1162095178369782      34.633292114404248707   883
189 9305.3777615230319498      40.070083393902969249   888
190 8741.35113192370045       134.71066819665850289    892
191 8174.7958151174934756       0                      897
192 8802.8855213493843621     2643.8312973269553368     902
193 8126.7325763661028759     135.07573444351470471    907
194 8133.1680546859770402     946.00190919311194193    912
195 8154.5044695094557028     3000.4817035255114206     916
196 8877.8974489156098571       0                      921
197 8766.1144912753225071      29.936965617389159178   926
198 9230.1010963830976834      91.792732748546413291   930
199 8271.23370075290768         0                      935
200 8466.2498724633151141     3124.8882938733713672     940
201 8565.5452417087562935       4.9869941443446554885  944
202 8173.5129940576352965       0                      949
203 8316.8894712842247827       9.756301346454183232   954
204 8379.9818107137798506       0.46537191292283897059 959
205 9100.2760113495714904      16.594340397802298526   964
206 8941.2564145041305892     1122.2321708416768615     968
207 8350.5036632666233345      94.089964084184089188   973
208 9018.1986918593629525       0                      978
209 8654.2639032540446351      52.478181322118047092   982
210 8174.2084787667445198       0                      987
211 8230.7381050304429664       0                      992
212 8234.9631570681049197       0                      996
213 8472.4525428093947994       0.06185061914720128839 1001
214 11171.1376815452968        962.24660584219736847    1006
215 8145.1546068633424511       0                      1011
216 8778.3672680995478004     4833.711089705782797      1016
217 8306.1583043728624034     126.65647306765258406    1021
218 8540.9435476777143776      40.750080918035259003   1025
219 8180.3442379323005298       0                      1030
220 8165.5169127925328212       0                      1035
221 8147.9587828365101814      57.421545663312521413   1039
222 8372.5881752763216355      53.19927138620732876    1044
223 8454.9154800814467308      28.102254706326650791   1049
224 8794.205760459002704      723.21918784153422166    1054
225 9096.2553547536172118      86.225212752681784423   1058
226 8538.4676376892348344     105.90757940556103733    1063
227 8621.8133499566320097      27.87263605004327971    1068
228 9032.3216473382090044     1078.348597145444046      1072
229 11147.556150581367547      7838.531537125201794      1077
230 12764.351332974334582      1620.1036442032545892     1082
231 8608.9301827062809025     2782.3844293013480637     1086
232 9004.1064236187557981     7644.249639400635715      1091
233 8566.9800472222359531     15279.935775402364015      1096
234 8117.3392182976886033       0                      1101
235 8140.8483897695623455     850.15246789219895618    1106
236 8137.0462850632575282       0                      1111
237 8161.4772682680822982     136.89399970855509991    1116
238 8221.3150494641286059     111.55172547189272336    1120
239 8126.7008461770965368     111.71320149329167748    1125
240 8299.9668293157956214      78.148553715069496661   1130
241 8118.6857251800811355     145.34705655751477593    1134
242 8451.0709258697861515       0                      1139
243 11162.660362144633837      264.48494447311975364    1144
244 8561.7524921616168285     452.59161002664774287    1148
245 8134.6790865581015169     202.57795704825903726    1153
246 8215.5631543148574565     2461.1399343251514438     1158
247 8199.2738599962049193       0.07534957269853527484 1163
248 8492.6168456139585032     417.2535853023390473     1167
249 8532.080482174824283      1326.3300693669850716     1172
250 9661.1159148401548009     1246.9014933380578896     1177
251 8377.6270181417949061       0                      1181
252 8097.9746323925628531     271.28449450072497484    1186
253 8101.9726216127037333     308.97759630494988414    1191
254 8105.6238823740459338     216.5105687181484484     1196
255 8103.959719311275876        0                      1200
256 8467.3411501284535916     1622.0406163500620096     1205
257 8233.8290441951448884       0                      1210
258 8362.0953381263789197      79.577453262111973231   1215
259 8154.9791870718672726     2789.5764148495914014     1219
260 8161.772615334427428      3511.0641402050882789     1224
261 8140.1459216999701312     100.54438550030276645    1229
262 8145.4148217940964969       0                      1234
263 8187.3046224312347476       2.004997454560701442   1238
264 8242.8352084389698575       0                      1243
265 8305.6740004253788356       0                      1248
266 8667.2738448035124748     342.2758639049912972     1253
267 8251.8100974988356029       4.0776823186467474613  1257
268 8408.0891826516854053      54.617237090495805774   1262
269 8455.2351972544638556      84.913906002449166976   1267
270 8882.3545297384989681      65.696915767495511318   1272
271 11311.047938705854904      1027.5063692154562887     1276
272 8150.8576416314726885       0                      1281
273 8229.9786984030961321     8885.8910918158071581     1286
274 8219.809832639315573      7233.7584408236034506     1291
275 8161.7144799738680376     216.42508508231924225    1295
276 8149.3448917106088629     1271.9923689376353195     1300
277 8162.6983538930326176     152.44428393827851664    1305
278 8152.2985075651049556       0                      1310
279 8941.9629502490352024      28.978816038108625719   1314
280 8480.5607891922009003     134.74467819691648174    1319
281 8152.3561765007607391      57.172194719291596243   1324
282 8133.3190147316154253       1.1967270170178969657  1329
283 8236.7011090551568486     155.81835218503223928    1333
284 8166.1816588076862899     962.76542670278274727    1338
285 8274.6493028469303681       0                      1343
286 8434.5688415575950785     370.80244024841329065    1348
287 8590.9731285983216367     159.73318558248163868    1353
288 8186.8934030218215412       0.11135197517006605039 1357
289 8171.8582711615217704     1026.540283252476911      1362
290 8166.3728130007193613     106.9299248622141647     1367
291 8123.9972177528507018     2910.0924469145857074     1372
292 8122.0707618381320572     2977.7258824029286188     1377
293 8194.5068207516342227     696.83034504007457599    1382
294 8303.808023164208862       76.683233555836125106   1387
295 8124.1498387674901096       0                      1392
296 8112.8384825530029048     257.89482949258240296    1396
297 8111.1041453842371993      41.688703219388898447   1401
298 8108.8887940290569531       0                      1406
299 8103.2831063889416328       0                      1411
300 8096.8069888312820694       0                      1416
301 8432.9543383554846514       8.6467834960375711262  1421
302 8088.331855445076144        0                      1426
303 8137.7145657117580413     1132.9479571037463757     1430
304 8574.3484108109387307     3417.1557740589487366     1435
305 8090.2050196441214212       0                      1440
306 8101.5390460993630768      60.660948845347924419   1445
307 8198.4737627289214288     122.66549210510979151    1450
308 8334.7077624956218642      24.037374001409546054   1454
309 8108.1842965312607703       0                      1459
310 8183.0169962253385165      36.243462037439890366   1464
311 8978.9557994761235022      91.341765450281627636   1468
312 8167.5372561363274144       5.4882782030210055524  1473
313 8399.4333115830941097      15.411076721570177384   1478
314 8099.739852069718836      819.02078217871564902    1482
315 8147.6462137527523737       1.8186665116925255781  1487
316 8167.6378250508196288      18.219990427265265964   1492
317 8700.5688047099411051     13473.037881592452322      1496
318 9002.9776647403778043     102.61788509550400761    1501
319 8271.3900022385223565     683.39372865865277618    1506
320 8185.8206442951868667      42.042753726519933366   1511
321 8087.758948640831477        0.03622958075603841671 1516
322 8491.0522662447492621     131.25734307300828618    1520
323 8103.7036210760779795     213.25402461857336789    1525
324 8111.20032764741336       141.19227914699314397    1530
325 8132.5626726331020109     4828.1994343100777769     1535
326 8193.0927400348664378     108.40219587333965023    1540
327 8287.4294562140730704      72.086085047469012466   1544
328 8133.1479964177533475       0                      1549
329 8392.4830111626361031     568.05168803312005821    1554
330 8086.2704704719799338       0                      1558
331 8143.1993290120799429       0                      1563
332 8147.7625137423292472     1068.4829124060431695     1568
333 8085.579267638762758        0                      1573
334 8176.1233731804159106       0.28782420101592365302 1577
335 8084.8953514539780372       0                      1582
336 8190.6018963103606438     453.75054105373828861    1587
337 8128.6169105582812335       0                      1592
338 8084.7564834519735086       0                      1596
339 8097.1030036962101804     336.35264413712985743    1601
340 8125.0500904250029635       0                      1606
341 8151.9605710948953856     106.64645405040432991    1611
342 8238.6362929866008926     111.13256319884784773    1615
343 8124.1787537018108196       5.0808873724783394366  1620
344 8145.8952898430452478       0                      1625
345 8755.2679846752762387       0                      1629
346 8099.5874234778784739       0                      1634
347 8132.4163025799307434       0                      1639
348 8132.6165382706267337       0                      1643
349 9842.8428558947834972      11.53191416407807246    1648
350 8767.9045940813575726      31.304669630778121814   1653
351 8129.1176162261090212      68.247992189303346322   1658
352 9327.8428355864416517     137.97454622795547152    1662
353 8090.9566034432391461       0                      1667
354 8104.6299911780424736       0                      1672
355 8887.0391540393138712       0.89734019999158609604 1677
356 8233.4783737786601705      29.235098384533625193   1681
357 8090.2980827459405191       0                      1686
358 8099.3781194350094665       0.58298837626453270389 1691
359 8099.8224182378462501       0                      1695
360 8242.0244765320312581       0                      1700
361 8123.720190724123313        0                      1705
362 8111.5998438174074181      68.843926032468289122   1709
363 8131.8109191990579347     144.92691418263871128    1714
364 8137.5091870531259701     277.23884766922333256    1719
365 8281.415314073978152        0.08231912896045422146 1723
366 8307.1291546917582309     428.34604545073523241    1728
367 8100.1815113411175844     236.66795501071842978    1733
368 8111.2806332687005124     777.08386206712270905    1738
369 8119.1878252170554333     1917.274650275048316      1742
370 8877.3533708048653352       1.314414025753726234   1747
371 8252.3711268977003783      35.837372111158828147   1752
372 8112.9123867115040412       4.724228417862011753   1756
373 8132.0005807638517581     153.51486717009046856    1761
374 8087.306315942960282        0                      1766
375 8084.7091810789434021       0                      1770
376 8084.5762579674264998       0                      1775
377 8084.2584068385249338       0                      1780
378 8113.280024273923118      686.21723749898728784    1785
379 8108.3665029655348917     288.78498556340559844    1789
380 8106.5796497620212904     254.86333695686244027    1794
381 8865.1738810912283952       2.0113986215548012026  1799
382 8240.3214844903486664      31.697476968827363208   1803
383 8086.6902240971730862       0                      1808
384 8085.7230348869143199       0                      1813
385 8099.5151015852061391     319.34394852694987321    1818
386 8124.1699605995372622       0                      1822
387 8108.5820136355087016     650.6282151910063476     1827
388 8097.8577382291514368       0.19633316450643142903 1832
389 8091.875557588105039      136.47194699419014796    1836
390 8111.6641269924484732     622.45030891240719484    1841
391 8159.8960653869844464     245.84693366737718634    1846
392 8133.1853982862785415     182.9415469418671023     1850
393 8133.4780023467546926     848.41432401386634865    1855
394 8084.0348041818388083       0                      1860
395 8086.5938375387322594       0                      1865
396 8090.9596257074135792       0                      1870
397 8094.2527024287601307     1096.3088527119266473     1875
398 8094.8242084792263995     973.55637559942329062    1879
399 8876.2167278803390218       0                      1884
400 8252.7066219348198501      36.318934779408230895   1889
401 8098.5075189351910012       0                      1894
402 8102.8239821669094454     277.67063031782646476    1898
403 8113.2668715396457628      60.931854378794184868   1903
404 8085.455895625449557      307.45406068088732354    1908
405 8087.2521996373570801       0                      1912
406 8083.9153137181456259       0                      1917
407 8096.5384394989605426      69.749570611245232499   1922
408 8082.2256365276925862       0                      1927
409 8162.3558905347608743       0                      1931
410 8082.0482259096324924       0                      1937
411 8082.0903025828611135       0                      1942
412 8854.8331605816329102       0                      1946
413 8278.8540655840661202      38.725342582639264322   1951
414 8085.9917737495234178       0                      1956
415 8083.0349783033971107       0                      1960
416 8112.2751825212508265       0                      1965
417 8112.8839645142688823       0                      1970
418 8082.3317404087702016     324.28711786788971949    1974
419 8082.1338967760029846       0                      1979
420 8118.7443472320355795       0                      1984
421 8084.49902952267621         0                      1988
422 8085.1120227922319827     323.68905103132112799    1993
423 8110.4103426125520855      60.088623020995385104   1998
424 8088.2026043279583973      66.649039421279681505   2003
425 8093.107263095149392      407.98295915454457372    2008
426 8087.2289765048099071     469.44260924574990668    2012
427 8093.7107756426812557     225.73727904959238799    2017
428 8085.3073521519054339     398.49726818588493416    2022
429 8789.6129996411291359       3.9474345056727186964  2026
430 8221.1719040866391879      18.247544026305490661   2031
431 8082.9811042052069752       0                      2036
432 8082.4175518376068794       0                      2041
433 8101.5643502859884393       0                      2046
434 8082.1929957178881523       0                      2050
435 8086.9864879403603481       0                      2055
436 8087.4135639532851201       0.57287181244886109521 2060
437 8082.9634070598458493       0                      2064
438 8083.0212559510719075       0                      2069
439 8090.141766034599641       97.231647560552445952   2074
440 8092.6342851264153069       0.39375663473145872118 2078
441 8083.8224294410383663     301.5323062668811076     2083
442 8090.9687402395366007      11.822580670635229438   2088
443 8086.6030916010386136       0                      2093
444 8089.6367344940699695     202.38315817998520174    2097
445 8116.1799708474263753     209.41438631481159405    2102
446 8086.5332129003354567       0                      2107
447 8082.0351455292438914       0                      2112
448 8085.6192510540913645       0                      2116
449 8084.0616402282439594       0                      2121
450 8083.9379714264641734       0                      2126
451 8081.929624211200462        0                      2130
452 8082.7767473554986282       0                      2135
453 8082.9357955279547241       0                      2140
454 8081.9483026633415648       0                      2145
455 8769.5955934818757669       3.2861875797095154716  2149
456 8214.2437914729944168      15.574753729076602937   2154
457 8082.9284120116726626       0                      2159
458 8084.3426586706682428       0                      2163
459 8087.3072622922527444       0                      2168
460 8090.8815573228312132       0                      2173
461 8099.2405017356359167       0                      2178
462 8081.943666352092805        0                      2182
463 8089.3768605216928336       0                      2187
464 8090.1995192063923241       0                      2192
465 8082.3759197208428304     339.95545007427489281    2197
466 8136.0455681613238994     136.31450307260095656    2201
467 8088.320513284320441      109.65892457312884289    2206
468 8083.3260885405397858       0                      2211
469 8081.9217177169321076       0                      2216
470 8082.0164185310331959       0                      2220
471 8081.9195738884627644       0                      2225
472 8144.3982341738383184       0                      2230
473 8081.9790697220114453       0                      2235
474 8082.022287325776233        0                      2240
475 8082.0577844973367974       0                      2244
476 8083.0868344636064649       0                      2249
477 8746.0173299013531505       4.9503908076050997522  2254
478 8228.5316943853194971      20.305141581674170936   2259
479 8082.9219660456319616       0                      2263
480 8083.169544008856974        0                      2268
481 8083.880258263824544        0                      2273
482 8085.7969568026828711       0                      2277
483 8089.8942944639466077       1.0088122371859828963  2282
484 8082.7868698971551567       0                      2287
485 8082.5593779134233046     325.02433362725969346    2292
486 8087.0653883235891044       0                      2297
487 8089.2511160004605699     717.34274594384021384    2301
488 8100.256948720487344      339.75540013686747898    2306
489 8107.3094873160880525     510.45430031055099107    2311
490 8131.5818822571463897       0                      2316
491 8081.9908085553342971       0                      2321
492 8081.9891191684355363       0                      2326
493 8105.8671056884431891     956.5138867052015712     2331
494 8089.2218612230044528     138.57036934159683028    2335
495 8107.1788228009136219     230.53538185326158327    2340
496 8087.426020173444158        0                      2345
497 8081.9993698402131486       0                      2350
498 8082.2403261314429983       0                      2355
499 8082.8218260337880565       0                      2360
500 8083.1962796032712504       0                      2365
501 8083.9089097197283991       0                      2369
502 8083.9214669931070603       0                      2374
503 8087.5511947368404435       1.3149532743281122649  2379
504 8091.9851312318405689       3.5517504184924035826  2384
505 8082.2636024365765479     324.93684048888690086    2389
506 8089.0016971658369584       0.05887053552018688823 2394
507 8085.150179905062032        0.00524936514095386726 2398
508 8127.3888774916476905     1164.1127966698891214     2403
509 8082.0800695422813078       0                      2408
510 8082.0603906496971831       0                      2413
511 8082.0058009234444398       0                      2418
512 8082.1889832122642474       0                      2423
513 8751.3618002259900095       4.8411403026345567469  2427
514 8228.9186060925239872      20.426193486283452216   2432
515 8081.9405027856300876       0                      2437
516 8084.9428960585200912       0                      2442
517 8089.7938022683538293       0                      2446
518 8088.1209425337046923       0                      2451
519 8082.0258882918833478       0                      2456
520 8082.0487123150323896       0                      2461
521 8092.6519749592644075      40.568067143787864381   2465
522 8082.2516072941270977     338.92552378467092922    2470
523 8105.0578570443549324       5.8737069777222412625  2475
524 8099.9575109043289558      28.320666575453788738   2480
525 8098.799858968004628       78.232675870395027573   2485
526 8123.7543312525340298     1077.0097777765256524     2490
527 8082.0587252299810643       0                      2495
528 8082.0496137892041588       0                      2499
529 8081.9284724788767562       0                      2504
530 8106.9082483738293377     207.75980800885793087    2509
531 8088.1024118855939378       0.44743369853490166932 2514
532 8082.2055619294178541       0                      2518
533 8082.9732470320550419       0                      2523
534 8083.0872004730490517       0                      2528
535 8089.0173813498004165       1.0469994795531956111  2532
536 8083.9808337194908745       0                      2537
537 8082.106421178367782        0                      2542
538 8084.35997193897947         0                      2547
539 8084.4469804652471794       0                      2551
540 8082.212881173302776      336.22832123086203637    2556
541 8085.5978030552751079       0                      2561
542 8084.2068381822218726       0                      2566
543 8081.9172638838745115       0                      2571
544 8082.0365801781999835       0                      2576
545 8081.9211737546747827       0                      2580
546 8081.9243705794979178       0                      2585
547 8083.5043603690537566       0                      2590
548 8082.7698043918735493       0                      2595
549 8094.8844806564338796     273.54944304613786699    2599
550 8084.8179577730134042       0                      2604
551 8081.9224986871959118       0                      2609
552 8081.9489427320104369       0                      2613
553 8081.993611878549018        0                      2618
554 8082.2859119296526842       0                      2623
555 8083.0091140964286751       0                      2628
556 8087.1653656617809247       0                      2632
557 8082.1784778165010721     329.76126637563692157    2637
558 8082.7562462176883855       0                      2642
559 8082.9698228304614531       0                      2647
560 8084.5915680462667297       0                      2652
561 8083.2334384376936214       0                      2657
562 8083.1896464315614139       0                      2662
563 8083.1310578710244954       0                      2667
564 8083.7181771196974296       0                      2671
565 8083.7268737901576969       0                      2676
566 8082.1660554037734983     331.93221044193336411    2681
567 8081.9193173883668351       0                      2685
568 8081.9186943880213221       0                      2690
569 8081.9657360389728638       0                      2695
570 8082.2397707984982844       0                      2700
571 8082.5763241278718851       0                      2704
572 8081.949319466979432        0                      2709
573 8082.0161184296921419       0                      2714
574 8082.3063605322913645     324.26591258451372823    2718
575 8089.2869418500231404     112.61357969473220919    2723
576 8084.7164473734583225     304.31459412409793686    2728
577 8090.2435045266593079      80.896196261256037019   2733
578 8092.4233214285432041     274.5210482744669207     2737
579 8085.1167749371597893       0                      2742
580 8085.0697086457375917       0                      2747
581 8082.1566620759404032     332.50759067141063952    2752
582 8081.922139746454377        0                      2756
583 8081.9400048198604054       0                      2761
584 8081.9859080530268329       0                      2766
585 8082.755256573911538        0                      2771
586 8087.2419737405389242     150.42637129696345255    2775
587 8082.5033482289063613     360.0126524564369106     2780
588 8083.9883414819187237       0                      2785
589 8088.3497055741627264     110.78251353705033466    2790
590 8092.9761723333622285     245.50585521775647635    2795
591 8086.3088263174213353     334.08201551971973231    2799
592 8089.2631262233689995     4561.8436072182676071     2804
593 8084.0761553192442079     548.9780038067830219     2809
594 8081.918787448207695        0                      2814
595 8082.0160130557333105       0                      2819
596 8082.7547742299493621       0                      2823
597 8082.9201711608311598       0                      2828
598 8081.9475359718317122       0                      2833
599 8081.9991361360980591       0                      2838
600 8082.1627156124550311     331.12748216072372998    2842
601 8084.0442768334069115       0                      2847
602 8083.9945173203532249     379.96004512756593385    2852
603 8093.9359588463303226     276.77320579691547664    2857
604 8098.1202202939693962     646.44003365924197624    2861
605 8083.5219474081150111       0                      2866
606 8082.842462876229547        0                      2871
607 8082.1955410644313815     331.21212829742927397    2876
608 8081.9171294087282149       0                      2881
609 8081.9528201448429172       0                      2886
610 8084.045179088065197        0                      2890
611 8082.2026616150906193     330.37654193033580441    2895
612 8081.9230092021571181       0                      2900
613 8081.925202532493131        0                      2905
614 8081.9443438167554632       0                      2909
615 8081.9907422604774183       0                      2914
616 8082.7558430909612071       0                      2919
617 8083.809362505990066        0                      2923
618 8089.5226867933433823      88.326610755764278338   2928
619 8081.9194838771300056       0                      2933
620 8082.9260677926449716       0                      2938
621 8083.4460028994799359     329.89507566606113187    2942
622 8081.915516104035305        0                      2947
623 8081.96904462304974         0                      2952
624 8083.9892594392558749     346.8672143485745778     2957
625 8084.0094536095257354     348.4892189132507383     2962
626 8081.9169433636252506       0                      2967
627 8082.2036005892687172     330.09513358163644625    2972
628 8081.9319085291481315       0                      2976
629 8081.9529307230486666       0                      2981
630 8082.7533523686151966       0                      2986
631 8082.956327104850061        0                      2991
632 8082.9566259718503716       0                      2996
633 8082.9205358412409623       0                      3001
634 8081.9904444413541569       0                      3005
635 8082.1625053116522395     332.53839088270393631    3010
636 8093.1351200031967892     244.81648919240819851    3015
637 8083.8723725303079846     380.19371581196054422    3020
638 8081.9167177763920336       0                      3025
639 8081.9260731824897448       0                      3030
640 8081.99386929630964         0                      3034
641 8084.0297355917973618       0                      3039
642 8082.1990658690974669     330.07398267302585282    3044
643 8081.9162248666279993       0                      3049
644 8081.9175917182537887       0                      3053
645 8081.9206495070820893       0                      3058
646 8081.9444769443598489       0                      3063
647 8082.9206324697279342       0                      3068
648 8086.4488247235958625       0                      3073
649 8083.9884955984316548       0                      3077
650 8089.1531568275968311     118.78738581081715608    3082
651 8083.4324980859419156     327.51268258404553535    3087
652 8085.0796822790853184       0.0051640934155912201  3092
653 8084.9011036748825063       0.00491293806517654075 3097
654 8084.6616079873811032       0.00420094835157756776 3102
655 8086.6095993190028821       0.04717767386457181328 3107
656 8082.787300815339222        0                      3112
657 8082.7837545324382518       0                      3116
658 8083.9714985845521369       0                      3121
659 8091.8810456460314526     134.89210683749067243    3126
660 8082.1866523816479457     331.74524269906032714    3131
661 8081.9347660454077413       0                      3135
662 8082.0020032901629747       0                      3140
663 8082.2027418277975812       0                      3145
664 8082.2596072242413356       0                      3150
665 8082.7833606078966113       0                      3155
666 8081.9414747267019266       0                      3160
667 8082.1612705532816108     331.6806402587827165     3165
668 8082.420558570745925        0                      3169
669 8090.7823654336907566     110.08871610740180813    3174
670 8082.8439222380447973       0                      3179
671 8089.2466833565576962     100.62341535207444565    3184
672 8081.9151187665493126       0                      3189
673 8081.9229484476300058       0                      3194
674 8102.0391370512606954     741.92330281531656055    3199
675 8101.9628246864222092     741.0219459867535079     3203
676 8081.9662016871507149       0                      3208
677 8082.0655616925851064       0                      3213
678 8081.9174166122047609       0                      3218
679 8081.9300291390227358       0                      3222
680 8081.9439156490043388       0                      3227
681 8082.0111077183428279       0                      3232
682 8082.036233820615962        0                      3237
683 8082.9509313719054262       0                      3241
684 8082.1720281186780994     333.95146206974601455    3246
685 8082.786267602143198        0                      3251
686 8083.6713541489780255     385.97063386106776761    3255
687 8093.5531461844202568     331.90139472351546601    3260
688 8082.353079055784292        0                      3265
689 8081.919250560978071        0                      3270
690 8081.9292845302197748       0                      3274
691 8081.9429209166828514       0                      3279
692 8081.9888256743861348       0                      3284
693 8089.1503382155578947     118.11736519939685763    3288
694 8082.1648761327587636     331.39796647914954519    3293
695 8089.7719503493981392     138.27540734064083949    3298
696 8092.8236873380765246     263.62594220648009014    3302
697 8084.1412689879252866     367.68892652731091175    3307
698 8081.9441515629632704       0                      3312
699 8081.9429966318448351       0                      3317
700 8082.1928679690954596     330.6273832326882598     3322
701 8082.7535575608608269       0                      3327
702 8082.9199913934398865       0                      3333
703 8083.9899556892496548       0                      3337
704 8084.6183905569860144       0.00170128527639616363 3342
705 8084.5251279429412534       0                      3347
706 8083.49880062325974         0                      3352
707 8083.4301101247529004       0                      3357
708 8085.8830794105542736     426.1561375176902402     3361
709 8081.9155207554531444       0                      3366
710 8081.9163619098035269       0                      3371
711 8081.9428681556437368       0                      3376
712 8089.1634466359046201     118.46488225322175936    3381
713 8082.1636453991786766     333.09223647733989537    3385
714 8088.3138388602483246     111.14183705929168866    3390
715 8085.6944602413295797     458.55022795848265105    3395
716 8089.7462835782271213     107.00679669342143541    3400
717 8081.9172324014280093       0                      3405
718 8094.5548708146943682     362.99173130961355582    3409
719 8100.9180791381486415     805.244067905642396      3414
720 8082.1944272788732633     330.34563027004458036    3419
721 8081.9174005135400876       0                      3424
722 8081.9191705067687508       0                      3429
723 8082.9225881520123949       0                      3433
724 8082.4650219105124052       0                      3438
725 8083.0007325325213969     322.15116088678820461    3443
726 8089.0570496759073649     132.32695756910345608    3447
727 8084.1368537411426587     352.05818460722423424    3452
728 8083.9855062337128402     548.35230898868326221    3457
729 8091.1500585366602536     115.3483924769008695     3462
730 8093.0132274288444023     294.27966654947397274    3466
731 8092.1322378396362183     261.75434305416774805    3471
732 8082.7322239687146066     351.31945726463152369    3476
733 8082.4650219105060387       0                      3481
734 8081.9154192493651863       0                      3486
735 8081.9198205575066822       0                      3490
736 8081.9164202459787703       0                      3495
737 8081.9193024226451598       0                      3500
738 8081.99177415324084         0                      3504
739 8081.9847604919104924       0                      3509
740 8083.9843793784175432       0                      3514
741 8084.8544204096297108       0                      3519
742 8085.8184848085256817       0.02300953857919780035 3523
743 8082.1594189824718342     333.07080908923700235    3529
744 8083.5459299748445119       0                      3534
745 8081.9155516068603902       0                      3538
746 8082.7539312078697549       0                      3543
747 8090.4447694188911555     127.30444954705846783    3548
748 8082.757334491147958        0                      3553
749 8081.9480346852324146       0                      3557
750 8082.780377877965293        0                      3562
751 8082.7382334906142205     351.02591461934071049    3567
752 8100.8402175829642147     808.70401293206487026    3572
753 8081.9171255172268502       0                      3576
754 8081.9173560131575869       0                      3581
755 8089.0347442473084811      97.229877481719000798   3586
756 8089.0347442472893817      97.229877481701635134   3591
757 8081.9973591352600124       0                      3595
758 8084.0013524558926292       0                      3600
759 8092.1313908938655004     262.68449144364672065    3605
760 8085.0551662842690348     617.18778207486991505    3610
761 8087.3491866024851333     459.71249483092225319    3614
762 8088.9312776586075415     100.37727188603628292    3619
763 8087.9436015382598271     907.55062335551826891    3624
764 8088.9373468967278313      95.816302392423068568   3629
765 8088.9373468967160079      95.816302392421235368   3634
766 8082.0119760957632025       0                      3638
767 8083.9933251506845409       0                      3643
768 8083.9966952259455866       0                      3648
769 8081.995671463853796        0                      3653
770 8084.5760065503791338       0.00033333423867109782 3657
771 8084.4587718592374586       0                      3662
772 8082.5452842037657319       0                      3667
773 8082.3935209398332518       0                      3672
774 8087.2286216175289155     150.4828902821547274     3677
775 8088.3082751175525118     112.1271231077846835     3682
776 8088.3451717248271962     110.94954751527208714    3687
777 8082.5063174009110298     360.6108681050324094     3691
778 8083.4347590077204586     329.09210654586274813    3696
779 8089.8446267476756475     103.37358848104919673    3701
780 8081.9870893957768203       0                      3706
781 8082.3592993175579977       0                      3711
782 8081.9205344467882242       0                      3715
783 8082.7545114260919945       0                      3720
784 8082.1660826803517921     332.25535806025959573    3725
785 8088.3102320428342864     111.63388668983984076    3730
786 8089.1603061441037426     117.10598967768279977    3735
787 8083.0004712808167824     322.97526544469241117    3739
788 8082.6810926536991246     349.9497651722737146     3744
789 8098.904459001782925      651.63639756869361008    3749
790 8081.928305316562728        0                      3754
791 8084.2639900297290296       0                      3759
792 8081.9186758322175592       0                      3763
793 8082.9193661255876577       0                      3768
794 8082.9223788947847424       0                      3773
795 8084.5713907288291011       0.00001861625131303179 3777
796 8084.5666914825505955       0                      3782
797 8084.4999884267162997       0                      3787
798 8086.5152189491027457       0.52715450815511433191 3792
799 8082.3905708284846696       0                      3796
800 8088.926007142718845       95.487021497721229935   3801
801 8089.1544967543732128     117.61108264801966072    3806
802 8083.0533380552751623     321.14571502640222889    3810
803 8083.487131084797511      322.90191422871663463    3815
804 8088.3698496455690474     111.74112068882338633    3820
805 8089.7924307611356198     139.7237240818187729     3824
806 8081.9206835495597261       0                      3830
807 8082.3285189965545214       0                      3834
808 8088.8415399013019851     101.96965659099193147    3839
809 8081.9164449962099752       0                      3844
810 8085.1880265672689347       0                      3849
811 8081.9887097762302801       0                      3854
812 8082.8290156196653697       0                      3858
813 8083.9929198818872464       0                      3863
814 8082.9528777068044292       0                      3868
815 8084.0165625339195685       0                      3873
816 8088.844769178165734      101.58966472442456563    3878
817 8085.6497676425733516     455.91338533695437718    3882
818 8084.2092119594017277       0                      3887
819 8082.927606456221838      354.51670143748839337    3892
820 8082.1969742946903352     330.04268747692913166    3897
821 8082.4673876698971071       0                      3901
822 8082.9234475227231087       0                      3906
823 8082.9225979244638438       0                      3911
824 8083.6263736010196226       0                      3916
825 8088.8450321623731725      94.486844574589540002   3921
826 8082.3938409485890588       0                      3926
827 8082.3938409486172532       0                      3930
828 8083.0039734546962791     322.6960490907916892     3935
829 8088.3138943076673968     111.46633333930084575    3940
830 8088.3152882093845619     110.81799840984875516    3944
831 8082.74201865888881       351.13908240976678599    3949
832 8099.9628138518100968     756.66207440365167258    3954
833 8082.3254698688451754       0                      3959
834 8083.2823651305616295       0                      3964
835 8081.9945348779774577       0                      3969
836 8083.9546859255506206     322.66646677642904706    3973
837 8083.9971784219869733       0                      3978
838 8086.6454968109428592     125.91176585546750744    3983
839 8092.123565482851518      262.01021808770087773    3987
840 8093.0866239844472148     331.73298485763376675    3992
841 8085.047739847937919      616.98412419832823161    3997
842 8088.8847641651136655      94.986280796039267216   4002
843 8083.9688519108085529     554.4550910612433654     4006
844 8082.3563198391393598       0                      4011
845 8082.0216019743111246       0                      4016
846 8082.4229552492251969       0                      4021
847 8082.8019485329887175       0                      4026
848 8081.9851735521679075       0                      4031
849 8084.8590974210492277       0                      4035
850 8084.8764585771459679       0                      4040
851 8091.1056887127515438     115.3447530238582317     4045
852 8084.9679430405521998     415.60628145233420128    4050
853 8083.3601099720763159       0                      4055
854 8084.6595285730509204       0.0026487064256562839  4060
855 8081.9438694486516397       0                      4064
856 8082.0224145480606239       0                      4069
857 8083.9926486939375536       0                      4074
858 8082.6699384848370755     349.11707680032378676    4079
859 8100.0595091050108749     757.41422744609769779    4083
860 8081.9164530493508209       0                      4088
861 8082.3239430865342001       0                      4093
862 8082.3551503674325431       0                      4098
863 8082.7587413767205362       0                      4103
864 8082.7534164636772402       0                      4108
865 8082.7873546992086631       0                      4112
866 8083.97537419739092       365.30257765884744003    4117
867 8092.7459369886846616     261.61558347127544266    4122
868 8082.1648761327533066     331.39796647914954519    4127
869 8082.3239444652153907       0                      4132
870 8083.4318791422310824     325.93745783201933364    4137
871 8088.3531365879098303     112.27250862670807408    4142
872 8083.0137154835101683     323.54166759261443076    4147
873 8088.8961483818029592      95.793902359544105707   4151
874 8092.1337129187822939     262.52300470637214858    4156
875 8082.8036507160504698       0                      4161
876 8081.9929714388799766       0                      4166
877 8084.8575725453383711       0                      4171
878 8083.0891819706384922     376.70055575225325128    4176
879 8092.7454759850916162     260.7121949824955891     4180
880 8082.4908449041131462     356.5367529293617963     4185
881 8081.9454739876873646       0                      4190
882 8082.3581380023106249       0                      4195
883 8082.8310535055315995       0                      4200
884 8082.0159328048575844       0                      4204
885 8084.8525272052638684       0                      4209
886 8084.8826321951455611       0                      4214
887 8085.2161552559937263       0                      4219
888 8092.790619637974487      262.13621042655989868    4223
889 8083.0585143299704214     376.0500475817606798     4228
890 8081.9191948144716662       0                      4233
891 8082.9236464548612275       0                      4238
892 8085.446878141421621        0                      4243
893 8082.3239444652217571       0                      4248
894 8081.9233698682837712       0                      4252
895 8081.9228797850419141       0                      4257
896 8082.4600114667755406       0                      4262
897 8081.9970848054526869       0                      4267
898 8084.0025267908204114       0                      4271
899 8083.9901063933066325       0                      4276
900 8088.843432484591176       94.179061835265969194   4281
901 8084.2207872193785079       0                      4286
902 8081.9799238390523897       0                      4291
903 8082.3581380023097154       0                      4296
904 8085.4509679691509518       0                      4301
905 8085.8082102959979238       0.01128320039135270042 4305
906 8082.1901625482769305     332.58070078198488773    4310
907 8083.5007547115810667       0                      4315
908 8083.9756112238474088     547.48827181239278161    4320
909 8088.8540879872434743      95.292508126230274002   4324
910 8082.0160941931308116       0                      4329
911 8082.3564781866007252       0                      4334
912 8082.4954242079738833     358.87015193793848766    4339
913 8086.6461067866357553     126.43516629327585576    4344
914 8084.7898622027050806     584.22445140277056908    4348
915 8083.9888614348865303       0                      4353
916 8081.9711473956003829       0                      4358
917 8082.3560169496586241       0                      4363
918 8082.4366883576376495       0                      4368
919 8082.7552682246505356       0                      4372
920 8092.137540482980512      262.36211275582695635    4377
921 8083.9783152727914057     550.3822947269644601     4382
922 8084.7888370921418755     581.93574311632823992    4386
923 8086.647902027388227      126.78079346880450373    4391
924 8093.0008619676309536     293.73554022846002454    4396
925 8082.4994063634376289     359.44597617525300848    4400
926 8084.5705016512156362       0                      4405
927 8084.573014138041799        0.00014916470821031642 4410
928 8082.4929449819328511     358.29446369836659869    4415
929 8082.3551503674289052       0                      4420
930 8082.3905560728617274       0                      4425
931 8082.7582631589375524       0                      4430
932 8082.7807430629463852       0                      4434
933 8081.9472534606557019       0                      4439
934 8082.4628277970377894       0                      4444
935 8082.9204963539596065       0                      4449
936 8082.926184416119213        0                      4454
937 8091.0556200071860076     114.97350707060928698    4459
938 8082.3941539949782964       0                      4464
939 8082.8116347424847845       0                      4469
940 8083.5063846457287582       0                      4473
941 8084.8802163107557135       0                      4478
942 8085.2286619118240196       0                      4483
943 8084.5925667918645559     340.1527388165631578     4488
944 8093.632368412503638      292.52831754580103052    4492
945 8084.9668949641409199     415.53348515673826569    4497
946 8081.9206835495560881       0                      4502
947 8082.4257134276349461       0                      4507
948 8082.7809968831252263       0                      4512
949 8082.7814043760936329       0                      4517
950 8082.8014668024416096       0                      4521
951 8084.577485790476203        0.00071508840690142782 4526
952 8085.4509712047920402       0                      4531
953 8083.9973884431510669       0                      4536
954 8082.3935509830853334       0                      4541
955 8082.7539192050271595       0                      4546
956 8082.3897481580961539       0                      4551
957 8081.9858504820695089       0                      4556
958 8082.797748857687111        0                      4560
959 8083.6293325544347681       0                      4565
960 8085.9137238453322425       0.07040116202647601906 4570
961 8085.1869268761356579       0                      4575
962 8089.8472787254686409     103.0116656211461077     4579
963 8084.1922252117574317       0                      4584
964 8082.7544190113067089       0                      4589
965 8082.7827561857202454       0                      4594
966 8082.9520794094887606       0                      4599
967 8083.2073749772544033       0                      4604
968 8083.62492096636106         0                      4609
969 8088.9755150252267413      96.356653880423451142   4613
970 8082.1660247780446298     330.84516020889492438    4618
971 8082.9191081758044675       0                      4623
972 8089.0597156272988286     131.97335757710820303    4628
973 8083.4358690029685022     327.65495151565176002    4632
974 8088.8058853239344899     102.34074881030213078    4637
975 8087.403117004170781      463.24452860826403366    4643
976 8082.3603876932893399       0                      4648
977 8082.3603876932920684       0                      4652
978 8082.9482133359324507       0                      4657
979 8085.1908267250810241       0                      4661
980 8084.5364699780666342       0.00001000590903653239 4666
981 8084.426920917498137        0                      4671
982 8081.9214506986745619       0                      4675
983 8082.2568122420962027       0                      4680
984 8082.286667079808467        0                      4684
985 8081.9188346712762723       0                      4689
986 8081.9444901388505968       0                      4693
987 8081.9450563938380583       0                      4698
988 8081.9762158998264567       0                      4702
989 8085.8548815608965015       0.01522466577474478576 4707
990 8084.4619274313326969       0                      4711
991 8081.9275590463748813       0                      4716
992 8082.2887257933698493       0                      4720
993 8082.3688543049165673       0                      4724
994 8086.645815696313548      126.09020824818806261    4729
995 8087.4618847387946516     133.68987723052197225    4733
996 8092.9933827150007346     293.02214998910483246    4737
997 8083.3553610336739439     346.95272471427045957    4742
998 8083.9711242675784888     550.19104845557023964    4746
999 8085.3811587460131705       0                      4750
1000 8081.9195003569802793       0                      4755
