1 9530.9227157196837652     105001.81759013756528       4
2 9678.2158773716837459     96511.572199619447929      8
3 9400.8032968679690384     94388.632428946017171      12
4 9377.5996938097014208     71460.187732293255976      17
5 9381.168419850848295      68962.980807521395036      21
6 9496.7959251951251645     70544.133679048871272      25
7 9348.6762614091039723     54349.461772113085317      29
8 9266.6934402750375739     22093.215635025018855      33
9 8901.8187019192628213     17933.685930361370993      37
10 9217.1807989832341264     3080.8933053953719536     41
11 9009.520680721016106      10539.480169208874941      46
12 8845.5049634883816907     3871.1958116841742594     50
13 8864.4662271842043992     5523.6542342804150394     54
14 10222.227836897942325      2417.4663682050932039     59
15 9744.6555571964199771     3696.7940239215099609     63
16 10449.610687115509791      11405.020997892279411      67
17 9356.3561342060893367     3271.3106603625979005     71
18 9093.9351613898488722     2752.9754619367095074     76
19 8890.6156723840358609     3396.8655223300129364     82
20 9868.3421308021261211     2123.2429842580195327     87
21 11239.524407162600255      3905.8348490760372442     91
22 9068.7111470103664033     3552.3754596672974913     96
23 8920.9707230378753593     3846.6791140328764413     100
24 9445.5736371455805056     2381.132552995408787      105
25 9056.4981847948820359     1633.2280050676722567     109
26 8578.1541887196253811     1147.083680457067203      113
27 8682.7503207832032786     6723.9615535081729831     118
28 8747.3211093606350914     3014.3561581457515786     122
29 8574.9580267733072105     2044.9929727267374346     127
30 9055.6871049918372591     13958.588230637351444      131
31 8388.5836528218787862     2722.8005388187521021     136
32 9004.3793265330677968     1638.6669846305128431     140
33 9871.2789128119638917     3360.2450222211164146     145
34 8837.8030955366830312     2216.7843563380893102     150
35 8685.4755520450416952     90647.222920324682491      154
36 9027.1077995994201046     5542.595941612947172      159
37 9346.8760004458945332     1604.416182817778008      164
38 8335.4069269551619072     4779.0259011014641146     169
39 10081.121757594681185      2577.7976540541972099     173
40 9485.1494598985354969     1946.8898300748890051     178
41 8751.8933774279794306     3136.7396799067087159     182
42 9363.3187179562883102     1897.5755837081965183     187
43 8255.628527693254         1272.0342191916754473     192
44 8611.7071805256309744     1124.7881242507162369     196
45 8530.1160462165953504     2764.3601225037514268     201
46 8591.2777270166225208     2449.8588309340902924     206
47 9061.0717344286968        3299.4856056696144151     211
48 8638.4289434143047401     1469.6572961526071595     215
49 8643.6841453697234101     2145.2191284687596635     220
50 8603.64871929840956       1000.8589709672215804     225
51 9226.3236250251520687     1261.6183277453394567     229
52 8733.651368795792223      1069.1791863659284445     234
53 8711.3553646218788344     2061.5186484273326641     239
54 8838.2372252108289103     1887.6459827524456614     244
55 8615.2592215822460275     1122.6643005277617249     248
56 8369.4272877673647599     1117.9998276261508181     253
57 9844.2467203275537031     905.87186777760371115    258
58 8736.6246250703425176     2003.3233787957915411     263
59 8979.5135660495598131     1123.5353369567444588     267
60 8943.5248943219648936     1259.9351863174767914     272
61 9294.6126015589998133     469.03212268696506726    277
62 8621.7811126030228479     1244.4926999781046106     281
63 8541.8102765055900818     776.07463377155556827    286
64 8531.7314087973081769     825.14413771376746354    291
65 9450.3239456862465886     1150.4313643749060248     296
66 8542.2836784540468216     1432.9797620607716908     300
67 8992.6657371510136727     522.31614568692464218    305
68 9715.3962371277229977     414.19183705252794425    310
69 9986.4091573295918352     315.56293119089832544    314
70 10395.773666997862165      1259.8494547402324315     319
71 8817.0267750791099388     913.59712327166164414    324
72 8907.5800559280323796     614.50753659607710233    328
73 9219.3397437610001361     2408.4153946923743206     333
74 8809.1384750128872838     2683.3342999840087941     338
75 8840.6782965602196782     3923.4273445748776794     343
76 9651.4499764273950859     5485.7249208986568192     347
77 11877.915341905783862      414.31225304402369147    352
78 8672.1801516149553208     482.19396478375756487    357
79 10298.148278495620616      298.58879990554407868    362
80 9567.0184560631496424     354.25250482853709855    367
81 8976.8862880999313347     3044.1043025575818319     372
82 10105.733768587131635      4723.2885644644338754     376
83 10293.770160679525361      202.07580029145725575    381
84 10292.240452650825318      556.98001068396342816    386
85 8338.2261962584507273     1385.0932432197971593     391
86 11174.552976617924287      126.58973603870663283    397
87 10292.391437976368252      151.01497954981240923    402
88 12841.604865672145024      1869.9474678058211339     407
89 9333.6664245502288395     209.99523438931032615    411
90 11565.397429066886616      344.45863247568701127    416
91 11138.80198757240214       204.81012372909253827    421
92 9218.7375726920163288     395.44257854803879582    426
93 10210.023250126232597      163.79297429061401203    430
94 9816.4012274957312911     282.01442837437321032    435
95 11737.593029189642039      183.72415803610016383    440
96 9648.8034586242429214     187.01830961095834027    445
97 10841.857077162367204       90.158883553908339081   450
98 11359.587404701771447       62.73004832943976794    455
99 13272.681563658243249      871.75913482367752749    460
100 10771.946688317089865      222.45185758846020008    465
101 10208.809699120467485      235.75862695934469571    470
102 10959.330518786428001       77.947619232354867336   474
103 13090.93815058887958       49935.399873308509996      479
104 9814.5299957084589551     302.67731043582870143    484
105 11739.667864339204243       26.356492878057323992   489
106 9519.562363480188651      697.12851566908580025    493
107 10660.454787072889303      340.01027420757225173    498
108 13962.079045474652958      8288.5108294676410878     503
109 11320.355490926292987       20.208889234957119641   508
110 11921.681693159818678       20.986896310894078255   512
111 12415.513873374313334        0.13984492990380378852 517
112 12346.226693106043967       87.407613764152998215   522
113 10769.988693938837969       21.342848995591531036   527
114 11796.620306436221654      1266.9742333748888541     531
115 11755.004105507056011       15.594443478474218523   536
116 12845.708973112328749      116.97922124495276819    541
117 11232.991198586927567      195.23376289989951715    546
118 12849.138834326380675      1962.4974899696092052     550
119 12415.435583762910028        0                      555
120 12305.81890042636951       1342.7335374057097397     560
121 11357.50380509900242         0                      566
122 8728.9105713865501457     341.21358583964695299    570
123 11768.320633939292748        0                      576
124 12411.959420323446466        0                      580
125 13054.547937528925104      349.86621024475630293    585
126 8145.1197190141801912     2402.3429451945780784     590
127 8235.3240433093505999     8951.3333341056877543     595
128 12047.24756838149915       139.04035428724904477    599
129 9613.3842899644405406     101.47172287202002394    604
130 11489.134910292545101      1326.7503099951181866     609
131 12807.154876506132496      1749.6389136612719994     614
132 11237.849338411049757      189.98588274995472602    618
133 11389.530397539379919      2081.280090685482719      623
134 9338.0924894551826583     53671.088535432412755      628
135 11767.908073329315812        0                      633
136 11969.845792081719992        0                      638
137 11542.925059109360518        0                      643
138 9046.3469066360339639     188.96388790823647241    647
139 11790.507867278252888        0                      652
140 9780.8858479561258719     3598.6479185751027217     657
141 11360.730030143837212      166.91676000163016624    661
142 12638.83227968828578         0.02240425405684285873 666
143 12642.872468573863443      369.32393926279115703    671
144 11055.959479113535053      448.14271426079318417    675
145 11105.554189157362998       53.696626488511583375   680
146 12140.591299518031519      353.16574587085921166    685
147 11281.1042219245046        10526.562578010041761      689
148 12639.089207087250543        0                      694
149 12278.769410339496972        0                      699
150 12450.023937548949107        0                      704
151 10807.225045820026935        0                      709
152 10315.711899250174611        0.11783512535376795827 714
153 9516.5864193659999728     100.33476196173108974    719
154 11969.151589809811412        0                      724
155 10980.678433290249814        0                      729
156 8312.3495058090884413     1447.7395725529577248     734
157 8276.2613039996049338     592.85895672379683674    739
158 8616.1656881715553027     193.10030003091446815    744
159 11141.659608228781508      580.32552826559617642    748
160 11167.336468434983544        0                      753
161 12456.946769475960537      407.16876173624166313    759
162 13055.935994449575446      356.37279367156861554    763
163 11784.068726944538867      369.56316426452264068    768
164 12284.179076244316093      126.89523770685848092    773
165 10120.660131490327331      817.65655865020005422    777
166 11969.67206544909277         0                      782
167 8465.009613123791496      264.80141272721107271    788
168 10975.831475965254867        0                      792
169 10480.106025159971978        0                      797
170 9481.0122299167760502      13.018521904064748185   802
171 9819.1406298722140491      68.552393942761611356   806
172 8628.6117671494193928       0.44188050094717207239 811
173 8663.3848538724341779       0.01879939824711868157 816
174 8659.1554001251497539     2022.3541471169373835     821
175 8563.0987226270171959     1483.5153098056021008     826
176 8834.7476054399230634       5.8630356596864832142  831
177 10457.79449314573867        53.497354203530228745   836
178 10456.357628695048334       12.471843257830853346   840
179 8500.7977133838267036     2161.8958045547265101     845
180 8694.6273803679268894      63.306072045407546511   850
181 8687.0562061187665677      18.665983576823339973   854
182 8898.539448432627978        0                      859
183 9966.4516104796621221     273.2954420489213021     864
184 8816.4500799361976533       3.4429550664139871863  869
185 11359.147197870639502        0                      874
186 12451.941712923155137        1.5436961351819991073  879
187 12640.849710243701338        4.671805509213333707   883
188 8509.9299942190900765       0                      888
189 8543.4715170408617269     4125.6348373045675544     893
190 12451.182948798670623        0                      898
191 12063.054475590835864        0                      903
192 9144.7139733039857674       0                      908
193 8560.4460654789345426       0.02514232698076626638 912
194 9246.7601142848725431     110.36242740842587295    917
195 8447.0790972266731842     535.20753000004697242    922
196 8445.4193161596649588       2.0333801829512108128  926
197 8482.7655948519604863     337.14578081356148687    931
198 8494.0114118506517116     375.40607741295679034    936
199 12041.425785732522854      912.63792200243551633    941
200 8517.8067261178566696     1771.8787799153251399     946
201 14600.131774388457416      10462.74255633040957       950
202 8839.2254391205715365     13598.091278790616343      955
203 8629.3437313643480593     275.09182945317479607    960
204 8679.1578928412254754       0                      965
205 8813.646703528760554       11.876643106595496491   970
206 8566.1036043333569978       0                      975
207 8322.9651610634573444      36.682990697453114137   979
208 10018.813553914318618        3.7955132382614058528  984
209 8507.2779616607731441     145.38542015949940378    989
210 8464.2097442933118145     370.75529385942462568    994
211 8508.3094672012084629       0                      998
212 11789.483161169413506        0                      1003
213 10208.396726231376306      100.16800356403452099    1008
214 8697.7160546148443245       4.0666096991776017333  1013
215 9692.2306412169546093      41.865456342477784801   1018
216 8627.7380675060685462       0                      1022
217 8300.1298920611661742       0                      1027
218 8116.8744162879447686       2.6755388056068039049  1032
219 11769.16207907187345         0                      1037
220 12035.041294913835372        0                      1042
221 8498.9036957730713766      71.493338267227514393   1046
222 8905.9693366313058505       0                      1051
223 8561.0073078756322502       0                      1056
224 8299.2171708305340871       0                      1061
225 8298.4709186453019356       0                      1065
226 8725.8426385109542025      72.59400087277738578    1071
227 8975.7172501863733487       0                      1075
228 8515.150360534862557        0                      1080
229 11716.750229129294894        2.5839300152257158594  1085
230 8328.9093872640623886       0                      1090
231 8116.0526476132563403     226.04655381913545398    1094
232 8143.1485600646929015     284.21888217153536971    1099
233 8447.0441161493654363     390.94721613205092581    1104
234 8446.335931091753082      339.23111412304098167    1108
235 9327.6190757692838815     237.64082579670065343    1113
236 8231.6526121074530238     2151.6423279291329891     1118
237 8553.3239323666675773     1414.7205564280895942     1122
238 12404.680449680708989       25.759039406647872283   1127
239 8626.2658600433551328     298.76057428608612554    1132
240 8558.2860030723604723       0                      1137
241 8448.2535247917494416       0                      1142
242 8439.766728488568333       34.870595741453584537   1147
243 8394.1509013054583193      43.997163526654048837   1152
244 8441.4847980884951539      31.859980355589197387   1156
245 8213.2384023269241879       0                      1161
246 9610.8926900321930589     567.09253508115739351    1166
247 8432.9162243249102175       1.4446485488676596987  1171
248 11558.212240772707446        0                      1176
249 8438.6568962758501584      38.732695925434619255   1180
250 8348.760101134683282       71.083501500827580344   1185
251 8173.6154084131285344       0                      1190
252 8450.0108001311891712      14.874759002122015517   1194
253 8445.4009566822405759       0                      1200
254 8530.1344081280039973       0.59246393025101928842 1204
255 8449.9098413874926337      24.66093368163740962    1209
256 8348.8360276874773263      33.793978105123244404   1214
257 8437.1555995715352765       4.5129255437915309912  1219
258 8160.2725774050713881       0                      1223
259 8211.1338580802257638     147.55365373173577836    1228
260 8511.5036742660649907       0                      1233
261 8512.2960159176345769       0                      1238
262 8675.858492641351404       33.230268403420595291   1243
263 8674.8021122964455571      14.02077060599939351    1248
264 8475.354492279690021       18.106619214415751173   1253
265 8273.9127079115969536      60.139779677888633103   1257
266 8443.811333871424722        1.6959526115078207287  1262
267 8180.5180617595160584     1955.6507551916370176     1267
268 8174.3522941084856939       3.9485313497786282966  1272
269 8547.3767517759897601     146.53323865531297088    1276
270 11385.810961755958488      360.13468297437594856    1281
271 8159.6671651618762553     467.48181536559945926    1286
272 8182.2298077296100018     951.35402093809273083    1291
273 8656.0459539303410565     655.70612443098616495    1295
274 8874.9051445533805236     539.61534941995489589    1300
275 12458.669536166073158        0                      1305
276 8718.3986834983043082     327.00621718729189524    1310
277 8481.6643141808399378       0                      1315
278 8480.9929455164437968       0                      1320
279 8474.2892555168473336      22.369938267955724598   1324
280 8466.8682528365498001      20.241997266417442347   1329
281 8329.0839659334633325      32.313227057673309162   1334
282 8269.2959625667899672      77.066687566751753025   1339
283 8200.1312577118769696       0.18514845203442492627 1343
284 8140.7443710256920895       0                      1348
285 11292.815387739954531      330.66417590822931061    1353
286 8306.7867684664797707      56.794380820707047519   1358
287 8118.0167323975065301       0                      1363
288 8600.7734165808324178       0.01434001389697836526 1368
289 8614.5568922085094528     396.36281669526448468    1373
290 8457.8137403066830302       0                      1378
291 8544.1205131849728787       0                      1383
292 8507.8475195004539273      43.661993575258925659   1388
293 8282.8716794482297701      56.324892160355773285   1393
294 8441.9246084351798345      20.015790346922411658   1397
295 8462.7811696929602476      35.172024753810426034   1402
296 8450.0960204936436639      56.016599830956323558   1407
297 8710.4525354278757732     144.40005098427803887    1411
298 8499.878242300466809      338.21836336112687604    1416
299 8524.8725670398289367       0.08651929679407374674 1421
300 8603.4139844380533759      27.771422381689912839   1425
301 9188.1339341390848858     439.05397538652903222    1430
302 9677.9432680690624693     323.78607133752404934    1435
303 11866.537925758422716      1870.545285930146747      1440
304 8487.4761440437541751      69.466974778903392007   1445
305 8158.7236778130354651       0                      1450
306 8158.3365021590880133       0                      1455
307 8184.6296381987967834       0                      1459
308 8172.3826656325336444       0                      1464
309 8193.5103235547358054     134.99699218146830049    1469
310 8271.7064791455668455      43.60833619613456591    1473
311 8132.0570351783762817       0                      1478
312 8221.7050030089176289       0.49210369123850244977 1483
313 8436.0435048812942114       0.30601355211245861998 1487
314 8166.4892103517149735       0                      1492
315 8454.593071454874007       44.34237975534065157    1497
316 8333.2696047477747925      14.625130052196523067   1502
317 8424.763948574927781       49.219173573622761353   1506
318 8465.4232003189572424     730.05788364747218111    1511
319 8611.5933361002953461       0                      1516
320 12131.58833176391272       1568.4865109988222684     1520
321 8166.4626786729286323      95.805689247732530589   1525
322 8134.7787627655006872       0                      1530
323 8175.5634580762780388       0                      1535
324 8294.7149988064502395       0                      1540
325 8451.8493961366057192       0                      1544
326 8196.5958683699773246     168.33850909099680848    1549
327 8317.4440396080881328      19.047643800011439197   1554
328 8109.3286752802050614       0                      1559
329 8419.3294104380402132     604.85011249527735799    1564
330 8463.7500443946628366       0                      1569
331 8222.3487208810383891       0                      1574
332 8123.1321018280359567     221.09829908608313076    1578
333 8318.8536517783613817      16.335864501669956184   1583
334 8101.2613137001326322       0                      1588
335 8485.5953115655356669      32.661439896991808496   1592
336 8285.0705411759681738       0                      1598
337 8179.2321986436363659       0                      1602
338 8123.7798384725720098     219.67535455818477885    1607
339 8245.1821742275278666      36.559540844298332729   1612
340 8118.9741050084612652       0                      1616
341 8168.6337469695827167       0.79916131941094947777 1621
342 8392.7282849531475222     221.72213643618394485    1626
343 8556.4058083182426344      24.91953213028649472    1630
344 8105.0813670617926618     206.21724957303288761    1635
345 8450.0585296609315265      89.060886727761953807   1640
346 8459.6416171767214109       0.96442257659879615517 1644
347 8478.4199793503157707     388.41784427427586479    1649
348 8642.7480206248037575     136.56716230510983223    1654
349 8540.666916346990547        9.9407507154580478925  1659
350 8453.7630357727412047       7.8688527298900661222  1664
351 8171.4370250763768126       0                      1669
352 8220.2469762853979773       1.8901176666981072128  1674
353 8275.6014204066377715      86.537479362668321414   1679
354 8122.2576667020694003     200.92265973575769067    1683
355 8248.0070729498838773      39.030878866688325957   1688
356 8100.1832125959663244       0                      1693
357 8088.4684076405710584     278.52007430619028128    1698
358 8183.3151822684740182       0.85764260938476744034 1703
359 8111.4208955473613969     159.5733856430549622     1708
360 8226.9592802694278362      47.294677463174622289   1712
361 8100.9300820976241084       0                      1717
362 8103.1953021246699791       0                      1722
363 8108.9554639082070935       0                      1727
364 8098.9838025245080644       0                      1731
365 8494.279629123820996       18.857271271633635479   1736
366 8286.0065151239505212       0                      1741
367 8647.7331359109466575       0                      1746
368 8202.0580672615324147     119.73078417370039972    1751
369 8225.7635744195831649      61.466465524816065624   1755
370 8092.027415948728958        0                      1760
371 8434.1074236651511455       0                      1765
372 8168.3165511803999834       0                      1770
373 8453.9035676287785464       0                      1775
374 11172.08395498677055         0                      1779
375 11975.475030549234361        0                      1784
376 8131.3818685195419675       0                      1789
377 8134.9071716127518812      13.387991708530847745   1793
378 8174.6005148485774043       0                      1798
379 8166.5955872838685536       4.6478246410838286451  1802
380 8297.9145561498608004       5.7121805046728049149  1807
381 8095.4751477411828091       0                      1812
382 8454.8655886012566043      22.528098802444720405   1816
383 8347.3208323179078434     385.70747392094517636    1821
384 8456.7799578006270167     699.79951641670641038    1826
385 8604.3557047821032029     410.75915814915248347    1830
386 8225.4002084970961732     199.80218510455352998    1836
387 8592.5869725508819101     388.43769798103534185    1840
388 8471.6684034055906523       0                      1845
389 8202.7273869291930168      23.346937833256497186   1850
390 8594.907933864653387        0                      1854
391 8194.338553607924041       20.139454832844108978   1859
392 8096.0132243630068842       0                      1864
393 8102.9547788716272407       0                      1868
394 8102.1020106965124796       0                      1873
395 8145.627510087324481        0                      1878
396 8096.5580593794511515      34.486683061239176595   1882
397 8147.4790721932622546       0                      1887
398 8177.2322189176165921       0                      1892
399 8263.5229827551174822     116.72516784736740192    1897
400 8491.115712581515254      557.61576526467354142    1901
401 8620.5609389291621483      88.316252632788788901   1906
402 8490.201804314940091       16.300768272194794406   1911
403 8111.111766152045675        0                      1916
404 8736.6328156376148399     1872.0225154682921129     1921
405 8744.0112858447591861     1884.5919500436787075     1926
406 8723.7227676916845667     266.73781116721409035    1930
407 9146.3188558466554241       0                      1935
408 8634.0358526818326936      20.947317053728831127   1940
409 8298.5384107380868954       0.63600213665313698463 1945
410 8259.0309725478327891       0                      1949
411 8088.5260967412950777       0                      1954
412 8093.4155336442709086       1.762986058474978357   1959
413 8094.1323515894346201     338.54365508313344435    1964
414 8273.3486194722900109      11.477782314990566448   1969
415 8362.8912821187259397      12.498545752983917012   1973
416 8383.5566714842661895       1.6254578151200052005  1978
417 8201.9445617258388666       0                      1983
418 8099.761178991545421        0                      1988
419 8088.4896278619107761       0                      1992
420 8148.9274514774715499       0                      1998
421 8201.4480385370152362       0                      2002
422 8139.726304450866337        0                      2007
423 8100.3735643585414437       0.79167898328011043763 2012
424 8137.7372957479065008       0                      2017
425 8285.461404148973088        0                      2021
426 8166.7276420018752106     244.41048485462602002    2026
427 8138.6970586462311985       0                      2031
428 8134.5645366293138068     244.53515900066972222    2036
429 8140.461576634175799       50.757723223986033645   2040
430 8614.1475376961097936     365.98713058280253563    2045
431 8602.6058216399505909     141.63728033494768965    2050
432 8485.6555284370297159     169.88999486307855591    2055
433 8099.768718105944572      150.36348476766829663    2060
434 8655.114752245708587       23.0405537123191273     2065
435 8295.1959562740012188       0.45002542500659936664 2069
436 8088.2312641030503073       0                      2074
437 8087.9386577334389585       0                      2079
438 8096.075367504845417        0                      2084
439 8096.3713935566665896       0                      2089
440 8102.5366978161837324     227.07440449053675025    2094
441 8166.4308649857384808       0.0003511511325173548  2098
442 11013.696873332521136      498.21344188017644683    2103
443 8106.855004674207521        0                      2108
444 8106.9628311655669677       0                      2113
445 8189.8237218644562745      26.839302915424418927   2117
446 8700.2782637531436194       0.43953233751951792385 2122
447 8191.0827437980351533      20.101495341679722628   2127
448 8090.063083204195209        0                      2132
449 8087.8581869506988369       0                      2136
450 8087.7612518573196212       0                      2141
451 8087.7612518573223497       0                      2146
452 8273.6141982538320008      13.107914052778831149   2151
453 8088.95612728474498         0                      2156
454 8090.7418100482045702       0                      2161
455 8095.1579925662508685       0                      2166
456 8246.12371732221618         0                      2170
457 8090.9359857685121824       0                      2175
458 8126.5716484016957111       0                      2180
459 8089.9081683793656339       0                      2184
460 8112.417154975442827       37.959236861936112462   2189
461 8101.3286443879187573     155.61361698528534703    2194
462 8097.4330652675425881     132.9298100072441855     2199
463 8190.1301235447854197       0                      2203
464 8237.0461754417592601       3.4827016909853973914  2208
465 8221.9591775844201038     173.84980739766277225    2213
466 8088.2190950648991929       0                      2218
467 8160.1647717483074302       0                      2223
468 8161.0558171422208034       0                      2227
469 8086.1851065672226468       0                      2232
470 8093.3717331768848453       0.01080429291744319786 2237
471 8098.3634950374698747       0                      2242
472 8085.2368313193146605       0                      2247
473 8128.7110196657204142       0                      2251
474 8089.6869870263017219       0                      2257
475 8085.4247845654681441       0                      2261
476 8090.6153955186291569       0                      2266
477 8648.570147174574231        5.9755813578928753671  2271
478 8234.2977860171831708      44.869413272537279624   2276
479 8085.7102551076131931       0                      2281
480 8086.0756152955509606       0                      2285
481 8133.7458354451255218       0                      2290
482 8087.1968540598209074       0                      2295
483 8090.5979472649696618     448.11018125528687506    2300
484 8096.3902846748642332       5.9516264585451637004  2304
485 8115.6992000715727045       0                      2309
486 8121.4276957606598444       0                      2314
487 8154.0848734711316865      96.237959830535757533   2319
488 8298.2296386318575969      32.794538548300025127   2323
489 8094.7512333701433818       0                      2328
490 8086.3827831553589931       0                      2334
491 8103.9606603198426455       0                      2338
492 8128.9168408563709818       0                      2343
493 8084.6893273691175636       0                      2348
494 8183.2629222799114359      33.520191462550570805   2353
495 8085.1990942916963832       0                      2358
496 8169.7243092930848434      14.641525847462943943   2363
497 8167.6979185954169225       0                      2368
498 8172.8426650456422067      18.342585842413388519   2372
499 8173.3713864349774667      93.590155452640431122   2377
500 8084.2537605998950312       0                      2382
501 8084.4737783655809835       0                      2387
502 8083.5826594729578574       0                      2392
503 8115.9952628856972296       0.29295584207953068168 2397
504 8178.5002233948198409      26.722340334948146534   2402
505 8240.9393412804693071     287.31179011288014635    2407
506 8483.9808764857971255      28.1644836251199564     2412
507 8167.4514742361570825      21.173893306516273327   2416
508 8084.4724145702684837       0                      2421
509 8085.2867606649278969       0                      2426
510 8107.7147580064602153       0                      2431
511 8090.3110985112689377       0.42895279014429738007 2436
512 8092.9493534540997643      14.077957287339287973   2440
513 8390.9846443164642551     242.12612084195575335    2445
514 8086.8997817455529002     379.32369035348767738    2450
515 8107.8312836994036843     596.66557178907396519    2455
516 8123.654547208954682        0                      2459
517 8423.7231938115837693      83.417488751523848123   2464
518 8084.236851543895682        0                      2469
519 8106.8491126158205589       0                      2475
520 8112.7621570184683151       0                      2479
521 8085.4624081010924783       0                      2484
522 8084.6062528119691706     340.15246887941412979    2489
523 8181.3545762711564748      14.993393082254264925   2493
524 8183.2934263579500112      82.660218376049357403   2498
525 8088.071975524244408        0                      2503
526 8083.5171737647015107       0                      2508
527 8083.5492776420469454       0                      2512
528 8087.5581012567527068       0                      2517
529 8089.9555164969342513       0                      2522
530 8135.1097744350363428       0                      2527
531 8135.649039649470069        0                      2532
532 8525.6931536691608926      10.291903553977451935   2536
533 8192.2655717550205736      26.917858854220430231   2541
534 8086.0423774089949802       0                      2546
535 8085.0795820598350474       0                      2551
536 8090.0484680928211674       0                      2555
537 8085.2492536541067238       0                      2560
538 8087.6694538616293357       0                      2565
539 8091.7495533300952957       0.79984928927480403171 2569
540 8101.3071079694682339       4.0981943323492568965  2574
541 8107.9725269831924379     186.08575014159595185    2579
542 8158.5875707831137333       0.00029437569789876546 2584
543 8203.6976242217297113     2319.0391664676571963     2589
544 8308.1913313677960105       3.765006855094091609   2595
545 8130.8805183362665048       0                      2599
546 8198.268590204508655        0                      2604
547 8563.7878530769994541       7.4488856611332536772  2609
548 8167.1546533440850908      21.059177848579313519   2614
549 8108.1799384147425371       0                      2619
550 8103.331372435332014        0                      2624
551 8083.6360411655286953       0                      2629
552 8106.4730891359558882       0                      2633
553 8086.1029354322090512       0                      2639
554 8087.2329815697485174       0                      2643
555 8086.3335534455272864     384.01165531854064739    2648
556 8091.8759553658219374     134.38623947001087799    2653
557 8121.0379345040964836       0                      2658
558 8336.7225913935326389     266.34260845954509023    2663
559 8199.878087156033871      2264.5820622998680847     2667
560 8083.0846328421966973       0                      2673
561 8095.5439510006790442      41.902883724964823386   2677
562 8087.1209499158194376       0                      2683
563 8084.7661911599134328       0                      2688
564 8218.9656202879723423       0                      2693
565 8499.5174135883935378      19.640408675465526045   2698
566 8161.658645257043645       19.763505433453904203   2703
567 8086.5559006532903368       1.5304915886723842178  2707
568 8088.2643548905061834       0                      2712
569 8112.4342768318047092       0                      2717
570 8083.3480261662025441     360.3548088271047618     2721
571 8083.2866918974978034       0                      2726
572 8085.716371616723336        0                      2731
573 8093.0143825806762834       1.3841961399322852966  2735
574 8089.5478117418151669       0                      2740
575 8149.7188469434786384     168.68445801453518129    2745
576 8236.7398116032545659     549.06097403011756342    2750
577 8099.5645803823545066      27.04865967751337763    2755
578 8096.7937344348038096      41.945084568272761771   2759
579 8245.487555656764016       20.079889130623886473   2764
580 8240.9408274815195909       2.1783636149450895658  2769
581 8084.1214809380744555       0                      2774
582 8084.0841963702678186       0                      2779
583 8450.5213078880951798      18.569843746493262415   2783
584 8183.0460102661490964      23.300940424482778468   2788
585 8083.0319705437932498       0                      2793
586 8082.9629362666828456       0                      2797
587 8082.6441167944212793       0                      2802
588 8085.960964694242648        0                      2807
589 8086.5206622818641335       0                      2812
590 8108.4577739385031236       0                      2817
591 8108.542338100127381        0                      2822
592 8592.43662669556943         3.5942457910684231237  2827
593 8136.4952591582677996      11.381430736619529753   2831
594 8117.2404592113989565       0                      2836
595 8082.7433574346996465       0                      2841
596 8083.4572813319846318       0                      2845
597 8083.5820756579914814       0                      2850
598 8084.5778459315406508       0                      2855
599 8084.8852333135791923       0                      2860
600 8088.5118018377852422       0                      2865
601 8103.390598549220158      190.61087581692899562    2870
602 8165.6424481371541333       3.3677801881558537822  2874
603 8160.572406311423947        0                      2879
604 8116.2919840497897894       0                      2884
605 8082.4902392015210353       0                      2889
606 8092.2984456648073319       0                      2894
607 8082.1242331370767715       0                      2899
608 8082.4639974004485339       0                      2904
609 8082.1067154806660255       0                      2909
610 8095.1035632966286357     377.4741674013426973     2915
611 8088.9738048538365547       0                      2920
612 8091.2587491930571559       0                      2925
613 8240.132971708651894       36.00754161016386945    2930
614 8501.4856601732426498      21.080148998816270023   2934
615 8128.3219760939700791       6.5276740664593182473  2939
616 8082.1006815825767262       0                      2944
617 8094.9849731647791486      59.00480228309066888    2949
618 8098.2765677361467169       0                      2954
619 8129.8316251168625968       7.3887280541923008315  2959
620 8124.9877766444697045       0                      2964
621 8582.1339180296217819       3.9883735688067001313  2969
622 8128.4778381631604134       6.5957535571223617765  2973
623 8110.8481944130744523       0                      2978
624 8088.3049625718622337       0                      2983
625 8085.277862973862284        0                      2988
626 8084.2478295486598654       0                      2992
627 8088.3735817724063963       0                      2998
628 8088.7436550395623271       0                      3003
629 8083.1320201010039455       0                      3008
630 8084.1129599071409757     355.91258813478623324    3012
631 8168.0000960178022069       0                      3017
632 8248.7019622634179541     100.56144822008374717    3023
633 8092.5908261000331549     155.40672990371390938    3028
634 8111.0639446070999838       0                      3033
635 8107.7540347012700295       0                      3038
636 8082.8391654562137774       0                      3042
637 8082.8136222555731365       0                      3047
638 8497.2846012444842927      12.723454357842818752   3052
639 8178.5344803656125805      21.929058684049767436   3057
640 8082.6157560135106905       0                      3062
641 8082.1192641905809069       0                      3067
642 8082.6231192402319721       0                      3071
643 8083.1242226368094634       0                      3077
644 8085.9410536680961741       0                      3081
645 8086.4069451669502087       0                      3086
646 8084.0289222172305017     355.2278859356726457     3091
647 8085.8009120062852162       0                      3096
648 8179.5918260861481031     230.2563293020938886     3101
649 8151.5252346736961044     362.09337905734025753    3105
650 8087.1021348672948079     114.25264784994611489    3110
651 8083.8184195049525442       0                      3115
652 8083.7916133711260045       0                      3121
653 8082.4316685086132566     331.49547899180282684    3126
654 8082.2017038191879692       0                      3131
655 8082.1613046110451251       0                      3136
656 8082.5522919224804355       0                      3141
657 8083.0571894624690685       0                      3145
658 8083.1620328652543321       0                      3150
659 8084.2080274764184651       0                      3155
660 8082.9299135772780573       0                      3160
661 8084.0682411249472352     337.66641441520556555    3164
662 8082.8753304685078547       0                      3169
663 8144.9248884730832287     128.83468275946978565    3174
664 8185.8037755725945317     438.33852410302336011    3178
665 8089.9167611778084392     116.25134501530303055    3183
666 8082.3102215709250231       0                      3188
667 8082.3127094870187648       0                      3193
668 8147.0952302084360781     327.21050328109049588    3198
669 8147.349534556476101      328.1220389706431888     3203
670 8082.2846907202656439     334.68752741855149679    3208
671 8082.1749109565998879       0                      3212
672 8083.7018048425561574       0                      3217
673 8081.9849475171986342       0                      3222
674 8082.6237839012947006       0                      3227
675 8082.3140104352878552       0                      3232
676 8082.6842626976094834       0                      3237
677 8159.9513217891117165     118.14508923591704104    3242
678 8160.4332301312151685     117.61765480390469918    3247
679 8082.3107228384951668     331.86898472319359144    3252
680 8082.1534476630931749       0                      3257
681 8082.0200497534551687       0                      3262
682 8082.2234315902906019       0                      3267
683 8082.2992548205274943       0                      3271
684 8082.8002446982927722       0                      3276
685 8082.8651969711472702       0                      3281
686 8084.1781031073223858       0                      3286
687 8086.9831960298060949     126.0361251477277591     3290
688 8084.2264980876461777     329.63205242776774639    3295
689 8158.6871686978347498       0.00028315722236507348 3300
690 8162.3530117037416858       0.23928600948243500257 3304
691 8089.1410940937748819      97.124638749406358329   3309
692 8159.3430793294564864       0.00025138199916450603 3314
693 8082.0416139388244119       0                      3319
694 8082.0455497140301304       0                      3324
695 8166.1186054542085913     254.89303960440756214    3329
696 8167.9438394596736543     250.18427356429597808    3333
697 8088.4075158271070904     435.85027675251393475    3338
698 8082.230965487316098        0                      3343
699 8082.1983163909490031       0                      3348
700 8082.4103703607388525       0                      3353
701 8083.0049642583035165       0                      3357
702 8081.9426860226412828       0                      3362
703 8164.5255975735308311       0.00017197243621547243 3367
704 8094.9566006186705636     334.54705787081428525    3372
705 8083.9758291031166664       0                      3377
706 8082.8932643481884952       0                      3382
707 8171.9268400572909741      97.233781283285210861   3387
708 8105.6395563607493386       3.8230767445999398468  3391
709 8082.4786400527182195       0                      3396
710 8082.9727269171589796       0                      3401
711 8083.4736096909664411       0                      3406
712 8084.1286931517488483       0                      3410
713 8082.1889530598446072     329.67335170341016237    3415
714 8083.8946310835881377       0                      3420
715 8084.2148434654227458       0                      3425
716 8084.9196463720072643       0                      3429
717 8166.0642882604679471     424.62356962196639643    3434
718 8176.2270364643381981     103.02190191208811143    3439
719 8082.1537817198222911       0                      3444
720 8232.4679880389630853       1.0856973924555908262  3449
721 8084.4775672913756353       0                      3454
722 8084.3429863452674908       0                      3459
723 8124.4989904804879188     718.36839026655979978    3463
724 8137.2879567405625494     591.31849115986437937    3468
725 8083.1431737950715615       0                      3473
726 8083.5470044243666052       0                      3478
727 8085.6276049382604469       0                      3482
728 8084.1791281587984486       0                      3487
729 8084.237006896805724        0                      3492
730 8090.5385368181405283     117.22181948815887154    3497
731 8082.1974195904731459     335.03108067592228281    3502
732 8082.9294387199370249       0                      3506
733 8160.4325423947529998       0                      3511
734 8175.6506851506292151       0.15638242859327688983 3516
735 8085.0065144181971846       0                      3521
736 8085.0685493561086332       0                      3526
737 8088.5360579447560667     432.10014390664753137    3531
738 8082.1620054483346394       0                      3535
739 8081.9224936412074385       0                      3540
740 8082.239221226394875        0                      3545
741 8085.8022013291165422       0                      3550
742 8085.7484140984151963       0                      3555
743 8084.69726317120967       316.08904240555580145    3560
744 8082.1365371397487252       0                      3565
745 8081.9491028023885519       0                      3570
746 8082.1269113847693006       0                      3574
747 8083.035026298001867        0                      3579
748 8083.0160999852014356       0                      3584
749 8082.7991916803421191     316.65094877346001567    3589
750 8082.8296167518701623       0                      3593
751 8083.0148337267637544       0                      3598
752 8084.0655013612931725       0                      3603
753 8161.8867840799975966       0                      3608
754 8169.4752088240911689       0.2056640780220187481  3612
755 8083.4262570206310556       0                      3617
756 8084.4132571494783406       0                      3622
757 8082.7902611867921223       0                      3627
758 8084.7880643527350912     314.39158526563932128    3632
759 8082.1127191777777625       0                      3636
760 8081.9177296458938144       0                      3641
761 8082.0612076677289224       0                      3646
762 8083.1119995639701301       0                      3651
763 8083.2324778200245419       0                      3655
764 8084.9775309408132671     311.08317035435203479    3660
765 8082.1080775312630067       0                      3665
766 8081.916453049343545        0                      3670
767 8083.0191361335364491       0                      3675
768 8085.284134382767661        0                      3680
769 8085.0280246239472035     310.09962097352746468    3684
770 8082.1080775312684636       0                      3689
771 8081.9206506800528587       0                      3694
772 8081.935221823376196        0                      3699
773 8081.9443189281910236       0                      3704
774 8082.9258927571381719       0                      3708
775 8082.2087954417629589       0                      3713
776 8082.0010715617581809       0                      3718
777 8082.1721242456405889     332.52550015640815673    3723
778 8084.8455180358450889       0                      3727
779 8168.7951628512373645     122.74933730692001177    3732
780 8168.4859158788194691     355.80345813245963882    3737
781 8081.9164530493635539       0                      3742
782 8081.9716447030777999       0                      3747
783 8083.0815950876803981     307.10910185222587643    3752
784 8082.0863489347957511       0                      3756
785 8082.0390433297779964       0                      3761
786 8082.9246968063989698       0                      3766
787 8082.0031736867185828       0                      3771
788 8081.9232068114915819       0                      3775
789 8081.9184050267185739       0                      3780
790 8082.755016134629841        0                      3785
791 8083.9827920232573888     343.57151719902515197    3790
792 8084.1263705966657653     350.71483137806728791    3794
793 8168.3451491953128425      98.092842017441995495   3799
794 8165.6733738309394539     396.31469959267747072    3804
795 8098.3944203888650009     362.21806254105445078    3809
796 8082.0835380398521011       0                      3814
797 8082.1740300054070758       0                      3818
798 8083.0355554260695499     307.40967068720146926    3823
799 8082.1279373295801634       0                      3828
800 8082.008119001092382        0                      3832
801 8081.9205634331701731       0                      3837
802 8081.9214506986791093       0                      3842
803 8081.9347497786584427       0                      3846
804 8081.945161974945222        0                      3851
805 8082.9237297774407125       0                      3856
806 8088.3051422003482003     110.97263390737326461    3861
807 8163.1937568041630584       0                      3866
808 8165.8694541928844046       0.00597292799131213768 3870
809 8083.5793125262152898       0                      3875
810 8083.5793125262389367       0                      3880
811 8082.1972700814085329     331.13604956835774829    3885
812 8081.9164530493508209       0                      3889
813 8082.9211819723750523       0                      3894
814 8081.9188346712635393       0                      3899
815 8083.9775004894072481       0                      3904
816 8083.9806841515364795       0                      3909
817 8084.0087797397336544       0                      3914
818 8088.3078404420157312     111.47676930011488139    3918
819 8167.0646644210773957     111.06604215724365758    3923
820 8168.3894021962005354     379.56687270927034206    3928
821 8081.9731188462901628       0                      3933
822 8082.1972700814067139     331.13604956835439452    3937
823 8081.9168212659078563       0                      3942
824 8081.9467829210061609       0                      3947
825 8081.9452364257613226       0                      3952
826 8082.949105132916884        0                      3957
827 8082.9241612395207994       0                      3961
828 8083.9830434352534212       0                      3966
829 8164.6373340825030027       0.10199594653297472391 3971
830 8167.5827780092868124       7.3156498283663378146  3975
831 8085.9922239778861695       0.09058852803936857934 3981
832 8085.9922239778752555       0.09058852803972786139 3985
833 8161.2545130006856198       0                      3990
834 8162.2198056525612628       0                      3995
835 8081.9182201605744922       0                      3999
836 8081.9442720986307904       0                      4004
837 8081.9983364469990192       0                      4009
838 8083.964549817270381      323.75964780078243166    4014
839 8086.6515068093476657     127.31823160615871871    4018
840 8082.1703909955040217     331.97235854719423287    4023
841 8165.4854098393116146      84.368587606890628194   4028
842 8170.8262872399764092     380.51611074570803339    4032
843 8083.6450548264165263       0                      4038
844 8164.0631917661130501       0.7888566638955454291  4042
845 8082.1974579652096509     331.15744887316958511    4047
846 8081.9162586047250443       0                      4052
847 8081.9246942477948323       0                      4057
848 8081.9240613380670766       0                      4062
849 8165.7330471224759094      79.515661563665986478   4066
850 8082.1935149058872412     331.99309683795087267    4071
851 8081.9154192493688242       0                      4076
852 8081.9227725220262073       0                      4081
853 8082.830222183440128        0                      4086
854 8082.8340650443715276       0                      4090
855 8170.107298915832871      445.74111890693183113    4095
856 8082.1748353165185108     330.28061673747151872    4100
857 8081.9184050267194834       0                      4105
858 8081.918742557090809        0                      4110
859 8081.9171255172104793       0                      4114
860 8082.920219934861052        0                      4119
861 8081.9195003569730034       0                      4124
862 8081.9432299017989862       0                      4129
863 8082.1701599920988883     331.41936353008532024    4134
864 8082.756175347170938        0                      4138
865 8083.9861339457447684       0                      4143
866 8167.4236577850097092     352.54449741890300629    4148
867 8172.8772356804647643     308.54628693484136193    4153
868 8088.3352476468244276     109.51760338975941522    4158
869 8083.4938427853458052       0                      4163
870 8164.1339216082678831       0.33174635319881340401 4168
871 8082.1982728407438117     328.63523193329763217    4173
872 8081.9188346712762723       0                      4178
873 8081.917400513550092        0                      4182
874 8081.9993606999460098       0                      4187
875 8081.9155207554549634       0                      4192
876 8082.7539192050253405       0                      4197
877 8083.4371422682388584     298.51294871487533555    4201
878 8083.980252568447213      344.30219224854101867    4206
879 8088.3152882093991138     110.81799840985061678    4211
880 8163.1355043733883576       0.06118762566369769645 4216
881 8169.4566977937047341       4.6030199992144131826  4220
882 8082.925015869962408        0                      4225
883 8082.2028621259923966     328.08423795220267039    4230
884 8081.9162248666279993       0                      4235
885 8081.9932133078882543       0                      4240
886 8083.6300074206164936       0                      4244
887 8083.6294847057615698       0                      4249
888 8081.9162248666334563       0                      4254
889 8081.9448984766795547       0                      4258
890 8082.9237054621289644       0                      4263
891 8082.1675192900156617     332.80885166625824922    4268
892 8164.1712681527833411       0                      4272
893 8165.1909150735773437       0.00204107168779849761 4277
894 8082.045598933545989        0                      4282
895 8082.1922284010133808     328.91669009823317538    4287
896 8083.4791753612798857       0                      4292
897 8082.8134703786718092       0                      4297
898 8082.9197071597218383       0                      4301
899 8082.7552682246359836       0                      4306
900 8085.2009421821912838       0                      4311
901 8088.3104717646410791     111.30921465429702266    4315
902 8163.1089194335099819       0                      4320
903 8167.9054198049825573       3.3960705954933074757  4325
904 8081.9195003569848268       0                      4330
905 8081.9201429423737864       0                      4336
906 8082.7534164636736023       0                      4340
907 8081.9945348779683627       0                      4345
908 8082.8288600385922109       0                      4350
909 8083.9804491150252943       0                      4355
910 8084.879170695024186        0                      4359
911 8167.7248928152439476     109.9394541326307575     4364
912 8168.2944797704003577     390.27904727056107959    4369
913 8081.9154192493651863       0                      4374
914 8081.9154192493597293       0                      4378
915 8081.9154192493842856       0                      4383
916 8083.9899556892496548       0                      4388
917 8082.2014373939709913     330.35603187361596156    4393
918 8081.9186758322175592       0                      4397
919 8081.9155207554495064       0                      4402
920 8081.9195003569766413       0                      4407
921 8081.9932133078864354       0                      4412
922 8082.1662878288234424     333.64622800431840233    4416
923 8082.1916465295089438     333.13453252566017682    4421
924 8082.920219934868328        0                      4426
925 8082.7539192050344354       0                      4430
926 8089.0597156272988286     131.97335757709734594    4435
927 8168.224330653603829      110.14972465250932032    4440
928 8167.2401203199824522     378.03663641196868639    4444
929 8092.107464690053348      136.30854199733784071    4449
930 8082.7542157239522567       0                      4454
931 8083.6256498874035969       0                      4459
932 8161.5904599611421872       0                      4464
933 8081.9162586047268633       0                      4468
934 8081.9174005135637344       0                      4473
935 8088.338311420015998      111.28414610318588984    4478
936 8082.1660826803554301     332.25535806024583962    4483
937 8083.9861339457465874       0                      4488
938 8088.3104717646410791     111.3092146542871177     4493
939 8167.7745128404512798     116.89714904465984091    4498
940 8167.9665802620947943     379.93624144641142948    4503
941 8082.8293310350563843       0                      4508
942 8081.9162248666225423       0                      4512
943 8081.9432299018171761       0                      4517
944 8081.9964873423705285       0                      4522
945 8088.3102320428270104     111.63388668982797469    4526
946 8083.439971287147273      299.91335710967712203    4531
947 8082.1733538938588026     333.11368528478436701    4536
948 8172.1272725138896931     294.50795105224631243    4541
949 8169.3395823428390941     402.12774654994638013    4545
950 8082.0286316943274869       0                      4550
951 8082.0497543296833101       0                      4555
952 8160.5764539083720592       0                      4560
953 8082.9197071597309332       0                      4565
954 8081.9168212658969424       0                      4569
955 8081.9993606999441909       0                      4574
956 8082.1675192900192997     332.80885166627888339    4579
957 8082.8029234429423013       0                      4584
958 8085.2209411980711593       0                      4588
959 8166.886916005591047      111.88199608652516304    4593
960 8168.8342564035328905     391.89757553230185749    4598
961 8083.627697559142689        0                      4603
962 8083.4835694117800813       0                      4608
963 8160.7538060750439399       0                      4613
964 8082.1714309707540451     330.86651593942269756    4617
965 8083.9548360004164351     322.38773218409380661    4622
966 8086.6458156963317379     126.0902082481774471     4627
967 8089.049149254112308      133.04736223782296634    4632
968 8165.3272889878135175       0.0029148309334663604  4637
969 8164.0349705380649539       0                      4641
970 8088.3082751175525118     112.1271231077846835     4646
971 8081.9168212659114943       0                      4651
972 8163.8994633181946483       0                      4656
973 8168.3164974923629416       2.9987070786582665782  4661
974 8082.16487613276513       331.39796647915977701    4666
975 8088.310629123057879      110.4822846973102628     4670
976 8088.3200401864651212     112.13971983828697887    4675
977 8084.1559269195904562     293.12872730587565684    4679
978 8082.1670852064498831     332.50402035822980906    4684
979 8089.1535462576503051     117.45000198895468202    4688
980 8089.7572501810009271     139.37479840429773503    4693
981 8167.4208528061653851     378.34245134472456584    4698
982 8167.731049048753448      110.74682876101191198    4702
983 8081.9254442486871994       0                      4707
984 8082.861923621862843        0                      4712
985 8160.9371935998115077       0                      4717
986 8082.1628865455522828     332.78739805499316162    4721
987 8088.3035267982204459     111.29664451954107562    4726
988 8088.3225361445429371     111.64644903178401592    4730
989 8082.16921256803289       331.11532613993728091    4735
990 8082.1804506609360033     333.38400756577499351    4739
991 8088.3137315307949393     110.31546624936929391    4743
992 8172.5258514377674146     309.34401455488750798    4748
993 8168.6776963930687998     365.32502872757100931    4752
994 8092.137146384819971      136.59240451643017877    4757
995 8082.8610289276402909       0                      4761
996 8165.402110216091387        0.11205544182893129035 4766
997 8164.7486060372102656       0.3710830227611803811  4770
998 8081.9175675008382314       0                      4774
999 8082.0172069812469999       0                      4779
1000 8081.9443189282055755       0                      4783
