1 10543.189011090746135      17360.97466842132053       4
2 10984.772699178640323      11633.246336802636506      9
3 10564.011020468724382      17518.229873074269562      13
4 10745.817578929123556      18467.848008036991814      18
5 10731.945782829738164      18472.393205163531093      22
6 10539.004581395802234      13752.621233303449117      27
7 10576.219855906050725      36302.697276118742593      31
8 10563.856948322159951      29346.78011333932227       36
9 10539.878974427278081      13870.572314827764785      40
10 10548.274800943094306      23818.606739070448384      44
11 10148.119759496628831      14935.297511027603832      49
12 10173.806535558022006      17984.284946153471537      54
13 10318.704067151509662      4251.3650429162953515     59
14 9809.8540435907161736     5245.5743261975085261     64
15 10975.332237998010896      4681.4539412605754478     68
16 10154.773313936329941      5527.580035138792482      73
17 10132.128464201428869      4420.8917150136267082     78
18 11072.135921588233032      4087.4249503756941522     83
19 10569.326260913076112      3919.2193708577328835     88
20 10395.976454214141995      3735.570758362595825      92
21 10227.493807652665055      3792.3296469474948935     97
22 10396.936490174894061      4355.1853755438096414     102
23 9932.2183164481612039     4734.9831610244300464     107
24 9464.3458215880891657     4887.801049460138529      112
25 12042.758574364061133      5289.1556237480144773     116
26 10137.4947894410343        3778.5576305251220219     121
27 9968.1778686520192423     4601.9144438430848822     126
28 10254.989916748096221      22717.093904477234901      131
29 10704.90458670755288       4029.0332798589852246     136
30 10127.469259599549332      2672.7117144262356305     141
31 9726.0591944782590872     20895.627335879165912      146
32 9333.698774375818175      1543.7570392041118339     151
33 9029.5536214714338712     3052.1691683331032436     156
34 8618.6963285256861127     7589.0859060555576434     161
35 8993.4372723773503822     422.92467069310714578    166
36 8767.4209430435494141     55450.712622381026449      171
37 8752.3160762217285082     23626.865118840360083      176
38 9154.8677293247965281     10638.833342950070801      181
39 9098.385548536429269      241.48972637726558332    186
40 8853.1500771168102801     1690.5001677256718722     191
41 9102.117410460839892        0                      196
42 9095.686983936744582      117.93055943026348586    202
43 8853.046278510691991      115.23690358516108745    207
44 9122.603366664461646       42.059065440317304763   212
45 9123.8221307723288191      33.866361053732290998   218
46 9240.9071460370651039      26.191578462090696178   223
47 9679.8230619202113303     4921.3665532778395573     228
48 8285.3070631726932334     4810.4641676990568158     234
49 8195.2812303507689649     513.1627590660656324     239
50 10093.865018822421916      544.10359964450503867    244
51 8336.8528354886948364       2.7063287773547060056  250
52 9127.6710252914563171     4976.2882892935158452     256
53 8440.1946553323268745     5877.5331412427622126     262
54 8430.887801124697944      4433.6042064286784807     267
55 8178.3577117546919908     2660.9833730873392597     272
56 8206.9094485198293114     5775.3816969944755328     278
57 9245.5123379854157974     699.83773448693693808    283
58 8814.8615547948666062     155.00882983060805032    288
59 8225.7153181958819914     26814.135495956121304      294
60 9138.548352625744883      279803.23955977795413       299
61 10899.726265211018472      13586.676541129461839      305
62 8302.421953876139014      648.52186789549273271    310
63 8843.0175458502362744     96822.542402428181958      316
64 8715.6535739730206842     39567.541265450519859      322
65 8444.4502928794481704     22962.166727694358997      327
66 8652.6950839408473257     29492.701833981122036      333
67 8606.4219635724602995     5394.9750805182811746     338
68 16216.179972266545519      395752.77903565665474       344
69 8200.4513180775720684     2203.6636962017878432     349
70 8785.1740134322917584     1128.8327895264599192     355
71 8574.5338770718099113     2315.5561240008241839     360
72 8583.8115074708348402     2411.5674218701401514     365
73 8696.4691054530449037     4931.696276171936006      371
74 8987.9625709766696673      67.290756338586390939   377
75 8306.8348094057364506     3941.4979598465338313     382
76 8295.5604875654280477       0                      388
77 8151.0258201609021853     3945.4196876003843499     393
78 8200.1766322503572155     7715.4392636727179706     399
79 8156.3998780489673663     7939.4625717734370483     404
80 8125.7022446823011705     853.74569121233116675    409
81 8990.8757345595058723      74.295866230375835926   415
82 8894.3146079267062305     108.40651504731307853    420
83 8716.7454283097195002     42873.718429364307667      425
84 9490.3669584477120225     27942.394778458019573      431
85 8195.514660973160062      2682.3341454828109818     437
86 8225.7427538710944646      57.72733306195326719    442
87 8729.5947302524109546      73.467987594916863259   448
88 10493.282317471501301      3289.9321005040255841     454
89 8394.4348722365903086     29849.214690459481062      459
90 8615.485608221448274      1720.3369963740724415     464
91 9593.0930074345360481     6598.9978744850932344     470
92 8382.8776136536507693     10567.668766225688159      475
93 8959.3891221118028625     12577.665452768411342      481
94 8121.3797106106303545     2437.5315380047927647     486
95 8124.2973274362375378     2140.1281081946112863     492
96 8092.0210518940821203     2996.9749733085272965     497
97 8094.9368953845987562     2506.4615001447391478     503
98 8890.8256028453506588      42.702887640160696492   508
99 8423.2758331127752172     5745.0035558659856179     514
100 8557.8569319385351264     861.62183956450030564    519
101 8635.5611281375131512     1191.4230354022874963     525
102 9120.96704587154818       2668.1712758928847506     530
103 9098.5746325811524002      22.399269670045683256   535
104 9983.8441265255623875     32142.252560829383583      541
105 8294.366631531762323        0                      547
106 8112.0058349494202048     653.17341237107973484    552
107 8161.5861526211001546     4536.6546948430614066     558
108 8115.5502659045250766     2163.9733886659400923     564
109 8565.5692049124936602     9053.4238174478141445     569
110 8473.7417228527356201       0.94619930533347795798 575
111 9447.0334183537797799     2304.9158382651985448     580
112 8553.052403169873287      4733.1530663412668218     586
113 8169.4424858224037962     2200.3187059830661383     591
114 8427.6266614861597191      27.363368948301946659   597
115 8273.7978968928273389     1738.0943079804569606     602
116 8400.3681461210580892     2493.6770163916680758     608
117 8804.7794463809168519     15168.749515404721024      613
118 8830.5108024534256401     247.46473171347773246    619
119 8964.6209463051691273     3594.4966163194449109     624
120 9252.2353842049924424     20055.284319706504903      630
121 8495.7768614750129927     1440.0001731754878165     635
122 9626.1393752642306936     184.03166346720257707    641
123 8104.6280080295937296       0                      647
124 8579.1943336202202772      25.154210799418400768   652
125 8109.0458963281589604     116.35555849128348882    658
126 8145.5314173651913734     3222.6336322257038773     663
127 8147.5779730992180703     4269.7184029105774243     668
128 8173.7458466885973394     234.87951505225896653    674
129 8396.5072914003503683       6.301972990584984835   679
130 8929.5328926511137979     142.88456854168066457    685
131 8475.4567468288296368      25.141504403511000021   690
132 8114.1386517181254021       5.1176796277558462833  696
133 10650.722171190616791      251.95033822181108007    701
134 8387.3130243590148893     1393.1960987447746447     706
135 8120.0988208989747363     3756.0504509745419455     712
136 8215.355068370106892      12242.185034938020181      717
137 8355.0724287165885471     170.52307557540288485    722
138 8753.1593878200656036     27108.912481059003767      728
139 9611.9807774640103162     82365.543165924435016      733
140 8270.6857417410465132       0                      738
141 8084.0398982140532098       0                      744
142 8358.9434526885197556       0                      749
143 8127.641437190909528      292.01585958515323682    755
144 8148.2504259360230208     6824.5951924026612687     760
145 8179.5957614158160141     18958.631458238582127      766
146 8529.6531105560643482     220.05403321878162615    771
147 8425.9555397761141649      63.024704359127824205   776
148 8089.2854343242534014       0                      782
149 8086.2647377288003554       0                      787
150 8111.1397478014996523      80.897458492732681634   792
151 8090.1106979348833192       1.2520999409901643062  798
152 11126.285345982036233      324.61533721767705174    803
153 8203.529402779038719      141.4599374511362555     809
154 8141.4037589506042423     1568.4871161205160206     814
155 8183.2631534436814036     3479.2360645167923394     820
156 8709.7150540230068145     27579.861592654669948      825
157 10957.666293828739072      32526.34365979537688       831
158 8087.7689231109643515       0                      836
159 8249.6980324687792745     3232.4142833766309195     842
160 8441.9183165792474028     7108.2410009088880543     847
161 8321.1267798650478653       1.4934261222176921091  853
162 8092.4615394038164595       0                      858
163 8215.9317406852769636     280.70823125280128352    863
164 8430.954177438021361       55.024768634062311889   869
165 8090.1181111217711077       0                      874
166 8110.4102400408892208       0                      879
167 8809.4205362111169961       1.7089239008308632073  885
168 8255.3219148793650675       1.976553121266294788   891
169 8187.4697943146993566      28.852639088096218245   896
170 8334.9665935200573585      25.432617132391847292   901
171 8086.3728120065743497       0                      907
172 8098.0990603485788597     875.02024160446330825    912
173 8509.7749513229082368     634.93129207422521176    918
174 9430.9920573307244922     5433.1668386022729464     923
175 8249.3796394986238738      89.864970653968185843   929
176 8254.6437446309701045     271.68702936688038108    935
177 8162.6937345533369808       0                      940
178 8819.5578845252348401     5884.4810948355370783     945
179 9504.9131056765254471     8694.6908629136669333     951
180 8465.9329152637728839     144.32426955622537434    956
181 8488.0907982770731905      52.635524081982559608   962
182 8085.4906527641369394       0                      967
183 8610.4147461429638497       0                      973
184 8089.8882508653914556       0                      978
185 8085.8945776478285552       0                      983
186 8084.6888145652219464       0                      989
187 8113.542052215871081      921.3267405685784297     994
188 8220.2169481213895779      69.80716173270560887    1000
189 8138.5047034094750416     850.86635249097423639    1005
190 8254.4654806986527547     983.56609413933722408    1011
191 8645.4022386512569938      72.02257004493314696    1016
192 8145.8548898309336437     5050.8558790895885977     1021
193 8133.0090095929799645     4602.0484191912810275     1027
194 8119.3222870285035242     1382.048729207922861      1033
195 8315.7586877726171224      76.695485792732611685   1038
196 8155.09410443170691       158.81412614574963982    1043
197 8092.3749132478487809       0                      1049
198 8083.9738250492309817       0                      1054
199 8083.7847003102015151       0                      1060
200 8083.2991145847672669       0                      1065
201 8338.5277699545240466     193.21406608804758775    1071
202 8287.5087270808799076      69.44362663526599988    1076
203 8091.4954638564768175     133.31941729206965874    1082
204 8093.6807291504901514     149.44851252022735366    1088
205 8314.1829580885059841      65.125031531528676965   1093
206 8152.1649529373698897     163.85306429246341509    1099
207 8083.2265433508400747       0                      1104
208 8096.028051545766175      402.96992017971342648    1109
209 8098.4560891428163814     153.38467709474508638    1115
210 8098.4167713731112599     125.23545301697238585    1120
211 8697.2726966795817134     2969.1452457088516894     1126
212 8669.2711524683818425     3485.2127581307872788     1131
213 8084.2732409521713635       0                      1136
214 8111.9384508244038443       4.3033672830146985078  1142
215 8086.3520369487077915       0                      1147
216 8090.0715164360217386       0                      1153
217 8086.9418274150166326       0                      1158
218 8104.6075231926070046     529.82177269136479936    1164
219 8099.9627958410410429     1853.3414192435143377     1169
220 8108.1892079851177186     3142.8913006044385838     1174
221 8472.4310845080744912     129.65133211742835329    1180
222 8640.2527498951094458      25.835558743834585727   1185
223 8121.0394392143389268     1982.9019090149722615     1190
224 8085.4844641952840902       0                      1196
225 8102.4357457074474951     137.19536500789033084    1201
226 8342.1913831988149468     214.21413561835990436    1207
227 8136.7557109991603284       0                      1212
228 8082.957324989436529        0                      1217
229 8082.6412670996651286       0                      1223
230 8082.3840444975503488       0                      1229
231 8444.4107779658734216     244.45067287038935433    1234
232 8449.4543291592908645     439.03611353791421834    1240
233 8100.444704821693449      3240.8891449946922876     1245
234 8327.8511300806949293     266.25701274314553757    1250
235 8108.1657788959091704       0                      1256
236 8082.4428972624709786       0                      1261
237 8083.4016904243953832       0                      1266
238 8110.4258417321143497       1.1531176660957505042  1272
239 8401.9688792625220231       0.25495334964313948189 1277
240 8288.9505552277460083     1401.9831090904938264     1283
241 8494.8116783815894451     211.19990945537907123    1288
242 8495.682562385676647      212.04465402608076374    1294
243 8327.6462771892820456     267.18779103223511129    1299
244 8108.1372715275856535       0                      1304
245 8084.9866550350616308       0                      1310
246 8090.6093357839254168       0                      1315
247 8540.7064409693848575      33.609569114547127811   1320
248 8085.0531441508455828       0                      1326
249 8118.0471672940166172       3.0185342293406773884  1331
250 8090.9209963601424533     104.88401125917346235    1336
251 8087.8579476252216409     275.47179565428683645    1342
252 8089.0324469411089012       0                      1347
253 8103.3769020718173124     915.93125422177445216    1352
254 8363.4732521588266536       0                      1358
255 8082.5360436859373294       0                      1363
256 8086.6170146872764235       0                      1369
257 8543.2209334096969542     114.34913148741388511    1374
258 8093.2355605980701512     4663.1858928319634288     1380
259 8606.6744320816378604     3710.7719783176967212     1385
260 8322.8414457131311792     266.4664507573572223     1390
261 8136.3010937058406853       0                      1396
262 8082.6868895406569209       0                      1401
263 8083.6731048283099881       0                      1407
264 8089.0188043399584785       0                      1412
265 8088.7589950057863462     144.63521616140380388    1418
266 8403.0508055861228058       0.02692598432024614213 1423
267 8085.0187380035413298       0                      1428
268 8087.6941713474780045       0                      1434
269 8085.5193748955398405       0                      1439
270 8086.9646313079065294       0.57989201839698012453 1444
271 8433.484585892789255        6.1393256461449556838  1449
272 8093.9189623076963471     779.93984476244918369    1455
273 8431.1135930559066765       0                      1461
274 8089.5474484135493185     174.48992202215072211    1466
275 8271.4241339856944251       0                      1471
276 8320.1636651425415039     243.0015641392681971     1477
277 8136.266969321380202        0                      1482
278 8084.5607971748340788       0                      1487
279 8084.2042943322885549       0                      1493
280 8088.3399173413909011       0                      1498
281 8087.6566764578938091       0                      1503
282 8399.8037746126574348       0                      1509
283 8090.8808783792883332      45.989867153481782225   1514
284 8082.9746184883679234     316.66891844339096451    1519
285 8085.4525362045660586       0                      1525
286 8086.1847059078654638       0.22478542541125662302 1530
287 8411.5169954113061976       0.41349320738423811505 1535
288 8091.2305356050383125     114.36840007356249771    1541
289 8082.3446802787993875       0                      1546
290 8091.6905760505669605       0                      1551
291 8082.0680718589719618       0                      1557
292 8084.5931267789692356       0                      1562
293 8085.646902642924033      301.72397015424235178    1568
294 8086.0962191112848814     322.17429183164216511    1573
295 8268.1688389468181413       0                      1578
296 8084.4108876163818422     516.65783492446587388    1584
297 8082.9498104584372413       0                      1590
298 8082.0388061545600067       0                      1595
299 8082.0001769288110154       0                      1600
300 8082.0502411937795841       0                      1606
301 8082.1793146765639904       0                      1611
302 8084.619585249888587      327.95480325480616557    1617
303 8267.4737183832457958       0                      1622
304 8255.0591334932087193       0                      1627
305 8313.6185538339177583     269.35038569870437186    1633
306 8135.6750689938307914       0                      1638
307 8081.9623053923414773       0                      1643
308 8082.1760538857770371       0                      1649
309 8082.9212664222704916       0                      1654
310 8081.9618055774835739       0                      1659
311 8081.9966796125836481       0                      1665
312 8251.1215976248840889       0                      1670
313 8251.1567973287055793       0                      1676
314 8081.9673679431652999       0                      1681
315 8082.121664597835661        0                      1686
316 8082.9637685119369053       0                      1692
317 8089.0942011341976468       0                      1697
318 8089.5767135387441158       0                      1702
319 8087.7053119117554161       0                      1708
320 8090.1808992830965508       0                      1713
321 8082.268303211575585      330.30333729349666783    1718
322 8399.2788122487290821       0.4138114593658313578  1724
323 8463.1540813033097947       5.4005062762469853155  1729
324 8095.9403162931012048     185.53402119216914912    1735
325 8083.0352067043104398       0                      1740
326 8083.8498552984001435       0                      1746
327 8410.249792087739479        0.32839785486096956246 1751
328 8445.7591073884250363       6.0721652753134804925  1757
329 8088.7437870994735931     329.64337664703543851    1762
330 8083.0890122384498682       0                      1767
331 8082.0020569722819346       0                      1773
332 8081.9722325448947231       0                      1778
333 8082.0872930171171902       0                      1783
334 8082.9826260339805231       0                      1789
335 8083.1722980825325067       0                      1794
336 8082.7744494409062099       0                      1800
337 8082.0996207505158964       0                      1805
338 8088.4362209683913534     107.89834626495786551    1810
339 8402.9367869164034346     424.22126140710599884    1816
340 8415.8218436829192797     350.71117256157111797    1821
341 8083.2291861408111799       0                      1827
342 8085.6527148730247063       0.07117886208636166334 1832
343 8085.6811045415370245       0.08258346202767490041 1838
344 8082.6419998090650552     319.5042716047586282     1843
345 8081.9232702278914076       0                      1848
346 8082.5535055850550634       0                      1853
347 8393.7967036271802499       0                      1859
348 8395.7484224556392292       0                      1865
349 8082.8304462921923914     334.32138828258740659    1870
350 8082.6068151808331095     321.75166946386497102    1875
351 8082.5418805916060592       0                      1881
352 8082.8365634578613026       0                      1886
353 8082.7853671003194904       0                      1891
354 8083.7999932353577606       0                      1897
355 8417.4138707157890167       0.06474074255651382503 1902
356 8083.0184728363728937       0                      1908
357 8085.3008245800929217       0.27041112069531270112 1914
358 8082.2118185482058834     326.65979387550021329    1919
359 8086.6086144933406104       0                      1924
360 8403.0341527844884695       1.3332508678241876687  1930
361 8082.9389793176978856       0                      1936
362 8081.9788504826028657       0                      1941
363 8081.9774926773170591       0                      1946
364 8082.3938826669091213     324.49574462634660676    1952
365 8081.9295716807237113       0                      1958
366 8081.9198205574984968       0                      1963
367 8081.9489398992818678       0                      1969
368 8082.0473833569867566       0                      1974
369 8082.3616160399124055     325.60433725706172936    1980
370 8081.9317263555722093       0                      1985
371 8081.9195003569802793       0                      1991
372 8081.9275590463630579       0                      1996
373 8081.9359223757119253       0                      2002
374 8082.4935145548333821       0                      2007
375 8082.3214304174753124     325.89960322794377134    2013
376 8081.9286694718666695       0                      2019
377 8081.9168212659087658       0                      2024
378 8081.9671686458450495       0                      2030
379 8082.4207505708882309       0                      2035
380 8081.9207166047208375       0                      2041
381 8082.3344603391460623     325.61876222361291866    2046
382 8081.9998765211475984       0                      2052
383 8082.1741465969944329       0                      2057
384 8082.2116987526242156       0                      2062
385 8082.8906485990601141       0                      2068
386 8082.9236086802147838       0                      2074
387 8393.9376790044516383       0.00268998277259066294 2079
388 8368.2708777832012856       0                      2085
389 8081.9784121382017474       0                      2090
390 8082.0118147370249062       0                      2096
391 8373.9179039559476223       1.3482015514030194492  2101
392 8376.7225089232251776       2.1801093052973996578  2107
393 8082.2975613955986773     326.46138855401358114    2112
394 8081.9346147702208327       0                      2117
395 8081.9162446564951097       0                      2123
396 8081.9823473711649058       0                      2129
397 8082.065422299419879        0                      2134
398 8082.0634761233268364       0                      2140
399 8351.107018410704768        0                      2145
400 8363.9888406952268269       0                      2151
401 8082.3129192862561467     325.63206831371246608    2156
402 8081.9306614884862938       0                      2162
403 8081.9260074900576001       0                      2167
404 8081.952930723064128        0                      2172
405 8082.9387363557398203       0                      2178
406 8082.965529974429046        0                      2183
407 8083.8601817328699326       0                      2191
408 8082.1628673016430184     331.98469205455006659    2196
409 8084.0031011924529594       0                      2202
410 8407.2683610514595784     403.00375212846523709    2207
411 8408.8909856860973377     364.36279600814089008    2213
412 8086.6590817797950876     123.46299150350084517    2218
413 8081.9877505984995878       0                      2224
414 8081.9960710525383547       0                      2229
415 8357.9793359646482713     307.03814789057707912    2235
416 8363.5268162175852922     319.09889517638737289    2240
417 8082.2833949671785376     325.59055722843140757    2245
418 8081.9223198130603123       0                      2251
419 8081.9271162721724977       0                      2257
420 8081.9542736952080304       0                      2263
421 8082.2489249230247879       0                      2268
422 8082.9315004529698854       0                      2273
423 8384.3859287387258519       0                      2279
424 8083.5613081262818014     347.89178753211143658    2284
425 8082.3101847534144326     339.41175527236549669    2290
426 8083.9885393426420706       0                      2295
427 8406.0786571143999026      12.122797608904679834   2300
428 8086.8214173719234168     130.4510902539869619     2306
429 8081.9184407918983197       0                      2312
430 8081.9515062515438331       0                      2318
431 8383.7446064975847548       0                      2323
432 8395.0796669499795826       1.4363854874503021453  2329
433 8082.2778490696564404     326.72220892800640968    2334
434 8081.9318533186506102       0                      2340
435 8081.9155516068558427       0                      2345
436 8081.9224936411919771       0                      2351
437 8383.3874213148337731       0                      2356
438 8402.3686417173848895       0                      2362
439 8084.1169377911674019       0                      2367
440 8081.9172324014289188       0                      2373
441 8081.9488873519658227       0                      2378
442 8081.9924102599288744       0                      2384
443 8082.0311096142568204       0                      2389
444 8082.7533523686252011       0                      2394
445 8084.1856634229188785     521.92525635628521741    2400
446 8083.9635006831967985     317.70120862168238318    2405
447 8086.6803659897504986     122.41848924183007341    2410
448 8393.7834410531013418     358.25002378959703719    2416
449 8404.762655186410484      1295.5773539602769233     2421
450 8082.7201029605967051     369.38247416115655142    2426
451 8082.017137171324066        0                      2432
452 8082.2400654780822151       0                      2437
453 8382.5874549108866631       0                      2443
454 8082.2621890939908553     326.15157344560242336    2448
455 8081.9163619097989795       0                      2454
456 8081.9385476793713678       0                      2459
457 8081.945196848318119        0                      2465
458 8082.7553443563401743       0                      2470
459 8392.7204079323728365       0                      2476
460 8081.992316488554934        0                      2481
461 8081.9981450655050139       0                      2487
462 8082.1562519835142666     332.24608779309306783    2492
463 8082.8013605344340249       0                      2497
464 8395.6773711537261988       4.5467024803138951228  2503
465 8088.2876383165512379      83.250916189110597543   2508
466 8081.9806610448686115       0                      2514
467 8081.9280113483109744       0                      2519
468 8082.2439038331840493     326.71272641351589527    2525
469 8081.9382369310196736       0                      2530
470 8081.9171255172241217       0                      2536
471 8081.9195738884691309       0                      2541
472 8081.9186758322130117       0                      2546
473 8081.9433451492441236       0                      2552
474 8082.9204963539696109       0                      2557
475 8391.0035802551155939       0                      2563
476 8083.9933429395132407       0                      2568
477 8088.3179417353994722     110.97463638484194348    2574
478 8398.717202920193813        1.8701434519021338243  2579
479 8085.9899876679628505       0.18887754979217402651 2585
480 8082.1581563444033236     332.51700487527193673    2590
481 8081.9155161040653184       0                      2596
482 8081.925277589286452        0                      2602
483 8081.9428681556437368       0                      2608
484 8384.3767703719022393       0                      2613
485 8392.8332228465060325     399.19441961205131975    2619
486 8081.9202332678169114       0                      2624
487 8081.9151187665447651       0                      2630
488 8081.9229484476400103       0                      2635
489 8081.9779114088123606       0                      2641
490 8388.1391156566478458     314.12926606079304293    2646
491 8082.2385821753277924     327.2625566372748267     2652
492 8081.92037947078461         0                      2657
493 8081.921348577311619        0                      2664
494 8081.9429209166783039       0                      2670
495 8082.8013065860413917       0                      2676
496 8082.7592657052464347       0                      2681
497 8082.9223788948129368       0                      2687
498 8391.493655984491852        0                      2692
499 8083.991710334173149        0                      2698
500 8082.1636453991632152     333.09223647733989537    2703
501 8396.8973448248962086       4.6719479240036978496  2708
502 8086.6465204264313797     126.05065548276860454    2714
503 8391.9261901537065569       0                      2719
504 8085.9460902221717333       0.06284728682341289563 2725
505 8398.7490148911401775     323.14908355069684376    2730
506 8081.9191705067705698       0                      2736
507 8081.9162248666143569       0                      2742
508 8082.8066464870735217       0                      2747
509 8082.8241705514883506       0                      2753
510 8082.9199913934462529       0                      2758
511 8390.3393997675648279       0                      2764
512 8082.0240816927116612       0                      2770
513 8083.9843793784148147       0                      2775
514 8093.015870787447966      293.44916507709825737    2781
515 8399.3879641567709768       2.044638744619361681   2786
516 8094.6401564424722892     394.57595026429260088    2791
517 8081.9295979996359165       0                      2797
518 8393.3079392868276045       0.00101876844061051268 2803
519 8391.4271691442863812       0                      2808
520 8390.5988063399436214       0                      2814
521 8081.9231734627710466       0                      2819
522 8081.915520755437683        0                      2825
523 8081.9174166122020324       0                      2830
524 8081.9171294087400383       0                      2836
525 8081.9429966318421066       0                      2841
526 8082.7535575608653744       0                      2847
527 8083.9899556892614783       0                      2852
528 8088.3138388602419582     111.14183705929970358    2858
529 8393.7010619844259054     342.31441148565016874    2863
530 8399.6596698757857666     671.26640193029777492    2869
531 8390.6677825492224656       0                      2875
532 8082.1605025784774625     333.37565450306823323    2880
533 8081.9205344468009571       0                      2886
534 8081.9206495070739038       0                      2891
535 8081.9169433636179747       0                      2897
536 8081.9193173883568306       0                      2902
537 8081.9888256743797683       0                      2907
538 8392.9462455541015515       0.00152887547627635241 2913
539 8393.6704130633461318       0.00061190923624271614 2919
540 8394.7625151723732415       0.00001024466452227799 2924
541 8396.6182130140514346       2.2202963628399872142  2930
542 8396.6632617415179993       2.2195276365194112067  2935
543 8082.1625053116522395     332.53839088270393631    2941
544 8083.6263736010096181       0                      2946
545 8089.0570496759137313     132.32695756909259899    2952
546 8082.1720281186817374     333.95146206974601455    2957
547 8089.1629198795408229     118.13020130619456438    2962
548 8397.1681862078930862       2.1497941273865186496  2968
549 8395.0540805573218677       6.0884133676459626372  2973
550 8083.9888614348792544       0                      2979
551 8400.402788406892796        0.00485288180193742171 2985
552 8081.9815468447704916       0                      2990
553 8081.9154192493651863       0                      2996
554 8389.6188176101459248       0                      3002
555 8387.1017054664753232       0                      3007
556 8082.1698047463214607     333.3970770596634452     3012
557 8089.0526966914385412     132.13092902287414176    3018
558 8083.4460028994662935     329.89507566605118427    3023
559 8088.3137315308122197     110.31546624937914203    3028
560 8392.9896111081052368     305.62293568696355806    3034
561 8407.6650365762216097     1392.7023595808661867     3040
562 8081.9904444413450619       0                      3046
563 8389.6910617127832666     191.71662788577137349    3051
564 8082.1601371898959769     331.40983747457249819    3057
565 8081.9233698682846807       0                      3063
566 8081.9228797850482806       0                      3068
567 8393.8969671264985664       0.0001048059282268988  3073
568 8395.6334722291776416       0                      3079
569 8082.1772748996818336     335.34514820870839458    3084
570 8081.9167177763929431       0                      3090
571 8081.918787448207695        0                      3095
572 8399.07385301611248       431.57195045693720203    3101
573 8081.9164449962081562       0                      3106
574 8395.2318729294311197       0.07653693695129522301 3111
575 8081.9929714388790671       0                      3117
576 8082.1613274427982105     332.23394583499276678    3122
577 8083.9802525684317516     552.60855529719049173    3128
578 8394.449112291154961        0                      3133
579 8081.9252025324840361       0                      3139
580 8391.3290312008521141       0                      3144
581 8395.0858578907846095     308.80838474351344303    3149
582 8082.1562519835288185     332.24608779309306783    3155
583 8081.9945348779692722       0                      3161
584 8082.011976095758655        0                      3166
585 8082.7958251769077833       0                      3172
586 8082.833047699369672        0                      3177
587 8085.1838323355805187       0                      3183
588 8085.2252683379738301       0                      3188
589 8083.9971784219733308       0                      3194
590 8393.1249692397450417       0                      3199
591 8398.4456431741145934       2.0959816915473146182  3205
592 8088.2197625515682375      78.835488562570262161   3210
593 8081.9452364257558656       0                      3216
594 8394.7274226289646322       0.00085511529543876171 3222
595 8395.5862650976632722     424.31760984498237121    3227
596 8082.1583958350229295     331.96334739224170107    3233
597 8086.6454968109310357     125.91176585546320155    3238
598 8082.5000498271392644     359.74007184604198528    3244
599 8083.3549110721578472     346.66390733596290374    3249
600 8087.4624126434518985     133.87374917381114869    3255
601 8092.1235654828560655     262.01021808770087773    3260
602 8084.7848329209691656     586.32087119213019832    3266
603 8396.7904656706723472     377.96188048915553281    3271
604 8398.5009821512121562     449.89082347926779448    3276
605 8081.9206835495597261       0                      3282
606 8389.7384490601107245       0                      3288
607 8081.9525801311638133       0                      3293
608 8394.7625151723950694       0.00001024466452529138 3299
609 8082.755268224656902        0                      3304
610 8081.9444901388551443       0                      3310
611 8082.9190409795355663       0                      3315
612 8082.9484890411067681       0                      3321
613 8391.3810316100243654       0                      3326
614 8399.9973571744758374       1.5097932253774626332  3331
615 8388.8153740540419676       0                      3337
616 8081.9459477452182909       0                      3343
617 8082.759846643380115        0                      3349
618 8082.7582111163219452       0                      3354
619 8082.9492652013677798       0                      3360
620 8083.6332613500844673       0                      3365
621 8396.5886283770141745     388.90533210718751889    3371
622 8398.8475933982808783     418.47099346662480457    3376
623 8389.1715723792658537       0                      3382
624 8082.028063927446965        0                      3387
625 8390.1040023546975135       0                      3392
626 8084.8545969758542924       0                      3398
627 8085.2049846697691464       0                      3403
628 8401.3286335091488581       3.7787138055237448064  3409
629 8389.1715723792749486       0                      3415
630 8389.4427235914918128       0                      3420
631 8081.9858504820776943       0                      3426
632 8083.9841287306608137       0                      3431
633 8083.992919881871785        0                      3437
634 8082.1758738120724956     333.66771823267225727    3442
635 8088.3266083482831164     111.47886509994899029    3447
636 8394.5407120121999469     207.24257172049578912    3453
637 8399.5919321477977064     402.73320451244063634    3458
638 8087.9367542282479917     916.74703471590532899    3464
639 8081.9438584510317014       0                      3470
640 8392.1085097482500714       1.7064999828665128323  3475
641 8082.7582631589730227       0                      3481
642 8082.7539192050371639       0                      3486
643 8082.9193661255776533       0                      3492
644 8396.9524617135302833     415.91731552614970724    3497
645 8398.4189382539352664     393.98427920906590316    3503
646 8082.4927237968377085     357.68621299969993288    3508
647 8388.1894313396151119       0                      3514
648 8081.9432299018017147       0                      3519
649 8082.9499143900457057       0                      3525
650 8082.9520794094642042       0                      3531
651 8083.6268148240151277       0                      3536
652 8083.6266678479296388       0                      3541
653 8393.6149139851768268     209.81855268700087436    3547
654 8400.5228709402999812     404.85414534396693398    3552
655 8081.9250454639914096       0                      3558
656 8082.0238268129887729       0                      3563
657 8083.9994351151617593       0                      3569
658 8088.3538186941832464     111.453717522808887      3574
659 8082.1733538938433412     333.11368528477061091    3580
660 8396.9949719097458001     390.91282256576755572    3585
661 8403.5642071981274057     1265.0954578923108329     3591
662 8083.9929471824443681       0                      3596
663 8081.9175917182619742       0                      3602
664 8082.795015691167464        0                      3608
665 8081.9847604919077639       0                      3613
666 8083.9861339457511349       0                      3618
667 8084.803554270618406      582.82656693446574536    3624
668 8093.0977027130120405     332.4184015143695774     3629
669 8392.9233658164375811       0                      3635
670 8398.6470681241771672       2.0831280737101591782  3640
671 8083.9895338561200333       0                      3646
672 8389.0151730024772405       0                      3651
673 8081.9191948144516573       0                      3657
674 8081.919483877134553        0                      3662
675 8088.3236718480202398     111.97178318650823314    3668
676 8089.0813521825593853     132.83675994486958416    3673
677 8082.1757539620348325     334.50599230077574475    3679
678 8394.1974635623191716       0                      3684
679 8395.8471629728283006       4.3613445828316343977  3690
680 8389.110198411739475        0                      3695
681 8389.4427235914790799       0                      3701
682 8082.0262725899756333       0                      3707
683 8082.0178688909018092       0                      3712
684 8393.001667866428761        0                      3718
685 8083.9929471824461871       0                      3723
686 8084.0181931527104098       0                      3728
687 8085.199557336604812        0                      3734
688 8398.4791844035644317       0.82135234901159692722 3739
689 8088.5792988994917323       0                      3744
690 8081.9450563938280538       0                      3750
691 8082.1901807397471202     332.02701568380422259    3755
692 8089.1565572583058383     117.27790629629116381    3761
693 8082.9974857008028266     320.76282720884626087    3767
694 8083.0262753495071593     321.64838847942411348    3772
695 8088.3387562002935738     110.61344823173209306    3778
696 8394.5641144139699463       0.00125850387976853342 3783
697 8394.9677372097667103       0                      3788
698 8082.1660247780446298     330.84516020889492438    3794
699 8390.3681061991428578       0                      3799
700 8390.2974768062758812       0                      3805
701 8083.4587448068350568     324.41778144953457286    3810
702 8393.5732897394900647     207.99995753712974533    3815
703 8400.5587834400939755     403.79840000862537863    3821
704 8081.9207105081832196       0                      3827
705 8081.9887097762402846       0                      3833
706 8082.4954242079693358     358.87015193794564993    3838
707 8086.6540065166136628     126.62777170537515303    3843
708 8086.6744324365272405     126.75401608108045082    3849
709 8083.3880843836559507     347.30631407657625687    3854
710 8084.7967910963916438     584.91978508568479356    3859
711 8394.1076170389242179       0                      3865
712 8396.3079007872129296      10.167781430307165635   3870
713 8081.9444769443443874       0                      3876
714 8082.7809291720723195       0                      3881
715 8392.3760874426425289       0                      3887
716 8399.5984580006825126       8.4314323370573447392  3893
717 8082.1648761327542161     331.39796647914954519    3899
718 8081.9164530493444545       0                      3904
719 8082.7573344911561435       0                      3910
720 8082.7545559941036117       0                      3915
721 8082.7586357893987952       0                      3921
722 8395.8198614336379251       0.10410762674914141035 3926
723 8393.8561078397615347       0                      3931
724 8082.4956905150374951     356.22264844993458155    3937
725 8082.8030234908346756       0                      3942
726 8392.2941865438497189       0                      3948
727 8085.9420732879052593       0.06693925119173135818 3954
728 8399.27452682367948         2.1602954388424113752  3959
729 8082.7544190112985234       0                      3965
730 8394.561344983341769        0.0000171943493769113  3970
731 8394.964344407817407        0.00000509313206086469 3976
732 8082.1648761327533066     331.39796647914954519    3981
733 8395.5737865129194688       0                      3987
734 8386.8585299052538176       0                      3992
735 8082.8022300063903458       0                      3998
736 8082.8010607493588395       0                      4003
737 8085.1951318408500811       0                      4009
738 8083.9901063933020851       0                      4015
739 8083.9933251506890883       0                      4020
740 8397.4191598953912035     389.66030965191629321    4026
741 8398.4235039537106786     420.50142044457385282    4031
742 8082.0031794547603567       0                      4037
743 8386.8585299052647315       0                      4043
744 8082.8014668024370621       0                      4048
745 8085.1908267250782956       0                      4054
746 8085.923403440416223        0.09892628586089974307 4059
747 8394.8503405288047361     306.92779908448670767    4064
748 8406.2150774871151953     1397.1262880823180694     4070
749 8082.1660247780400823     330.84516020889827814    4076
750 8081.9201433881307821       0                      4081
751 8386.9417672734889493       0                      4087
752 8081.9912796823036842       0                      4092
753 8083.9952070911222108       0                      4098
754 8088.3152882094091183     110.81799840984074024    4103
755 8092.1337129187777464     262.52300470635026386    4109
756 8083.9783152727959532     550.38229472696468747    4114
757 8394.928364321582194      316.83590830292422424    4119
758 8406.2380692710103176     1487.8630536502591895     4125
759 8088.221859872260211       78.412330751707600029   4131
760 8082.9247527445695596       0                      4136
761 8082.9225979244556584       0                      4142
762 8083.0137154835110778     323.54166759261113384    4147
763 8394.5002653291867318       0                      4153
764 8395.4300184448056825       0.00080881848067064835 4158
765 8083.9884955984316548       0                      4163
766 8081.9441515629632704       0                      4169
767 8088.3200401864487503     112.13971983828697887    4174
768 8083.033554162379005      323.3175341953365205     4180
769 8088.3451717248281057     110.94954751527208714    4185
770 8082.1594189824754721     333.07080908922688423    4191
771 8082.1660826803654345     332.25535806025618513    4196
772 8089.160306144110109      117.10598967768279977    4202
773 8089.1732275600834328     117.90602539538403448    4207
774 8395.1033618280926021     341.49337483289860984    4212
775 8405.5366868818073272     1290.8249846389574031     4218
776 8082.5199273883326896     357.76290871009751982    4224
777 8093.028698129818622      293.82144167490190512    4229
778 8083.9778798264287616     548.16102704995569184    4234
779 8092.9979235510763829     293.90647648695028238    4240
780 8392.3242076483456913       0                      4245
781 8398.0519660044919874       1.8103420505592129341  4251
782 8081.9445026055864219       0                      4256
783 8081.9917078369389856       0                      4262
784 8082.8024899778756662       0                      4267
785 8394.6862542058333929       0                      4273
786 8395.3920461192719813       0.09104553047948345246 4278
787 8394.3005842904713063       0.00006972361308485506 4284
788 8386.9417672734907683       0                      4290
789 8081.9871185375986897       0                      4295
790 8084.8566964586480026       0                      4301
791 8087.4606915298809326     133.33490836310429017    4306
792 8083.0007325325132115     322.15116088679150153    4311
793 8393.8415244063926366       0                      4317
794 8396.9773555741139717      10.387951722482450023   4323
795 8082.4910330404281922     357.11141423587446297    4328
796 8081.9845543998353605       0                      4334
797 8082.8299935034847294       0                      4339
798 8393.7315219417541812       0                      4345
799 8396.7201771934451244       4.3752198017693482157  4351
800 8082.4910330404263732     357.11141423587446297    4356
801 8081.9953417875767627       0                      4362
802 8081.9997902212680856       0                      4367
803 8084.0009842928284343       0                      4373
804 8087.2020037353831867     149.0087606152927151     4378
805 8082.4999120126176422     358.89173227248056719    4384
806 8088.3225361445338422     111.64644903179595303    4389
807 8392.4961438448990521       0                      4394
808 8399.4762580655478814       2.1472440237272878427  4400
809 8086.6461067866348458     126.43516629327162093    4406
810 8084.7898622026859812     584.2244514027703417     4411
811 8393.7660419796920905       0                      4417
812 8396.6782408479193691       4.4843938071249453969  4423
813 8081.9191705067632938       0                      4428
814 8082.9234475227094663       0                      4434
815 8394.1292748257983476       0                      4439
816 8085.947206608988381        0.08856128371664943877 4451
817 8396.3102887995919446       4.4721351550269039521  4462
818 8082.4908449041131462     356.53675292935832886    4470
819 8081.9447176600388048       0                      4476
820 8082.8019485329969029       0                      4482
821 8082.8310535055234141       0                      4487
822 8394.1345731315668672       0                      4493
823 8395.7954775792859436       0.00045220923097285799 4499
824 8084.016562533925935        0                      4504
825 8084.9679430405531093     415.606281452333576      4510
826 8081.9174005135400876       0                      4516
827 8081.9193024226469788       0                      4521
828 8082.7583046128211208       0                      4527
829 8082.7545906771110822       0                      4533
830 8082.9263065261111478       0                      4538
831 8083.6555865684094897       0                      4544
832 8393.3272330932340992       0                      4549
833 8081.9206495070911842       0                      4555
834 8083.6293325544411346       0                      4560
835 8082.7986017235580221       0                      4566
836 8085.9200267343931046       0.09253724645800914805 4571
837 8398.6862861190875265     416.62799532937714275    4577
838 8397.0786522601065371     394.71566553805195099    4582
839 8081.9973591352663789       0                      4587
840 8386.8971344024612335       0                      4593
841 8081.9472534606657064       0                      4599
842 8082.9261844161164845       0                      4604
843 8082.9484304515362965       0                      4610
844 8082.9496423698201397       0                      4615
845 8394.2053320823069953       0                      4620
846 8396.1626833274840465       1.5730265100580429483  4626
847 8082.026234181311338        0                      4632
848 8081.9443231457853472       0                      4637
849 8082.2013347363881621     333.15597881943824632    4643
850 8395.3303101901710761       0                      4648
851 8394.5991588872675493       0.00008899134639152744 4654
852 8083.4318791422319919     325.93745783201882205    4659
853 8089.7656468486002268     139.38849748091499237    4665
854 8394.3064094259116246       0                      4670
855 8396.5127823647126206      10.218755060503948329   4676
856 8083.9926486939211827       0                      4681
857 8083.3876135645159593     347.0174234976009302     4687
858 8086.6536580631982361     126.44894506134644985    4692
859 8084.0198615094122943     549.27369794802132219    4697
860 8093.0193680455104186     295.09468458273016722    4703
861 8396.6217440297732537     342.68752609039904655    4708
862 8400.0705954560089594     680.10097085088978019    4714
863 8087.9470085229668257     908.41985851463732615    4719
864 8081.9269196227887733       0                      4725
865 8088.317569930261925      110.14882465697802161    4730
866 8082.1723429173434852     334.79012136249804144    4736
867 8088.3064839327262234     111.12929748926794105    4741
868 8398.9055037806319888     450.42602129641488773    4746
869 8086.6628282717992988     127.84670571189310806    4752
870 8082.1612705532761538     331.68064025877936274    4757
871 8089.0625992467803371     131.2426792570811358     4763
872 8089.7572501809981986     139.37479840429335809    4768
873 8083.0004712808104159     322.97526544467888243    4773
874 8088.3102320428497478     111.63388668984187291    4779
875 8083.0011526911503097     320.48470640026130241    4784
876 8395.1281096413349587       0                      4790
877 8394.8012758698969265       0.00007209544191702731 4795
878 8087.6483163209059057     3605.222715180951127      4801
879 8081.9907422604683234       0                      4806
880 8082.4958025967553112     358.55485589050960016    4812
881 8087.2194890312239295     149.1314452722434396     4817
882 8083.9762586167553309     545.27280897915295554    4823
883 8092.1371463848090571     261.59384236081808695    4828
884 8392.827760394766301      211.03617454523376296    4833
885 8401.7210089613490709     405.33215963683875316    4839
886 8082.1719658037045519     329.98924620730542756    4844
887 8386.8971344024521386       0                      4850
888 8081.9842304234816766       0                      4855
889 8082.7803778779716595       0                      4861
890 8082.9482133359351792       0                      4867
891 8082.0180616830766667       0                      4872
892 8392.2474386002977553       0                      4878
893 8082.1889081425888435     331.72289856819850229    4883
894 8089.0549378238802092     131.7775006415132566     4889
895 8399.5292501208023168       1.3499515371230059735  4894
896 8088.2090830875722531      76.863007077259879907   4899
897 8082.7534164636836067       0                      4905
898 8082.1628485197170448     333.92999809755707474    4910
899 8394.9404780096119794     361.99282181853675411    4916
900 8405.8118791118595254     1275.4647567955660179     4921
901 8082.4924401733615014     358.00110906883207917    4927
902 8081.9851735521679075       0                      4932
903 8081.9917741532417494       0                      4938
904 8394.2716785308839462       0                      4943
905 8396.5546200406988646      10.053627322873229133   4948
906 8084.2207872193739604       0                      4954
907 8081.946810209639807        0                      4960
908 8086.6479020273782226     126.78079346880666378    4965
909 8082.4994063634239865     359.44597617527091415    4970
910 8084.0056904768234745     550.63082488352279142    4976
911 8092.1313908938773238     262.68449144365303027    4981
912 8092.1619269922148305     262.6048063946669231     4987
913 8084.788837092135509      581.93574311635018148    4992
914 8394.3367550524162652       0                      4998
915 8395.5933419786033483       0.00049322127169110891 5003
916 8081.9822569468869915       0                      5009
917 8086.6469283291962711     126.06262034007615114    5014
918 8082.8288572876699618       0                      5020
919 8093.0725701785759156     330.29131273569930727    5025
920 8084.0032704202712921     545.51985706057018888    5030
921 8393.5953193745535827       0                      5036
922 8396.4873604751192033       0.12103167551902054011 5042
923 8082.4929041814511947     357.97956503492542879    5047
924 8084.012155256396909        0                      5053
925 8084.0226160387064738       0                      5059
926 8084.8154889932093283     582.19036393222870629    5064
927 8088.3190959501562247     110.65097358313781228    5069
928 8394.951374219965146      209.27859374693457539    5075
929 8399.5970988967910671     404.00250407377774309    5080
930 8087.9436015382598271     907.55062335551826891    5085
931 8083.9966952259474056       0                      5091
932 8397.7887082492161426     389.37328192822184292    5097
933 8398.0616828518577677     420.19501979275867143    5102
934 8082.166148232764499      331.70201113351868116    5108
935 8081.9877869282208849       0                      5113
936 8082.0160740049805099       0                      5119
937 8084.0176995215542775       0                      5124
938 8083.9859596901706027       0                      5129
939 8396.6235344693322986     378.20712615098051401    5134
940 8399.0655293085928861     450.47658712541408477    5140
941 8081.9540447663703162       0                      5145
942 8081.9469002222758718       0                      5151
943 8082.9206324697197488       0                      5157
944 8082.9540892527747928       0                      5162
945 8392.0444664480455685       0                      5168
946 8082.1612705532825203     331.68064025878624079    5173
947 8089.0841999726335416     131.75016791972859664    5179
948 8082.1964166321367884     332.88521338656317994    5184
949 8089.0668070126530438     132.52322037976827573    5189
950 8399.7306272976748005       1.3396519761017890993  5195
951 8081.9863458419313247       0                      5201
952 8084.880216310760261        0                      5206
953 8082.5194311638470026     357.46983998068196797    5211
954 8087.4606200460193577     132.79726261046857871    5217
955 8092.14551202597886       263.03687633819208713    5223
956 8084.8233226392558208     580.10197207851592793    5229
957 8396.3323582168632129     378.16384646008003756    5234
958 8399.3757825427310308     450.99470764304311388    5240
959 8083.9855062337128402     548.35230898868326221    5245
960 8082.9191081758090149       0                      5251
961 8389.3892025265413395       0                      5256
962 8084.133628327869701      349.74359247224697356    5262
963 8088.337385925048693      110.93704221121650733    5267
964 8402.5775997040691436       3.3533412886176297008  5273
965 8083.4316217008836247     322.65807411860987486    5279
966 8088.346671331604739      110.62594974791473135    5284
967 8088.3114969337693765     111.95921709217090267    5290
968 8083.4376949147763298     329.23441936662891294    5295
969 8082.1675192900202092     332.80885166625824922    5301
970 8089.0612285363449701     132.14433599150015652    5306
971 8394.8496463738229068       0                      5311
972 8395.2285976931761979       0.09484404300356992501 5317
973 8082.170064681184158      330.56287170565661881    5322
974 8082.010747837695817        0                      5328
975 8089.0847853927034521     132.65377355027473527    5333
976 8082.19016254827784       332.58070078198488773    5339
977 8395.5740595006136573     352.43829015127823823    5344
978 8404.9732132623466896     1285.7082216777118902     5350
979 8081.9470804995544313       0                      5356
980 8082.7550401520093146       0                      5361
981 8393.1372229025546403       0                      5367
982 8089.063599448795685      131.79090548512513692    5372
983 8089.1544967543686653     117.61108264802173551    5378
984 8397.3058383827101352       4.574714991639351247   5383
985 8083.9862745670443474     546.13527803832039353    5389
986 8081.950714866211456        0                      5394
987 8082.4911685311817564     357.42591302990200575    5400
988 8393.3423049669891043       0                      5406
989 8084.0183672156736066       0                      5411
990 8397.1076299617761833       4.7086733562373686013  5416
991 8083.985763241760651      543.25239150429251822    5421
992 8082.7809968831297738       0                      5427
993 8395.22598352499881       339.30243903518288562    5432
994 8401.4316937597650394     669.97327159519340967    5437
995 8394.3367550524126273       0                      5442
996 8082.998138912075774      321.30702205298086938    5447
997 8088.3112017078010467     110.63846833697694194    5452
998 8089.1521338390830351     117.09321033765371567    5457
999 8397.3887265914763702     352.82083695851508764    5462
1000 8399.6488239295467793     711.32011244732996147    5467
