1 9417.4529948741037515     209.24393062896197648    14
2 9745.5029933065270598     450.83823135943367788    19
3 9153.230166487128372      1017.3721293452816781     23
4 9566.7864482950681122     303.26810960084191038    27
5 9589.3480330459588004     306.2371324139353419     31
6 9569.4096701808975922     285.97233722355088048    35
7 9419.808405264871908      594.89324515936971238    40
8 9431.9869817870603583     5819.6369244021016129     44
9 9758.307038953389565      3359.7560483194597509     48
10 8604.3732411767450685     394.19592593902416411    52
11 10274.269847292049235      357.95468284440971729    56
12 10279.799792131316281      989.15659794858231635    60
13 8864.7824055937180674     2083.2959446753875454     65
14 9852.7028383681772539     487.53356410653793773    69
15 9643.8348148275890708     380.66611564023082792    73
16 9196.2579750943859835     922.40949208324627762    78
17 9675.6044880994650157     389.15054041593941747    82
18 9312.8272278173626546     1388.3178376591815777     86
19 9611.5100643052646774     416.20599350739803413    90
20 9400.1292136957254115     1460.1891650016307267     94
21 9550.1218896493683133     434.31234475416101759    98
22 9345.4794699781923555     167.18351834558424684    102
23 9192.5307764685203438     128.17597951132611911    106
24 8811.9128445977366937      51.257394369372534015   110
25 8534.8569259994765162      19.263233501768098677   115
26 8452.2496535485061031     546.68643970677953803    119
27 8796.7740638797531574     672.80901314765139887    123
28 9316.0606056467222515     460.42674297374759362    127
29 8339.6007512076757848      48.781042720562531656   131
30 8645.8250229216719163      22.603968995369410067   135
31 8527.0071891017105372      25.879532364900473596   140
32 8583.7573387845804973     1245.4111279658648073     144
33 8792.8044538599006046      13.141568707691678952   148
34 8520.4655182418937329      24.800598650466312733   152
35 8539.1060120168222056      17.718151720634580215   157
36 8566.5271128945205419      23.051598517828463031   161
37 8561.2844917460242868     100.34266846244413784    165
38 8552.3064987996367563      13.458072206234142243   169
39 8331.8948173954831873     521.64182759133336731    174
40 8263.6875054797983466       0.39640054295174154131 178
41 8151.4333038680488244     237.12356070720545631    182
42 8852.3809901836375502       3.0562220472904524371  186
43 8592.2923774877253891      12.700489559236284975   191
44 8596.6372023790190724      53.334751313324893829   195
45 8271.4792502785276156     2436.1521748958357421     199
46 8170.7847905156941124     9759.7925621400227101     203
47 8180.0110145349008235     507.39881002633592288    208
48 8691.41542216720336        73.489916562835787772   212
49 8536.6064092779197381      21.864412324096846874   216
50 8614.2354410823845683       6.4530479699368719082  220
51 8538.0054128693973325       9.1331225115667820091  225
52 8615.9997970441163488      64.755449420215327905   229
53 8248.2049009463153197       0                      233
54 8249.8979512755104224       0                      238
55 8171.2608286013401084     2020.8009708624997529     242
56 8460.9174210178061912     2400.0876869718545095     246
57 8173.2544644383406194     2206.0293873521031855     251
58 8556.1461412580756587      80.714144372877356659   255
59 8277.2388762230002612      76.935158661955796333   259
60 8251.7809584970600554       0                      263
61 8271.9249837295155885       0                      268
62 8209.091436888122189       16.285669877847439579   272
63 8105.9464001385031224     163.79563495796313077    276
64 8300.3968267671698413     508.79363909023356882    281
65 8255.9786279813179135     345.10045087443364764    285
66 8541.7370778903696191     126.12716035360220701    289
67 8452.7713934822222654     2261.1582869734770611     293
68 8990.861598419089205      448.7031855463887382     298
69 8266.3209239252792031     7323.7535390313087191     303
70 8116.2823437093193206     971.36155731224494048    307
71 8108.9637594287796674     1123.9082870592512791     311
72 8149.4379827956345252     1164.9478486092709772     316
73 8292.7071839343880129       9.3314140580172484363  320
74 8301.1307588133477111      61.533210230536916185   324
75 8254.1574799880963837       0                      329
76 8248.978634392737149        0                      333
77 8248.8837435097048001     322.11742054397944912    337
78 8249.2967826370422699       0                      341
79 8414.9445389659995271     342.44545582843858256    346
80 8413.2598446760566731       1.831235390750580283   350
81 8238.8683099317513552       0                      354
82 8241.6967367013585317       0                      360
83 8128.7396103924675117     517.35763580100967829    365
84 8131.9137225899212353     4934.4242787214152486     369
85 8436.853870407838258        3.5343459733805544509  373
86 8410.2030093470730208       0                      378
87 8197.8605057059303363     133.8587183874031723     382
88 8485.0251553523630719      29.157343690935139335   386
89 8656.2310633823635726     117.8554262313509895     390
90 8253.5090523578019202       0                      395
91 8272.4210725676057336       0                      399
92 8246.2072872135740909       0                      403
93 8280.7945114133417519       0.09108312307759237891 407
94 8278.1501081538899598       0                      412
95 8238.2305009007723129       0                      416
96 8237.7668204856290686       0                      420
97 8095.2943266105867224     267.84651329525695473    425
98 8138.4491924880094302       0                      429
99 8926.0165732515743002     191.93856146032808851    433
100 8091.3273942497671669       0                      438
101 8577.9808803508876736      87.059105662520025248   442
102 8105.2990761626615495     183.6034860430744402     446
103 8099.9802101622926784     254.56933290421366678    451
104 8232.4683916437825246      37.609471393165435416   455
105 8484.1631477299815742      50.162501901613623545   460
106 8232.9313625038357713       0                      464
107 8313.4179432066430309       0                      468
108 8477.315679123845257       81.112310530015435006   472
109 8668.904753117929431       45.405962218700658184   477
110 8103.6809200474508543       0                      482
111 8581.7838671791269007     161.86677688467915459    486
112 8114.4598768679079512     129.2208141836059383     490
113 8302.2029293223422428       4.5326529804125792467  495
114 8256.2108451921594678      16.714784086764623794   499
115 8838.2457871251790493     116.67330062855572237    503
116 8851.0219394256127998     171.4706643470342442     508
117 8089.5567640246645169       0                      512
118 8457.7026280486315954     131.87221865281890132    516
119 8100.0915481648853529       0                      521
120 8098.3397560086023077       0                      525
121 8088.6086830475724128       0                      529
122 8087.5429452191137898       0                      534
123 8101.2425287191754251       1.2345307511073542184  538
124 8088.8023393868625135       0                      543
125 8089.7360151132479587       0                      547
126 8509.7686922721568408       4.7772459345901463479  551
127 8353.793453359954583       38.851326013492958111   556
128 8139.0868625741841242       0                      560
129 8451.6727371754677733      13.270563297104722267   564
130 8126.969277990889168       10.689891020758979678   568
131 8181.2502524145284042      35.411492946447005181   573
132 8107.8145133857660767     129.64506153113063647    577
133 8218.0456943404897174       0.06551328947186277341 581
134 9746.0181145717760955     5773.8450555477393209     585
135 8098.4438890328510752       0                      590
136 8098.2332643932313658       0                      594
137 8093.2112529138885293     147.79369367592053663    599
138 8094.4383921623166316       0                      603
139 8220.1122190474634408     289.94765793115243468    608
140 8377.5958471320354874     1474.0087565829685445     612
141 8096.7781996334597352       0                      616
142 8116.0594139497006836       0                      621
143 8241.5936481607623136     916.24893223825745281    625
144 8525.5451931874231377      68.285437412595442197   629
145 8231.0830644104717067     519.89516879816221717    634
146 8513.3431909687606094      25.305125689711914561   638
147 11456.040870630369682      472.39230082164698388    642
148 8147.4432320385403727     1950.0169139642016489     647
149 8592.2451484791563416       0                      651
150 8091.8296256184103186       0                      656
151 8090.273225592009112        0                      660
152 8310.4998039460715518       3.7772987094669736585  665
153 8475.4741087561196764       7.3985678423752991861  669
154 8089.8389087700124946       0                      673
155 8209.5939413221822178      30.999846553846062136   677
156 8483.4951126655760163      15.429612908115712955   682
157 8742.7683555856019666     105.19991260501447528    686
158 8448.5795797393402609       1.6422644125933081316  690
159 8883.0878679461238789       1.1778723082616109341  695
160 9246.9659186718417914     186.15185265701916251    700
161 8100.744879822135772      133.33438837612612815    704
162 8310.9664317041224422      31.77893195465471976    708
163 8096.3191637263507801       0                      713
164 8092.0255812552186399       0                      717
165 8523.3683422021731531       2.6192845897375183206  721
166 8547.841435351750988      430.95986630891570712    726
167 8695.1564956210349919      28.057772376659599445   731
168 8179.6021494488022654       9.6695649607763467515  735
169 8096.2854938152358955     147.77129142124184114    739
170 8088.1189280411690561       0                      744
171 8530.1526978367583069      76.75580502596423571    748
172 8242.354212966907653        0                      753
173 8087.6100952524539025       0                      757
174 8094.5480344809457165       0                      761
175 8087.583553951381873      326.69988994028142315    765
176 8087.5033061927724702       0                      770
177 8087.4589868930479497       0                      774
178 8087.4030743269449886       0                      778
179 8088.9886445973070295       0                      783
180 8092.1466193487658529       0                      792
181 8302.7460371314482472       0                      796
182 8691.8154286601820786      44.657727136480396268   801
183 8171.0371251819206009       5.3708756772076160502  805
184 8087.5447508925954025       0                      809
185 8090.1003346711431732       0                      814
186 8096.4480220732439193       0                      818
187 8108.5907031564911449       0                      822
188 8095.1820035611244748       0                      827
189 8182.7730278185335919       0                      831
190 8271.5364102306193672       0                      836
191 8091.9719760002562907     254.39928079043366438    840
192 8263.2479856428435596     516.97303354900918748    844
193 8274.5949887463066261     241.34934359412915228    849
194 8088.0330058401732458       0                      854
195 8087.6685565989282622       0                      858
196 8087.3841665042518798       0                      862
197 8420.7374802209160407     956.02331271341301999    867
198 8094.9914097591108657       0                      871
199 8704.6256739238142472      34.007395843164438531   876
200 8166.6193437114598055       3.7689905128108875942  880
201 8089.1626028493492413       0                      884
202 8093.7809404940580862       0                      889
203 8240.5313553286614479       0.09652323207418984918 893
204 8447.8494754195653513       1.1795808962035632117  897
205 8116.4833914537321107       0                      902
206 8154.2075919021363006       1.5421743288211307021  906
207 8280.4635144241910893       0.50206664119931476709 911
208 8089.9590311667470814       0.59654722127563375444 915
209 8098.3353149530821611     297.99223150196809229    920
210 8197.9253527255877998       0                      924
211 8092.7905099495692411       0                      928
212 8453.3276582184134895     1090.64411613082234       933
213 8087.4282925632705883       0                      937
214 8088.1079701529688464       0                      941
215 8088.2710690901267299       0                      946
216 8681.8339280862146552      46.250239863014712682   950
217 8180.9057436840548689       9.9766291638815545184  954
218 8086.8362915259167494       0                      959
219 8128.5580098709906451       0                      963
220 8664.5974452094487788      56.325274643465007784   968
221 8183.9443338396176841      11.302527277550661111   972
222 8089.0792289696764783       0                      977
223 8087.6211709025319578       0                      981
224 8087.6356008238490176       0                      985
225 8101.7043531203507882       0                      990
226 8143.6005239795740636       1.6236019521868048088  994
227 8088.9843554024955665       0                      998
228 8150.8902850803360707     190.27722166808840143    1003
229 8091.7389600954520574     147.37487801946744526    1007
230 8416.0818091366163571      15.043522975928864227   1011
231 8112.1440535829005967       0                      1016
232 8093.5783469655989393       0                      1020
233 8085.5806634719065187       0                      1025
234 8146.7103411637108366       0                      1029
235 8084.8899738047521168       0                      1034
236 8085.1717082301702249       0                      1038
237 8085.3861217510702772       0                      1043
238 8108.0305348336041789     354.83986473822494645    1047
239 8090.2498679052932857     755.87096529391203603    1051
240 8128.0801246859073217     215.65806596163818654    1056
241 8630.5498057631011761      28.361233217657954242   1060
242 8226.879708127820777        9.9492105018967720298  1064
243 8115.5432098802257315       0                      1069
244 8218.611888556570193        0                      1073
245 8084.1796808393937681       0.0038662022985948021  1077
246 8168.7154284557418578     1444.7968030164649917     1082
247 8120.5186634886649699       0                      1086
248 8084.7990814877603043       0                      1091
249 8200.3243207359591906     517.74140518758179041    1095
250 8088.3685507012787639       0                      1100
251 8084.7641762252615081       0                      1104
252 8100.9300083472371625      97.530298552026451375   1109
253 8084.6389427536005314       0                      1113
254 8086.7839206422831921       0                      1118
255 8083.9911555821217917       0                      1122
256 8096.4551288266147822      41.019682012235861635   1126
257 8084.4582153408964587       0                      1131
258 8624.3165418777389277      30.1952052843970975     1135
259 8261.2891491777154442      28.489439323837373763   1141
260 8086.321181951771905        0                      1145
261 8088.9406701249317848       0                      1149
262 8149.5673091450516949      15.679055104951558519   1154
263 8104.2911693330470371     771.07622960326375505    1158
264 8116.6398676568496739     1719.2901844218108636     1162
265 8127.1209469383802571     1391.1714456474960571     1166
266 8245.2441207360971021       5.1397407040229001751  1171
267 8135.9839502687555068     348.60160245461281647    1175
268 8152.9091578568331897     2040.2157516035051685     1179
269 8184.98910426708062       413.99864141149123498    1184
270 8203.6588612218693015     4200.1229057314303645     1188
271 8083.3958489435844967       0                      1193
272 8156.0642115013270086      45.778438989623403188   1197
273 8084.4695045976686743       0                      1201
274 8083.7109777047589887       0                      1206
275 8085.2649259520130727       0                      1210
276 8417.4884757033396454      64.455374944143699167   1214
277 8195.2785591994397691       3.2447503071829579824  1219
278 8104.9497526882178136       3.9174944379797995708  1223
279 8137.4458280488061064     570.16776074853157752    1228
280 8158.3353762644292146     275.29023825043549323    1232
281 8083.818870821713972      297.41632259551369089    1236
282 8089.6131556265117979     133.38946532360822061    1241
283 8137.1808011346902276     1027.8806052737279515     1245
284 8138.6452774660738214     784.76242157452998072    1249
285 8318.9453968549278216      26.028838531996118633   1254
286 8137.8669044607586329     904.6017425469169666     1258
287 8167.4454092655532804     757.16649737641762385    1262
288 8128.2299474616429507     720.34462955470291945    1267
289 8171.3858827556323376      44.582714669028646881   1271
290 8089.4244562439334914       0                      1275
291 8084.190036129033615        0.00281912359637931072 1280
292 8083.769070074413321        0                      1285
293 8083.101114942723143        0                      1289
294 8121.3749100615414136      14.044303844271324166   1294
295 8086.598021933599739        0                      1298
296 8082.8559099594758663       0                      1303
297 8095.1932267451520602      42.693368419603594077   1307
298 8086.8218399796533049       0                      1311
299 8084.8082431480734158       0                      1316
300 8087.8292505568697379       0                      1320
301 8108.6813339886775793       0                      1324
302 8553.7843474087312643      36.017773284639737597   1329
303 8187.9499692227891501       5.3652444076691754304  1333
304 8088.9202227254954778       0                      1337
305 8107.3916910936504792       6.4832748488882714355  1342
306 8094.5703814921562298       0                      1346
307 8097.197052310505569        0.69951462767696326317 1351
308 8127.2777719023570171       0                      1355
309 8126.585793990624552       13.556314766827977536   1359
310 8146.0614396586497605       7.6612407369967536752  1364
311 8136.2091606448575476       0                      1368
312 8154.6501190308317746     993.57543603300325685    1372
313 8148.6970961373745013     2049.8159650982124731     1377
314 8169.293656782429025      20474.252469845243468      1381
315 8090.2643156423164328     180.94801636007147749    1386
316 8088.3096085101424251       0                      1390
317 8094.2461489387251277     110.38986445411904924    1394
318 8121.3564214057496429     1946.209068167300984      1399
319 8191.7715502651044517     126.49217083923414862    1404
320 8102.2257288218143003       0.07985912646025308814 1408
321 8089.671778933882706        0                      1413
322 8085.4405780055467403       0                      1417
323 8085.4460410389783647       0                      1421
324 8085.0255079442467832       0.02166698828798490836 1426
325 8104.7294101419338404       0                      1430
326 8085.4824298371058831       0                      1434
327 8086.7167538020121356     254.79861190403508431    1439
328 8087.8809788650778501     125.57469592406908987    1443
329 8114.608574070510258      1287.7398170440549166     1447
330 8109.8669202845439941      87.232329446672807194   1451
331 8090.8066166728694952     128.44308994408208946    1456
332 8090.4608276395429129       0                      1460
333 8091.9660194279022107       0                      1465
334 8096.0927610328863011     248.32135267917487909    1470
335 8085.829678497148052        0                      1474
336 8255.1424470136771561      59.441154583845182913   1478
337 8122.6762162469140094       0.48648310361635643817 1483
338 8082.8230463268000676       0                      1487
339 8082.7974973615473573       0                      1491
340 8083.3769323891292515       0                      1496
341 8083.4713821458253733       0                      1500
342 8083.9577414893992682     294.78564851434236971    1504
343 8084.4657744609767178     289.52286619603694362    1509
344 8085.1997863044180122       0                      1513
345 8204.5342211575243709      95.360750281331874589   1518
346 8120.7130950409828074       0.35979846405340731863 1522
347 8083.1325251615808156       0                      1527
348 8083.3851645409449702       0                      1531
349 8087.7020557628093229       0                      1536
350 8082.7130136432142535       0                      1540
351 8082.7804478232683323       0                      1544
352 8084.6153089658655517       0                      1549
353 8084.0083283447129361       0                      1553
354 8083.6306840261304387       0                      1557
355 8083.6667285417834137       0                      1562
356 8218.2106039988229895      86.556609216306611643   1566
357 8119.0908264710242292       0.26603064154863009794 1570
358 8082.7240917950994117       0                      1575
359 8082.7790690077108593       0                      1579
360 8085.1088546369819596       0                      1584
361 8085.2892677629424725       0.45578196488943450992 1589
362 8084.1709593393970863       0                      1593
363 8083.5556724686912276       0                      1598
364 8084.703781519489894      596.10349571118865697    1602
365 8091.8524705795371119       0                      1607
366 8089.9407692820414013     152.3138069590550856     1611
367 8096.2951191378315343     472.06426119319399959    1615
368 8087.599527272510386      114.7876036355559819     1620
369 8083.0420173284110206       0                      1624
370 8081.9790688405628316       0                      1629
371 8099.6613706330845162       0                      1633
372 8082.0116441545142152       0                      1637
373 8082.0208078193682013       0                      1642
374 8084.069825258752644        0                      1646
375 8084.203073973584651        0                      1651
376 8185.4665176898452046     114.46483888923542338    1655
377 8138.5437174611452065       2.7535420516720892081  1659
378 8081.9795646963693798       0                      1664
379 8082.3557455264226519       0                      1668
380 8082.7925254448173291       0                      1672
381 8082.8612336605192468       0                      1677
382 8090.7252760344126727     400.4059754770944437     1681
383 8085.8763641339946844     442.51005909256059567    1685
384 8097.647008198837284        3.1859322824169411525  1690
385 8100.8869508652551303       0                      1694
386 8089.2192742160104899     434.65943407473946536    1698
387 8089.1297240602843885     121.15131232826756502    1703
388 8089.0822825168297641     105.01942645553783962    1707
389 8090.60005095789802         0                      1712
390 8084.2003283733329226       0                      1717
391 8082.8093428377051168     333.35560793534392587    1721
392 8092.5219552918633781     432.20886681014025044    1725
393 8092.6779221120741568     433.34414187060718859    1729
394 8100.5688126677168839     281.89746939260345471    1734
395 8087.8122979907566332       0.67392132687822414727 1738
396 8082.0071558979261681       0                      1742
397 8082.0139574973327399       0                      1747
398 8082.4124437050541019       0                      1751
399 8082.8212438882574133       0                      1755
400 8082.8008503141691108       0                      1760
401 8083.2657819907444718       0                      1764
402 8084.2282392002371125       0                      1768
403 8082.2658078483409554       0                      1774
404 8084.0362376214943652     557.36896935850450063    1778
405 8089.9139348773933307       0.48228623183447222322 1782
406 8082.0111417193793386       0                      1787
407 8082.8133209173074647       0                      1791
408 8085.6552474741638434       0                      1795
409 8083.9838652213729802       0                      1800
410 8103.7880283064696414     277.86588503630451896    1804
411 8087.5283810871851529       0.58719389693512302753 1808
412 8084.1844940204964587       0                      1813
413 8084.2241274374327986       0                      1817
414 8081.9892582140719242       0                      1821
415 8082.0567246729806357       0                      1825
416 8082.8289221349505169       0                      1830
417 8082.3548267684918756       0                      1835
418 8083.9599862399209087     552.03492727488662695    1839
419 8082.9390258090925272       0                      1843
420 8089.3713473136740504      95.390025057338078796   1848
421 8087.4393394474654997     439.90996840249749766    1852
422 8082.5756440211662266       0                      1856
423 8083.6069955719021891       0                      1861
424 8083.2626088010310923       0                      1865
425 8094.7817654715618119     123.30093561259552359    1869
426 8093.9905625578721811     140.64199590973530007    1874
427 8085.0553755517848913     551.44081001421636756    1878
428 8082.1420869243447669       0                      1882
429 8082.0849000910930044       0                      1887
430 8081.9842304234725816       0                      1891
431 8081.9965822584717898       0                      1896
432 8081.9226007462784764       0                      1900
433 8094.7654512947974581     406.57407105488789512    1905
434 8082.1982937075090376       0                      1909
435 8082.0836194517114563       0                      1913
436 8082.8776122451045012       0                      1918
437 8082.9647441658189564       0                      1922
438 8085.0995632843505518     545.62966723903127786    1926
439 8082.1417095507276827       0                      1931
440 8081.9696164427896292       0                      1935
441 8082.9331758213093053       0                      1939
442 8084.9510941037569864       0                      1944
443 8081.9268935123036499       0                      1948
444 8082.019201026760129        0                      1952
445 8081.9205588636204993       0                      1957
446 8081.9188346712671773       0                      1962
447 8081.9532738283714934       0                      1966
448 8081.9188363476514496       0                      1971
449 8081.9217177169321076       0                      1975
450 8086.6444807588932235       0.3917843768409112748  1979
451 8083.11582325960444       316.74352682701572803    1984
452 8081.9174005135419065       0                      1988
453 8081.9565377825338146       0                      1992
454 8082.1971790551815502       0                      1997
455 8104.9074602373075322     271.26297153457380773    2001
456 8087.2987964277881474       0.53098435722882197929 2005
457 8082.1508784822499365       0                      2010
458 8083.0865487154524089       0                      2014
459 8081.9249722062377259       0                      2019
460 8082.2240448779730286       0                      2023
461 8081.9809379418802564       0                      2028
462 8081.9293642980546792       0                      2032
463 8082.1924499601791467     335.33068454494207344    2036
464 8084.8717912178844927       0                      2041
465 8089.7079303993177746     1043.0972122988946467     2045
466 8101.0744797390016174     682.15046988754932045    2049
467 8095.3914653062283833     418.48153400184833117    2054
468 8082.0651052833982249       0                      2058
469 8086.1054445720665171     649.78064165547186803    2062
470 8083.5296316549984112     388.55283093784470339    2067
471 8083.4946533688726049     387.95881162439923173    2071
472 8083.2428800872830834     315.45168919139797481    2075
473 8082.1208713685828116       0                      2080
474 8081.9975957558399386       0                      2085
475 8081.9265322405544794       0                      2089
476 8081.9975914834822106       0                      2093
477 8082.0500453908989584       0                      2098
478 8083.0000515201927556       0                      2102
479 8082.1758738120724956     333.66771823267225727    2106
480 8082.7561753471827615       0                      2111
481 8083.9825441922848768       0                      2115
482 8088.0602434099964739     104.94636870985037547    2119
483 8085.8584507754248989     414.90689844185959601    2124
484 8082.0709753424789596       0                      2128
485 8082.7951386457543776       0                      2133
486 8085.0068928400842196       0                      2137
487 8084.2871949822110764     358.47801123095956655    2142
488 8090.112157288819617      496.72950279298811438    2146
489 8088.3555702578451019     110.93955981439935954    2151
490 8081.9167177763920336       0                      2155
491 8081.9895693107528132       0                      2159
492 8081.9231734627464903       0                      2164
493 8082.6263700834206247       0                      2168
494 8084.7337630709071163       0.04053820555904781575 2172
495 8087.7200029966452348     108.72855411977708684    2177
496 8083.1527108423615573     305.76923956600722931    2181
497 8082.1631073161324821       0                      2185
498 8081.9280113483109744       0                      2190
499 8081.9269196227887733       0                      2194
500 8081.9942072908197588       0                      2198
501 8082.7569265790334612       0                      2203
502 8085.2057552725245841       0.09968113494483296644 2207
503 8083.3361549066739826       0                      2212
504 8083.9876475146584198     318.60241952091678286    2216
505 8085.0943667977580844     634.0263398522810121     2220
506 8092.1149805461182041     258.77551741822554732    2225
507 8084.0698092257234748     536.12419800988629959    2229
508 8128.804693221184607      11190.50783666852476       2234
509 8087.8355438275702909       0                      2238
510 8083.5580230409741489       0                      2242
511 8083.7399552807801228       0                      2246
512 8093.7762561062008899     140.91990236184429364    2251
513 8082.1776340785127104     332.83032668825097744    2255
514 8081.9445026055864219       0                      2259
515 8081.9437726675423619       0                      2264
516 8082.7568843992385155       0                      2268
517 8082.7807430629463852       0                      2273
518 8083.9933429395086932       0                      2277
519 8081.9213485773270804       0                      2281
520 8081.934328917147468        0                      2285
521 8084.7019032662838072     313.78268829013416052    2290
522 8082.1596588948004865     332.82145692804937198    2294
523 8084.1960837057404206       0                      2298
524 8086.3302776179834837       1.3560717648563456184  2302
525 8087.1547581926870407     143.51261787569984563    2307
526 8086.2309416360812975       0                      2311
527 8081.9877840524723069       0                      2315
528 8083.6963043600035235       0                      2320
529 8081.922580372093762        0                      2324
530 8081.9281163645855486       0                      2328
531 8081.9209190420151572       0                      2333
532 8082.7550401520165906       0                      2337
533 8082.9405137071980789       0                      2341
534 8082.1580908333908155     333.65910565694917977    2345
535 8083.9997929008204665       0                      2349
536 8085.0405697518244779       0                      2354
537 8085.2422588379859008       0                      2358
538 8082.0191802667495722       0                      2362
539 8084.3131616294131163       0.01003276754290008226 2366
540 8085.2592499866732396       0                      2370
541 8082.1636453991786766     333.09223647733989537    2374
542 8081.9162446564741913       0                      2379
543 8081.9246942478057463       0                      2383
544 8082.7554296977359627       0                      2387
545 8081.9785962965170256       0                      2391
546 8087.9541821270140645       2.6733541928932598175  2395
547 8082.1660826803517921     332.25535806025959573    2400
548 8081.9155516068603902       0                      2404
549 8081.9224936411892486       0                      2408
550 8081.9223583818557017       0                      2412
551 8086.1359874214122101       0                      2416
552 8084.3966300129241063       0.0151453894737348764  2420
553 8082.1625053116522395     332.53839088270393631    2424
554 8081.9171255172268502       0                      2429
555 8082.9225881520123949       0                      2433
556 8084.6789579345841048       0                      2437
557 8084.8898635914356419       0                      2441
558 8082.0166213032134692       0                      2445
559 8083.9936809574573999       0                      2449
560 8082.1605025784774625     333.37565450306823323    2453
561 8082.8040023365610978       0                      2458
562 8084.0253594284204155       0                      2462
563 8086.6931835948917069       2.0135109473675130154  2466
564 8089.7348839759470138     158.87247107910872046    2470
565 8085.5316218007565112       0                      2474
566 8081.9186172812906079       0                      2479
567 8081.915516104035305        0                      2483
568 8081.9252775892764475       0                      2487
569 8081.9207166047135615       0                      2491
570 8081.9172324014280093       0                      2495
571 8085.7362928835227649       0                      2500
572 8081.9174166122047609       0                      2504
573 8081.9472534606557019       0                      2508
574 8082.7533523686151966       0                      2512
575 8083.9884955984316548       0                      2517
576 8082.1677156827408908     331.14881172054555236    2521
577 8082.1581563444033236     332.51700487527193673    2525
578 8082.9191081758044675       0                      2529
579 8085.0132989836574779       0                      2533
580 8088.3451717248271962     110.94954751527208714    2537
581 8086.6436114372036172     126.24279428975201256    2542
582 8086.7440736683165596       0                      2546
583 8081.9151187665493126       0                      2550
584 8081.9229484476300058       0                      2554
585 8086.4263708258313272       0                      2558
586 8084.8304459977598526       0                      2563
587 8084.2020587234092091     349.68114286422201076    2567
588 8082.1701599920934314     331.41936353008532024    2571
589 8081.9191705067687508       0                      2576
590 8082.9190409795255619       0                      2580
591 8083.9899556892496548       0                      2584
592 8084.3418602528172414       0.01014659391269784848 2588
593 8081.9163619098035269       0                      2592
594 8082.7535575608608269       0                      2596
595 8084.0272509663300298       0.00055715641349080827 2601
596 8083.6284483791932871       0                      2605
597 8086.3889039374298591       0                      2609
598 8081.9197270721861059       0                      2613
599 8086.2302310848990601       0                      2617
600 8081.9186758322175592       0                      2621
601 8081.9292845302197748       0                      2625
602 8081.9321344942090946       0                      2630
603 8082.1946329481679641     333.68851008066047825    2634
604 8082.9469770942569085       0                      2638
605 8083.9973884431510669       0                      2643
606 8089.0562344465379283     133.03618552494720007    2647
607 8085.8328408004908852     651.2669899973544716     2651
608 8096.4943893662220944     396.23102720638445362    2655
609 8081.9193024226551643       0                      2659
610 8081.9237544219986376       0                      2664
611 8083.4762055571991368       0                      2668
612 8083.5628498175283312       0                      2672
613 8081.9912796822918608       0                      2676
614 8081.99177415324084         0                      2680
615 8081.9155207554531444       0                      2684
616 8081.9428681556437368       0                      2688
617 8081.9236315486032254       0                      2692
618 8082.7552682246505356       0                      2697
619 8082.9199913934398865       0                      2701
620 8083.9840296201582532       0.00008355581947115503 2705
621 8083.8951518743779161       0                      2710
622 8083.3718337135724141       0                      2714
623 8083.2026803371209098       0                      2718
624 8082.1749025742374215     331.13674933076987372    2722
625 8081.9252025324840361       0                      2726
626 8081.9722428138538817       0                      2730
627 8082.0018877256161431       0                      2735
628 8082.4999120126203707     358.8917322724770429     2739
629 8082.1621840138459447     333.624759199968139      2743
630 8085.4499910716040176     401.53183086844683203    2747
631 8090.581413238359346       87.425027098118292201   2751
632 8081.9815468447695821       0                      2755
633 8081.9203839055498975       0                      2759
634 8086.4444839846164541       0                      2764
635 8081.9171294087445858       0                      2768
636 8081.9429209166828514       0                      2772
637 8081.9888256743861348       0                      2776
638 8084.565745002562835        0                      2780
639 8082.9223788947847424       0                      2785
640 8086.4508285475176308       1.7097629619441843118  2789
641 8089.0570496759073649     132.32695756910345608    2793
642 8088.3152882093845619     110.81799840984875516    2797
643 8084.1393585161149531       0                      2801
644 8084.8621538447750936       0                      2805
645 8084.1540347537884372       0.00239347762589354899 2809
646 8082.1603172042086953     332.26740620665401593    2814
647 8081.9164202459787703       0                      2818
648 8081.9162248666279993       0                      2822
649 8081.9193024226451598       0                      2827
650 8083.7924715350673068       0                      2831
651 8086.3538216548677156       1.6484590687930551489  2835
652 8088.3102320428342864     111.63388668983984076    2839
653 8082.1648761327587636     331.39796647914954519    2843
654 8083.4324980859419156     327.51268258404553535    2847
655 8088.31756993027102       110.14882465697995428    2851
656 8083.7972115254560777       0                      2856
657 8082.1686751920406095     330.29250216410923713    2860
658 8081.9194838771300056       0                      2864
659 8088.3138388602483246     111.14183705929168866    2868
660 8090.430687724136078       88.405749669160726967   2872
661 8084.2716605835748851     378.19818108931616507    2877
662 8082.1613274428182194     332.23394583497565691    2881
663 8083.8417495230241911     372.94944567011094705    2885
664 8081.9945348779774577       0                      2890
665 8083.9971784219869733       0                      2894
666 8088.3266822002269691     111.15436506187459997    2898
667 8082.1733538938633501     333.11368528478089956    2902
668 8084.1950919404134766     377.31429969062094187    2906
669 8091.3059113717190485     106.90490517566357198    2910
670 8086.6553775415577547     126.97357304104284026    2915
671 8081.9478315657252097       0                      2919
672 8083.8949682912543722       0                      2923
673 8081.9443438167600107       0                      2927
674 8082.9247527445622836       0                      2931
675 8088.341083783270733      111.4411895012863738     2935
676 8083.4318791422310824     325.93745783201933364    2939
677 8085.0166560943580407       0                      2945
678 8084.0138916662153861       0.00028797310551639609 2949
679 8083.7506988935256231       0                      2954
680 8082.7958251769123308       0                      2958
681 8081.9847604919104924       0                      2962
682 8083.9843793784175432       0                      2966
683 8085.1838323355596003       0                      2971
684 8085.1994687622336642       0                      2975
685 8084.0975617732910905     376.14969756232346754    2979
686 8090.6050936585270392      87.402317927813655274   2983
687 8088.5500799342144091       0                      2987
688 8083.6132355988465861       0                      2992
689 8082.0458709987524344       0                      2996
690 8083.5286891954219755       0                      3000
691 8082.1660247780446298     330.84516020889492438    3004
692 8081.9191948144507478       0                      3008
693 8082.9234475227231087       0                      3012
694 8084.1232440952089746     376.71019905611285594    3017
695 8091.3635969110591759     106.57909641534662626    3021
696 8083.9952070911103874       0                      3025
697 8083.9887964908002687       0                      3030
698 8083.5234222718645469       0                      3034
699 8083.3736000707003768     349.25385588161282158    3038
700 8086.6587458990470623     127.49939333811731501    3042
701 8083.9778798264223951     548.1610270499733133     3046
702 8089.3676457215951814     120.56835417110941933    3050
703 8092.1313908938655004     262.68449144364672065    3055
704 8093.0053079723411429     293.56523348929459871    3059
705 8083.980252568438118      552.60855529719447077    3063
706 8084.5727507001392951     402.26726490542836245    3067
707 8082.511933468150346      360.89283630027142635    3071
708 8081.9191705067632938       0                      3075
709 8085.065632618696327      620.26168708369800697    3080
710 8088.3387562002835693     110.61344823173014618    3084
711 8092.1677745117895029     263.69887195412172787    3088
712 8082.1612705532816108     331.6806402587827165     3092
713 8082.1698047463150942     333.3970770596634452     3097
714 8088.3229051073922165     111.321773216005667      3101
715 8085.5548295622556907     643.59840467651383733    3105
716 8094.8788202867472137     287.59750792401302988    3109
717 8089.0667256147680746     4473.7265804617991307     3113
718 8083.6311488945339079       0                      3117
719 8083.625659527152493        0                      3121
720 8083.684772948086902        0                      3126
721 8081.9480346852324146       0                      3130
722 8082.9540892527793403       0                      3134
723 8082.8298872039476919       0                      3138
724 8081.9193173883704731       0                      3143
725 8084.0168102825718961       0                      3147
726 8083.9080754365386383       0                      3151
727 8084.0616468577636624       0.00102851236931651821 3155
728 8082.0114335393800502       0                      3160
729 8083.6293325544347681       0                      3164
730 8090.6881872385210954      86.970855436239858705   3168
731 8084.8815822948945424     374.8332082980560358     3172
732 8083.9940729196523534       0                      3176
733 8083.5060337435352267       0                      3180
734 8082.7679477267638504       0                      3184
735 8081.9164449962099752       0                      3189
736 8083.6295900616260042       0                      3193
737 8090.5566287775036471      87.686603669648221171   3197
738 8085.0032122333323059     378.38188670940712655    3201
739 8082.4910330404227352     357.111414235870825      3206
740 8083.7028202436067659       0                      3210
741 8082.9496423698228682       0                      3214
742 8083.8392006009016768       0                      3218
743 8087.5646946161214146       2.5514081511770685395  3223
744 8082.166148232764499      331.70201113351868116    3227
745 8083.7555531835823786       0                      3231
746 8082.926184416119213        0                      3235
747 8082.920219934857414        0                      3239
748 8083.961401304050014        0                      3244
749 8084.0081850437572939       0.00053081788857115063 3248
750 8081.9233698682774047       0                      3252
751 8083.0004712808167824     322.97526544469241117    3256
752 8088.3190959501444013     110.65097358313781228    3261
753 8089.0521513972335015     132.86420656964125442    3265
754 8089.1503382155578947     118.11736519939685763    3269
755 8082.1937655521196575     331.74426693540056021    3274
756 8089.7727112391239643     138.838167611962092      3278
757 8084.1373789656527151     350.42486545519136598    3282
758 8085.4800397075432556     390.03579433273392851    3286
759 8088.7486323065459146     100.27612999604572508    3290
760 8082.1594189824818386     333.07080908923359175    3294
761 8085.2035960076973424       0                      3299
762 8081.9154192493651863       0                      3303
763 8088.3114969337775619     111.95921709217090267    3307
764 8082.1666969831730967     334.48448687743047003    3311
765 8094.6096209408115101     288.62486353620357704    3315
766 8085.8224499974439823     652.11943117362125122    3319
767 8083.9933251506845409       0                      3323
768 8082.7832617677686358       0                      3328
769 8081.9447176600388048       0                      3332
770 8081.9953417875658488       0                      3337
771 8085.2279375289426753       0                      3341
772 8092.1337129187822939     262.52300470637214858    3345
773 8083.9783152727914057     550.3822947269644601     3349
774 8088.5767773540828784     101.6059889884795524     3353
775 8084.7737774614788577     404.67339936994261507    3357
776 8088.221859872260211       78.412330751707600029   3362
777 8083.6916607485345594       0                      3366
778 8083.7747762044928095       0                      3370
779 8081.9228797850419141       0                      3374
780 8084.9339119948708685       0                      3379
781 8082.9225979244638438       0                      3383
782 8083.6300841888978539       0                      3387
783 8084.1055010185900755       0.0021648427664273653  3391
784 8081.984635802567027        0                      3396
785 8081.9863458419313247       0                      3400
786 8082.7814043760936329       0                      3404
787 8084.7668199991530855       0                      3408
788 8081.9822569468869915       0                      3413
789 8082.1723429173352997     334.79012136250503318    3417
790 8088.3101768115966479     110.96212734689930812    3421
791 8088.3200401864523883     112.13971983828901102    3425
792 8082.1628865455622872     332.7873980549691737     3429
793 8082.1723362665898094     332.55979830471932246    3433
794 8088.3282609024236081     110.83052262647838404    3438
795 8084.1455726872645755     376.73194114303140623    3442
796 8081.9206495070820893       0                      3446
797 8082.4938134282556348     358.27294725493362648    3450
798 8083.9901063933066325       0                      3454
799 8087.219441237330102      148.95032933432554501    3459
800 8082.0031794547603567       0                      3463
801 8082.0087549176987523       0                      3468
802 8082.7873546992086631       0                      3472
803 8082.8014668024416096       0                      3476
804 8085.0458648945732421       0                      3480
805 8082.017206981234267        0                      3484
806 8081.9233698682837712       0                      3488
807 8081.9210796729976209       0                      3493
808 8084.0320773879866465       0.00058749804569467601 3497
809 8081.9904444413541569       0                      3501
810 8083.9929198818872464       0                      3505
811 8084.7962218024167669       0                      3509
812 8082.0036956308795197       0                      3514
813 8083.9064525430840149       0                      3518
814 8081.9433451492432141       0                      3527
815 8081.9469002222749623       0                      3531
816 8081.9545596545276567       0                      3535
817 8086.5771385144480519     687.91997199144930164    3539
818 8095.668744107530074      359.81803676020336979    3543
819 8082.757334491147958        0                      3548
820 8082.7985908714181278       0                      3552
821 8084.8684940051070953       0                      3556
822 8085.0236461182739731       0                      3560
823 8082.7986017235534746       0                      3565
824 8086.674432436531788      126.75401608107836182    3569
825 8083.9591498011404838     323.49210067072436914    3573
826 8085.7714009993997024       0                      3577
827 8082.4954242079738833     358.87015193793848766    3581
828 8081.9964970094697492       0                      3586
829 8081.9932133078846164       0                      3590
830 8084.8847071413410958       0                      3594
831 8083.0007325325213969     322.15116088678820461    3598
832 8082.1628485197270493     333.92999809756719287    3603
833 8088.3223852268274641     112.46588875373876704    3607
834 8082.8542278250206436       0                      3611
835 8082.9204963539596065       0                      3615
836 8082.4924401733615014     358.00110906883207917    3620
837 8081.9192505609908039       0                      3624
838 8083.9180832738566096       0                      3628
839 8082.780377877965293        0                      3632
840 8082.9482133359324507       0                      3636
841 8083.6263736010196226       0                      3640
842 8088.5470058826385866     101.50873549559837272    3645
843 8084.8026304683453418     404.47574271576081628    3649
844 8082.4929041814511947     357.97956503492542879    3653
845 8082.7946942288772334       0                      3657
846 8081.9438584510317014       0                      3662
847 8082.1612705532761538     331.68064025877936274    3666
848 8082.7582631589375524       0                      3670
849 8095.7164322549197095     320.43582469775111576    3674
850 8086.7309957663273963     715.78466895451481378    3678
851 8082.1662878288416323     333.64622800430112193    3682
852 8088.3138943076673968     111.46633333930084575    3687
853 8088.3217551453035412     110.32796767586899023    3691
854 8085.0273102220271539     378.58551826642610649    3695
855 8090.5332951468781175      87.709375063719221544   3699
856 8082.9193661255876577       0                      3703
857 8083.9749285658599547     324.88632083725849498    3707
858 8086.6582525867524964     127.32004421558595197    3712
859 8087.2400211112253601       2.6139598036185098806  3716
860 8082.4927237968358895     357.68621299969635174    3720
861 8081.9201433881307821       0                      3724
862 8084.5795187546809757       0                      3729
863 8081.9438694486516397       0                      3733
864 8082.1720281186780994     333.95146206974601455    3737
865 8082.1901625482769305     332.58070078198488773    3741
866 8088.3225361445511226     111.64644903179197399    3745
867 8088.3236718480293348     111.97178318651222639    3749
868 8085.0696126117936728       0                      3754
869 8081.9871185375950517       0                      3758
870 8081.9951015863807697       0                      3762
871 8081.9997902212689951       0                      3766
872 8083.9895338561073004       0                      3770
873 8083.9978475939724376       0                      3775
874 8084.0009842928275248       0                      3779
875 8084.8197219579997181       0                      3783
876 8084.2078836312730346       0                      3787
877 8082.7539312078697549       0                      3792
878 8084.1217211186703935     376.19561927632491916    3796
879 8091.4442991026216987      93.16709228311971458    3800
880 8082.7558430909612071       0                      3805
881 8082.8053453164893654       0                      3809
882 8083.9926486939375536       0                      3813
883 8084.854596975844288        0                      3817
884 8095.78680669172536       358.64977919069974632    3821
885 8085.622622835695438      645.82529942371024845    3825
886 8081.9207105081932241       0                      3830
887 8083.5916641121448265       0                      3834
888 8082.7553443563374458       0                      3839
889 8089.7702314669750194     140.14184659399904831    3845
890 8082.1689135861006434     334.23523899048120711    3849
891 8090.4764228520925826      88.12003016875868866    3853
892 8084.2209261151010651     377.61535304860461792    3857
893 8082.4929449819328511     358.29446369836659869    3862
894 8088.3422985149645683     111.76627899307351299    3866
895 8084.8557687384673045     405.58910028246782531    3870
896 8089.1018804553004884     122.41824153009851273    3874
897 8084.0021683262339138       0                      3879
898 8082.78521707735581         0                      3883
899 8081.9907422604719613       0                      3887
900 8084.7988992853297532     587.21429759035265761    3891
901 8084.8576839513652885       0                      3895
902 8092.167855872774453      263.53657434058521858    3899
903 8083.9756112238474088     547.48827181239278161    3903
904 8093.0231584565171943     293.17852310601267618    3908
905 8095.6933660598297138     359.54068296037689834    3912
906 8086.5509391934683663     685.71175162170004569    3916
907 8084.8433438810425287       0                      3920
908 8083.5900405055708688       0                      3925
909 8083.658319975293125        0                      3929
910 8081.9887097762302801       0                      3933
911 8083.4358690029685022     327.65495151565176002    3937
912 8085.1880265672689347       0                      3941
913 8089.0597156272988286     131.97335757710820303    3945
914 8091.3541215405912226     106.59059907084441932    3949
915 8084.2056772808873575       0                      3954
916 8089.3042181147829979     108.31215500014961606    3958
917 8084.9025715073266838     405.65872740608159575    3962
918 8092.123565482851518      262.01021808770087773    3967
919 8083.9727637076211977     552.41655442873661741    3971
920 8085.4735043269538437     403.22266403771823207    3975
921 8083.9839121741306371     545.46361783741599538    3979
922 8082.0199838555035967       0                      3983
923 8084.0183672156708781       0                      3987
924 8086.645815696313548      126.09020824818806261    3991
925 8087.6571549312875504     3614.389871144371682      3996
926 8084.6334139898499416       0                      4000
927 8088.3179417354185716     110.9746363848359465     4004
928 8083.4356849114437864     326.07968148853296952    4008
929 8085.5244109795658005     405.13062887838276538    4012
930 8090.5096748205814947      87.971515697982695769   4016
931 8083.9860435933605913       0                      4021
932 8082.815050173243435        0                      4025
933 8081.9444769443598489       0                      4030
934 8083.8402086835731097       0                      4034
935 8086.3213788577968444       1.6957148680009188624  4038
936 8089.1777624533206108     118.42590340523869941    4042
937 8083.9896928036332611       0                      4046
938 8082.7685383352909412       0                      4050
939 8083.9374913507417659       0                      4055
940 8081.9206835495597261       0                      4059
941 8083.8938469464901573       0                      4063
942 8083.4316217009009051     322.65807411861038645    4067
943 8082.1757539620293755     334.50599230077909851    4071
944 8085.1427323846983199       0                      4075
945 8088.3066685867406704     111.45378998320082076    4080
946 8081.995671463853796        0                      4085
947 8083.4831359202489693       0                      4089
948 8082.8032492598604222       0                      4093
949 8084.8566964586552785       0                      4097
950 8085.9329602096704548       0.10564143160397093668 4101
951 8088.5988659424438083     101.32459837576830353    4105
952 8085.6318653390935651     392.07819586575340054    4109
953 8084.0224339707356194       0                      4113
954 8083.4587448068286903     324.41778144953150331    4118
955 8089.0847853927007236     132.65377355026828354    4122
956 8094.7607928727993567     288.31264463911224993    4126
957 8085.6744161834285478     647.00250586300603572    4130
958 8083.9841287306526283       0                      4134
959 8084.8731920881991755       0                      4138
960 8081.9274635255678731       0                      4143
961 8081.9448984766613648       0                      4148
962 8083.7736107652062856       0                      4152
963 8081.9506722852647727       0                      4156
964 8086.3677314225187729       1.5504077525926900361  4160
965 8082.7534164636772402       0                      4164
966 8083.7986260075285827       0                      4169
967 8084.1854144977905889       0.00482286379528218401 4173
968 8089.1544967543732128     117.61108264801966072    4177
969 8081.918787448207695        0                      4181
970 8089.0558893723364235     132.68123329172988178    4185
971 8087.6601711206958498     3614.8693904219903743     4189
972 8082.7539192050271595       0                      4194
973 8081.9444901388505968       0                      4198
974 8084.1728910582542085     377.29251483920029386    4202
975 8090.5200834928200493      87.96088009774948091    4206
976 8083.7705656724901928       0                      4215
977 8083.7896788432371977       0                      4219
978 8081.9442720986398854       0                      4224
979 8082.781601057028638        0                      4228
980 8083.5115290905559959       0                      4232
981 8082.9497577617958086       0                      4236
982 8083.6778541254006996       0                      4240
983 8083.4818665677066747       0                      4244
984 8084.0209942992632932       0                      4248
985 8086.4886870925301992       1.8815470363353423711  4252
986 8081.9429966318448351       0                      4257
987 8084.7209149396712746       0                      4261
988 8084.110911731519991        0.00222429018517031557 4265
989 8082.8288717146187992       0                      4269
990 8084.8802163107557135       0                      4278
991 8082.8636974761529927       0                      4282
992 8082.9263065260911389       0                      4286
993 8089.4339917838060501     107.50434223908496278    4291
994 8084.7476216522190953     404.11710215765918974    4295
995 8082.4910330404263732     357.11141423587446297    4299
996 8082.7809968831252263       0                      4303
997 8082.7979317021618044       0                      4307
998 8084.8020507287938017       0                      4312
999 8082.0119760957632025       0                      4316
1000 8084.0121552564014564       0                      4320
