1 11668.967018635827117      42220.523416553194693      5
2 11972.625250667426371      32495.744028327851993      10
3 11090.940017587665352      52766.348371553023753      15
4 11822.21411205464392       44066.342673875624314      19
5 11835.040018515666816      44529.472767659593956      24
6 11826.318291065170342      44196.545058670446451      29
7 11637.292747749173941      11175.939664741790693      33
8 11652.278947809019883      18424.866457254011038      38
9 11660.610310624932026      18845.73342775812489       43
10 11635.12812967982245       11348.977023906903923      48
11 11496.705335671185821      10246.286758911524885      52
12 11370.796076698028628      9329.8932063855099841     57
13 12103.637127747435443      6725.0111595684065833     62
14 11768.491772382736599      4457.5410936812204454     67
15 11474.770025415253258      8958.169345812382744      71
16 11481.630778343511338      8336.6392192969269672     76
17 11650.572644656616831      16941.705852538478211      81
18 11150.876619424590899      3170.272290443955626      86
19 9662.9027301577352773     2760.9230793750484736     91
20 8464.3604434605913411     12714.008911816057662      96
21 8402.7804617033871182     9927.9364959341310168     101
22 9554.5253844571234367     4473.9230379895716396     106
23 9405.169865927338833      2546.0810484604990052     111
24 8926.5598448689343059     1842.5467818874474233     116
25 11809.055384360035532      7734.2754912695227176     121
26 11792.472514856053749      4025.8673848930225176     126
27 10087.279518912368076      1138.4010614107512538     131
28 9685.7228346915817383     821.03238367463268332    136
29 9212.5035303452787048     2049.3050226780705998     141
30 9339.8562871947760868     2393.8385315173891286     146
31 8715.8426021702071012     3242.6152204311620153     151
32 8898.3633732379912544     5159.6260964902767228     156
33 8495.8444861509124166     19701.81017175728266       162
34 8920.0884280071350076     3003.4022980166132584     167
35 9027.7950691551886848     22826.380396918008046      172
36 9686.8530632709243946     1775.4404645390980022     178
37 9858.783931077008674      5138.7989379583104892     183
38 10603.015863633430854      896.58222316264061647    188
39 9689.94100992350468       2053.5950807065628396     194
40 10627.664384519264786      2274.4701663202204145     199
41 12299.568187962375305      664.79253028376172097    204
42 9726.844103465684384      33942.141108628835354      210
43 8430.2440403616838012     9228.9571870223971928     215
44 12647.481941093281421      1962.7056784641654303     221
45 8871.696988454721577      15289.167343868972239      226
46 8862.6693520183835062     13102.891308546724758      231
47 9562.453171259840019      620.92895866582011877    237
48 9734.546211411459808      1236.8566092275971187     242
49 10479.659948249274748      730.27055367022546761    248
50 8300.6754059977356519     3484.8438393468691174     253
51 12515.434645332008586      10546.35112911703618       259
52 8676.3852880261711107     955.10686922939123633    264
53 9947.9971964354135707     5109.2849458904947824     270
54 9485.929814105396872      682.32732213370127283    276
55 11755.037676847143302      631.43511798643351085    281
56 10727.994574562917478      491.99461686554042217    287
57 9733.9609917540783499     622.60976054272236979    292
58 11724.975889183095205      5431.2212230061441005     297
59 9098.9322349655103608     566.23798847159321213    303
60 9062.2841759774310049     1224.0351530395530517     308
61 10201.387851510346081      479.11306008902391795    313
62 10346.032567278398346      1236.2448409280139003     319
63 9650.531539143756163      632.32168413908391358    324
64 11711.979321534510746      780.9597296430406459     329
65 9734.2260086294736539     576.76715013857676695    335
66 10259.687166021460143      1457.0264294069063453     340
67 9819.8385554957440036     487.87909512638412934    345
68 9745.0404290993774339     1397.2475386932708261     351
69 10437.192582843936179      484.9511762857513304     356
70 9964.1293578434870142     531.78284351065508417    362
71 9853.3773581970781379     432.26871887724695398    367
72 9201.9176571718890045     1155.4881237877082185     372
73 8193.7828198357183282     172.11091601904306003    378
74 8643.1535275058959087     20082.901454953174834      383
75 8159.4809739349529991     555.12372003330256121    389
76 8137.4613271386324413      13.956004445292121474   394
77 8204.780672543158289      7887.4779895835072239     400
78 12010.029512111006625      13869.321026221512511      405
79 8096.648427310086845      3011.3359634863290921     411
80 12538.648174313335403      12162.532106333692354      416
81 8507.9635071653192426     216.05083968686412277    422
82 9194.1967039748669777     13581.113609465366608      427
83 8297.4414504627093265     606.92735203979623293    433
84 8167.0982660632089392       3.6438323886560968212  438
85 8189.1882687872885072     2039.0065381435867948     443
86 8304.5672576785018464     2833.6861199040604333     449
87 8645.3643053258274449     6830.7198280640150188     454
88 11265.229997437665588      1679.8613892969774497     460
89 8194.8482352132650703       0.49696529783096338173 465
90 8189.9386503048799568     12625.967604993295026      471
91 8575.5553383228361781     5367.1851053760492505     476
92 8163.8159181944511147     4006.3876802549198146     482
93 8134.6821794761999627     3732.9976497728944196     487
94 8171.0720789664910626       2.3879585298061591914  492
95 8564.6526462061192433      18.010819316425926928   498
96 8617.9562482479941536     484.85442757994752583    503
97 8820.9585657721327152     152.11668709809609368    509
98 8148.2308403550423463     984.07429766684379047    514
99 8274.7918925366084295     3175.3823324137524651     520
100 12243.570089581447974      10544.019832937157844      525
101 9382.763049530909484      5077.3304273490284686     531
102 8578.9094955983036925     17173.498642298996856      536
103 8170.6879818635343327     1856.2117415228792652     542
104 8619.1187947444559541     25207.335030932143127      547
105 8696.6859150847285491     8577.2148658024252654     553
106 8204.2383185751677956     12091.476125908015092      559
107 8204.8426541635381        2788.2820715455513891     564
108 8130.6651488865154533     1208.9687287637659665     570
109 8087.5838052780563885     453.2580360811480773     575
110 8693.2328066237241728     834.61760768052567983    580
111 8654.249129862182599      187.74342460097119556    586
112 8352.5294277081411565     1709.1678811260326256     592
113 12085.399911827886172      381.4761862195799722     597
114 8529.4658370164434018      87.98592955603069754    603
115 8134.9397879537546032      32.595157953654329219   608
116 8161.3187042308245509     2288.7866998082618011     613
117 8247.3734613867018197     15475.26581631193767       619
118 8258.2088407425653713     716.00148226239775795    624
119 8578.4123609784164728     1998.0355603092261845     630
120 8602.2659973857989826     3118.8247789786505564     635
121 9371.6984022468768671     756.49883706703997177    641
122 8088.8917543220013613     109.05619390869574659    647
123 8741.1944075122737559     359.27510104880963127    652
124 8232.6821293471875833      78.181379359538652807   658
125 8372.9266897119377973     6397.9206459864144563     663
126 8138.9501320979607044     125.86728670146848685    669
127 10524.964883090557123      1500.4918986182933622     674
128 8157.3515492505257498     2176.4674219682547118     680
129 8296.0716458070346562     3391.9786948183968889     685
130 8147.7797845781669821     3922.8606201325496841     690
131 8157.5945195352778683     8715.6902718206456484     696
132 8214.8068420219424297     233.82073106884502067    701
133 8308.1274217098307417     3148.6588854695742157     707
134 8349.4022046194331779     3156.3191336085033072     712
135 8516.1909763062376442     4492.938589005681024      718
136 8116.1951445452205007       0                      723
137 8899.0187471837798512     468.7403734281197103     729
138 8193.0324359472833748       0                      734
139 8110.1654400709476249     135.28987313680775628    740
140 8173.2416726833580469     531.93344010520922893    745
141 8176.6170761456796754     421.58435563463729068    750
142 8228.132664000715522      160.26192411849126529    756
143 8143.4631125440901087       0                      762
144 8156.291952766070608        3.0413193462671372913  767
145 8234.5382150643290515       6.4359770677958074714  773
146 8096.0098989352554781       0                      778
147 8097.4811026608585962       1.4544387412669181892  783
148 8087.0251277153402043       0                      789
149 8142.6877354921080041       0                      794
150 8091.5495306838174656     133.99691317046850259    800
151 8094.2595276852980533     157.64853828086941689    806
152 8435.3465098233973549      98.869534961283591201   811
153 8243.3415935320554127       4.3226176438762440313  816
154 8594.3378720547807461     134.86035711657265779    822
155 8100.9595274767507362       0                      827
156 8112.1581610071380055       0                      832
157 8221.3740505919249699      30.468532190998153908   838
158 8494.3447183364587545     1744.1936953480831107     843
159 8722.3119511547265574      60.818524143372535207   849
160 8133.4455185373144559      41.665342666837140939   854
161 8469.9825068679892865     1641.5964695484126423     859
162 8703.3499382202026027     2110.8321338321779876     865
163 11127.200424845796078      8643.5357940360918292     870
164 8469.4856888646900188      26.24494132501985888    876
165 8172.8849519289506134     3311.6458324428308515     881
166 8172.3220236907536673     3325.8806754666543384     887
167 8139.3310889661679539     3033.655051590682433      892
168 8138.173841832501239      3047.5580135809759668     898
169 8652.977639731252566      188.20300604038246206    903
170 8164.1251640893533477     218.83030511725928591    908
171 8476.9554929560836172      34.589650330974791359   914
172 8177.0854704007570035      24.807587458017916759   919
173 8207.1212720517578418     1172.9778424938297121     924
174 8090.6573609542701888       0                      930
175 8088.5091700075936387       0                      935
176 8185.4684719440274421       5.5481824560933787893  941
177 8092.5956382760323322     603.03785994182067043    946
178 8303.5135132976356545     9001.3206814541863423     952
179 8446.6772947566369112     2698.0715251407364121     957
180 8350.9812864145787898     657.14695845447170086    962
181 8089.2572563520589028       0                      968
182 8091.2851714231410369       0                      973
183 8095.7655127925390843       0                      979
184 8104.8512301532164201       0                      984
185 8673.6609832020294562      26.583941747784251675   990
186 8238.4124298270435247       4.8235414007295434047  996
187 8092.6130428052820207       0.49621988901416214102 1001
188 8107.7885515747339014     573.64548102905200722    1007
189 8090.4465423408755669       0                      1012
190 8084.1348569175061129       0                      1018
191 8108.2642073764736779     768.09577452320252178    1023
192 8107.6689668796643673     573.63973011493521881    1029
193 8086.8994737089733462       0                      1034
194 8194.1987941456172848       9.0542763096424359048  1040
195 8084.2326590236179982       0                      1045
196 8763.253365130709426      100.43604419910228387    1050
197 8241.1186384307784465       6.4939494671636248668  1056
198 8103.1257670400345887       0                      1062
199 8196.9933143152338744       0                      1067
200 8148.1791251310396547       8.4621743519424708069  1072
201 8090.4237980701800552       0                      1078
202 8121.488410802729959        0                      1083
203 8088.4342175090487217       0                      1088
204 8111.1746426413692461     197.13731592830353634    1094
205 8179.1470462644156214     237.0507543266819539     1099
206 8370.756360192594002      19093.736294770020322      1105
207 8743.8957906592568179     7216.7224221464002767     1110
208 8356.61493211967354       4709.8753359255642863     1115
209 8105.7739267566530543     777.19817816744523498    1120
210 8084.3679103655395011       0                      1126
211 8084.8193881682263964       0                      1131
212 8084.5832587612940188       0                      1137
213 8677.1832336864972604     248.43194812197680221    1142
214 8233.7766552632383537       1.9060906519666744874  1147
215 8093.644261940477918        0                      1153
216 8083.6426582777539807       0                      1158
217 8096.3114987453327558      67.013194030360210718   1164
218 8085.7514809899184911       0                      1169
219 8082.7070500218387679       0                      1175
220 8095.2859181607191204     385.14738828869150211    1181
221 8084.1519339379174198       0                      1186
222 8087.0483837430365384       0                      1192
223 8237.1453925041023467       3.2144152491537245631  1197
224 8090.1445735682182203       0                      1203
225 8115.9470418676137342       0                      1208
226 8137.0248798453203563     123.52190226143271445    1213
227 8088.3196477312048955       0.05085494443572812634 1219
228 8140.699580362587767      1156.4507358180724168     1224
229 8082.8317044218447336       0                      1230
230 8082.9361845367639035       0                      1235
231 8134.2150475480520981       0                      1240
232 8090.7964452909009196       0                      1246
233 8108.9600020940933973       0.01653196129429845146 1251
234 8116.1791593926773203       0                      1257
235 8084.7367446769485468       0                      1262
236 8144.7827079741837224       0.38176772807679099087 1267
237 8085.8160444378354441     413.056907001038212      1273
238 8090.8264018110603502      12.879492164256587827   1278
239 8122.8371932717627715     1984.0600388788320743     1283
240 8132.0803634620215234      34.590645451610136263   1289
241 8162.7396344796179619     270.92214770393371737    1294
242 8085.1053096419000212       0                      1300
243 8252.8629583420934068     5300.7946324908352835     1305
244 8097.1951547395192392       0                      1311
245 8085.5292270435384125       0                      1316
246 8087.2978883886025869     572.72905480150211588    1321
247 8731.1449259570108552     182.81257340275411138    1327
248 8272.5466210696595226      39.100470885648995534   1332
249 8083.6460809361942665       0                      1337
250 8109.8614593833262916       0                      1343
251 8117.7477402934518977       0                      1348
252 8123.5223384468399672       0.17255887954313420263 1354
253 8091.5607630837539546       0                      1359
254 8105.4473590427778618       0                      1365
255 8087.737992807475166        0.11885569372941841293 1370
256 8090.5697581837548569     153.39949120930046433    1375
257 8181.0157021344257373     14442.769459577662928      1381
258 8182.4572679894490648     1934.7068488773302306     1386
259 8082.0646507597475647       0                      1392
260 8122.6291846256599456      16.336578613535568394   1397
261 8085.2223420112759413       0                      1403
262 8088.3482057960636666       0                      1408
263 8091.9617641457425634       0                      1414
264 8520.3174931823559746      35.240273922217099312   1419
265 8217.2685588725107664       2.5135866988965727131  1424
266 8086.1001760542249031       0.09956615381125157038 1430
267 8082.8905837138308925       0                      1435
268 8091.0754463043022042       0                      1440
269 8087.778746987901286        0                      1446
270 8112.0083466621417756       0.49709247378904236614 1451
271 8088.5519922076700823       0                      1457
272 8084.030197150326785      571.326985000362356      1462
273 8092.1487213269465428       1.7877580811389455206  1467
274 8117.0155544320823537     1369.2218985061274452     1472
275 8175.3001866318627435     1185.8931512538965762     1478
276 8094.6616977607209265       0                      1483
277 8104.9855405395755952      31.189697190818989725   1489
278 8083.5356280836977021       0                      1494
279 8082.0013195902556618       0                      1499
280 8421.3770475591209106      25.380026044488598558   1505
281 8082.7850447349164824       0                      1510
282 8093.6685565435063836     256.27669513611800767    1515
283 8102.1519798238723524       0                      1521
284 8113.2296853268444465     726.0975647462470306     1526
285 8482.1873489238114416     352.51455110572481999    1531
286 8215.0687286321426654       2.0755289583120513086  1537
287 8086.7896983802329487       0                      1542
288 8087.2623992226053815       0                      1547
289 8089.8443514211357979       0                      1553
290 8090.7118019753224871       0                      1558
291 8113.998685052170913        0                      1563
292 8082.8140902264876786       0                      1568
293 8087.9196258261581534     156.71821006559457601    1574
294 8103.2766305011755321     961.93093573982696398    1579
295 8178.6644212954042814     245.76408359564214834    1585
296 8136.0721212483049385     5395.2412476706649613     1590
297 8304.6967393055456341       3.6514149878711177344  1595
298 8082.0415157145134799       0                      1601
299 8082.2478005121320166       0                      1606
300 8085.9357460283335968     323.92122889865214574    1612
301 8102.3614691697212038     3295.0198333676553375     1617
302 8633.8257811492512701       0.34397266302438517238 1622
303 8615.9670510667183407     1708.2042308851812322     1628
304 8605.1970977579039754      46.379792546064571468   1633
305 8221.1436167695337645      13.097320520872671068   1638
306 8083.8981736521545827       0                      1644
307 8090.0333784423592078     102.40236803250566311    1649
308 8094.9420041934927212       0.53790537688203132749 1654
309 8082.9526332821451433       0                      1660
310 8082.244312393520886        0                      1665
311 8082.4247447085044769       0                      1670
312 8087.2006469325797298       0                      1676
313 8086.7428504148110733     121.34988234429467013    1681
314 8140.666413109855057      442.67053320947240991    1686
315 8120.7229491369907919     5939.7152700597398507     1692
316 8082.1018223398050395       0                      1697
317 8103.5970971154056315     2158.1438000907696733     1703
318 8084.702555992105772        0                      1708
319 8089.782898670537179      152.56178070882816655    1714
320 8105.3517971100582145     1190.0379213162202632     1719
321 8085.1923543512921242     463.88257881910612923    1724
322 8082.7082472247029727       0                      1730
323 8082.0418851790782355       0                      1735
324 8082.7352869618807745       0                      1741
325 8107.0541903612529495      65.552672245950191154   1746
326 8082.8823874258023352       0                      1752
327 8084.288504837727487        0                      1757
328 8083.2459495180282829       0                      1762
329 8086.5326491736041135       0                      1768
330 8084.0826569208502406     530.50103811812823551    1773
331 8083.3336235526357996       0                      1780
332 8135.6801913128247179     4318.8264730936589331     1785
333 8090.2715877806922435     111.07229759318681772    1791
334 8084.4649651429290316       0                      1796
335 8083.6465839699785647       0                      1802
336 8085.9499091453044457     441.14175425845070322    1807
337 8082.5902662671687722       0                      1813
338 8081.9881850446836324       0                      1818
339 8082.7998687240951767       0                      1823
340 8088.7617209295249268     177.28173023207673964    1829
341 8085.3084743595645705       0                      1834
342 8091.3832147067423648       0                      1840
343 8091.5665391761413048       0                      1845
344 8106.6635370241774581     597.25701896006660263    1851
345 8086.5526153173968851       0.13195436561025017386 1856
346 8081.9834387953624173       0                      1862
347 8082.0351735443773578       0                      1867
348 8083.0354329911087916       0                      1873
349 8092.5717875717900824     484.71386833144305228    1878
350 8093.0435907412202141     493.456992310070234      1884
351 8107.0148213519587443     590.89921059734092523    1889
352 8086.4419440439633036       0.12149059146366623929 1895
353 8082.1210512923180431       0                      1900
354 8082.8150773314346225       0                      1906
355 8083.9031340466963229       0                      1912
356 8103.3030366149341717       0                      1917
357 8082.4040969122543174       0                      1923
358 8082.1450150426189794       0                      1928
359 8081.990537361945826        0                      1934
360 8082.6509657133619839       0                      1939
361 8083.9528823413720602     540.41086085705137521    1944
362 8112.630873480750779        0.09933438551068647648 1950
363 8085.1397332874612403       0                      1955
364 8091.8045975300947248     1189.6410757081710017     1961
365 8102.6958842818776247     944.62699982822414313    1967
366 8096.4786144926238194     1911.1272882054540787     1972
367 8103.0730811787088896     999.76751817661386212    1978
368 8086.5665428344036627     428.46145969417329979    1983
369 8082.5201836260785058       0                      1989
370 8081.9914952370963874       0                      1994
371 8082.0346583078708136       0                      1999
372 8082.2214665468754902       0                      2005
373 8106.4596740116448927       0.31775036542107626403 2010
374 8113.1732479627680732       0                      2015
375 8082.7930173503500555       0                      2020
376 8087.2788865076099682     147.05147260421952637    2026
377 8088.5746295527187613     103.23244003147377157    2031
378 8089.2814402464864543     116.52287518685139389    2036
379 8088.9205897311239823     907.66903501610772764    2042
380 8093.6959150087031958     5681.7069496558779065     2047
381 8084.9089231695243143       0                      2053
382 8084.9515016193099655       0                      2058
383 8088.1786202632556524     860.28538329757725478    2064
384 8081.9727181090129307       0                      2069
385 8095.629149853070885      449.25878534783186069    2074
386 8083.8884743487251399     353.89064067026947669    2080
387 8088.0962862051774209     870.08895881984301468    2085
388 8081.9875824649789138       0                      2091
389 8081.9523712628115391       0                      2097
390 8082.3607473286465392       0                      2102
391 8095.9576215380193389     157.87389778326982537    2108
392 8084.5764801256891587       0                      2113
393 8084.7256589067765162       0                      2118
394 8101.3894502907078277     270.17961664670048094    2124
395 8086.5794477578356236       0.15626039399695279553 2129
396 8081.9862602215835068       0                      2135
397 8082.8102101210606634       0                      2140
398 8081.9635997305140336       0                      2146
399 8082.2521359968995966       0                      2152
400 8082.2149964608242954     341.24357312898001737    2158
401 8084.1582687404288663       0                      2163
402 8083.033878695340718        0                      2169
403 8086.0480496439167837       0.02870733935109107821 2174
404 8108.0626071526812666     1117.7274810218370931     2180
405 8113.6368218505394907      98.681370947625254075   2185
406 8087.1759136411183135     139.77448989760964082    2191
407 8082.0176097956255035       0                      2197
408 8101.347494968288629      1330.1793118563159624     2202
409 8084.0581055780485258     523.02762982576746253    2208
410 8082.0026848671368498       0                      2213
411 8081.9890508669805058       0                      2219
412 8082.0539114495732065       0                      2224
413 8081.9632012405936621       0                      2230
414 8081.9964026275638389       0                      2236
415 8082.0361907130409236       0                      2241
416 8083.0898072776626577       0                      2247
417 8082.1788430632441305     334.84625659957924881    2252
418 8082.7835911322172251       0                      2257
419 8112.5319961685299859      66.086138718074309395   2263
420 8111.5755809578849949     1696.1520001224921543     2269
421 8084.1982388581245687       0                      2274
422 8083.7777252227642748       0                      2280
423 8083.6000010243915312       0                      2285
424 8082.34801568079547       324.29128979386399578    2291
425 8081.9936404691425196       0                      2296
426 8081.9461369574628407       0                      2302
427 8082.0729259069148611       0                      2307
428 8083.0600301328749993       0                      2313
429 8082.5783331570974042       0                      2318
430 8113.2783040677222743     2203.0677019951767761     2324
431 8082.3246451035356586     323.97102314433101355    2329
432 8081.9797473552453084       0                      2334
433 8081.9398535815525975       0                      2340
434 8082.1466709991746029       0                      2345
435 8082.1475379445255385       0                      2351
436 8082.1642839557862317       0                      2356
437 8101.5692910392936028       4.4626357111210372963  2362
438 8098.6797135970136878     116.56283243082496881    2367
439 8082.3633189196489184     322.57132106935137017    2373
440 8081.9641077984260846       0                      2378
441 8081.9862723153819388       0                      2383
442 8082.0070201986227403       0                      2389
443 8088.3369598462804788     111.1442278190812516     2394
444 8082.5189583586316076     360.94834549407141822    2400
445 8083.4318279767148852     325.61399161972684624    2405
446 8084.8565047888650952     321.11097724682923626    2410
447 8086.6737695920892293     126.89972545953585836    2416
448 8105.8796534956209143       0.47233008625608613462 2421
449 8113.8866804725366819       0                      2426
450 8096.8893043329726424     956.59804566519073887    2432
451 8084.2067589737189337       0                      2437
452 8081.9594358885742622       0                      2443
453 8083.6621993360940905       0                      2448
454 8081.9470528474994353       0                      2454
455 8081.9711591966142805       0                      2459
456 8082.9621922275337056       0                      2465
457 8084.0675545207377581       0                      2470
458 8082.0071679825414321       0                      2476
459 8088.3690526031714398     108.84385382089055838    2481
460 8108.1143359013185545       1.184315490301050211   2486
461 8109.7361796257573587       0                      2492
462 8081.9827815507969717       0                      2497
463 8082.8534296494945011       0                      2503
464 8082.3230729244869508     323.94579537793026702    2509
465 8081.9404218995996416       0                      2514
466 8082.7889492420772513       0                      2520
467 8082.7796525264930096       0                      2525
468 8082.1592470998193676     335.91731126617059999    2531
469 8082.1632132303111575     336.74665908846623097    2536
470 8084.0817281962108609       0                      2541
471 8083.9485606627858942     557.78541817299117156    2547
472 8113.0158630081959927      99.442547026384275455   2552
473 8109.8106218128477849     1138.8192891919427439     2558
474 8082.0144818195822154       0                      2563
475 8105.586197396877651        2.9057301817626712825  2570
476 8086.6612009622967889     124.86997966399876248    2575
477 8082.304802327546895      324.49632295993075104    2581
478 8081.980975160017806        0                      2586
479 8081.9431065185181069       0                      2591
480 8081.9482262851288397       0                      2597
481 8083.4371329996229179     329.97318059279666613    2602
482 8082.1761624449200099     337.89507231003796051    2608
483 8084.0532020373520936       0                      2613
484 8082.1585043055129063     336.16858707782034799    2618
485 8111.8190083568606497      85.367250601356587936   2624
486 8113.687060629197731      1694.2119878451712793     2630
487 8081.9903356212926155       0                      2636
488 8082.8151127002056455       0                      2641
489 8082.2195962634687021     327.21755636975370862    2647
490 8081.9961741907882242       0                      2652
491 8081.9772416367268306       0                      2658
492 8082.8150366035997649       0                      2663
493 8110.432229139233641        0                      2668
494 8081.933127937521931        0                      2674
495 8081.9228295991615596       0                      2679
496 8081.9807539707471733       0                      2684
497 8081.9685894171980181       0                      2690
498 8081.951925040983042        0                      2696
499 8103.5070954560578684       2.3282928392805088968  2701
500 8105.6090361952019521       2.9329379822353178753  2707
501 8082.2479073292251996     325.55558915466207281    2712
502 8081.9278445261988963       0                      2718
503 8081.9385717866825871       0                      2724
504 8081.9517552132083438       0                      2729
505 8082.7604477594468335       0                      2735
506 8082.4973076379901613     358.28358167298648596    2740
507 8082.1555054113050574     333.6708535366778392     2745
508 8082.926710844560148        0                      2751
509 8084.0134918853300405       0                      2757
510 8111.7817408801511192      73.572564940675945877   2762
511 8119.0849783285329977     2370.7602043837850943     2768
512 8097.9617405842736844     933.97497747208399232    2773
513 8083.7188016891832376       0                      2779
514 8105.0197913068568596       2.7522591056903404905  2784
515 8098.3626788324454537     992.74532831687974976    2790
516 8082.3026577315858958     323.06932484500163127    2795
517 8081.9233791941569507       0                      2801
518 8081.9241924405469035       0                      2806
519 8081.9269781129505645       0                      2812
520 8081.9814366636292107       0                      2817
521 8082.9326062786039984       0                      2823
522 8109.2004281139679733       0                      2828
523 8088.3359000286745868     110.79788735370041763    2834
524 8109.2916908548004358       0.02560155273915451501 2839
525 8083.6398095676358935       0                      2845
526 8083.650330512686196        0                      2850
527 8108.2284063758015691       0.00623145789586322402 2855
528 8106.1290922974330897       0                      2861
529 8082.8143707772296693       0                      2866
530 8107.2809938914315353       0.20694014580901787248 2873
531 8089.7900282667051215     140.11924205348935857    2878
532 8107.0937801545524053     1028.5663307807499223     2884
533 8082.1713014479364574     330.60614351081733275    2889
534 8081.9280489766124447       0                      2895
535 8081.9242446288826613       0                      2900
536 8081.9822003625095022       0                      2905
537 8082.8188532646327076       0                      2911
538 8082.9325422825668284       0                      2916
539 8081.9389216918270904       0                      2922
540 8081.9186172812887889       0                      2927
541 8081.9229484476518337       0                      2933
542 8081.94879158708045         0                      2939
543 8112.7630276677873553       0.76310194278940146617 2944
544 8082.2060366072382749     336.51259421195874211    2950
545 8119.4227683171975514     2398.8353094543213047     2956
546 8082.3473428815404986     321.41628095658859365    2961
547 8081.9822587453472806       0                      2967
548 8081.9400643621984273       0                      2972
549 8082.7568843992385155       0                      2978
550 8081.9326057780008341       0                      2983
551 8081.9184407918965007       0                      2989
552 8081.9573759367494858       0                      2994
553 8082.0059689088584491       0                      3000
554 8082.0189783090645506       0                      3005
555 8104.4274797373445836       1.4977247321696505189  3011
556 8082.3508043078418268     321.13906045040602066    3016
557 8081.9213485773243519       0                      3022
558 8081.9242566859675208       0                      3027
559 8081.9312250389975816       0                      3033
560 8081.9905077558069024       0                      3038
561 8105.2021166666536374       0.44950598391951712696 3043
562 8081.9691080652573874       0                      3049
563 8082.8115372499123623       0                      3054
564 8082.1603172041959624     332.26740620665748338    3060
565 8082.8177666210785901       0                      3065
566 8113.264903400536241        0                      3071
567 8083.9874592244723317       0                      3076
568 8081.9818848114282446       0                      3082
569 8081.9449406972589713       0                      3087
570 8109.4956024973844251       0                      3093
571 8082.354994848640672      320.86187418367018154    3098
572 8081.9674245490296016       0                      3103
573 8081.9246262224769453       0                      3109
574 8081.9485514623602285       0                      3115
575 8081.9472534606557019       0                      3120
576 8081.981546844780496        0                      3126
577 8081.9881849782868812       0                      3131
578 8082.920825085731849        0                      3137
579 8083.6302875278306601       0                      3142
580 8088.3201471701613627     111.62393578967753172    3148
581 8108.1528871079599412       0.00377540075876634049 3153
582 8106.6440248648577835       0                      3159
583 8081.9287562322633676       0                      3164
584 8106.1335186718424666       2.0069504305780792031  3170
585 8105.211681833714465        2.9537553101204174766  3176
586 8082.3599144983309088     320.58472224277232954    3181
587 8081.97597685702749         0                      3187
588 8081.988709776246651        0                      3192
589 8082.0438337250570839       0                      3198
590 8081.9183175800244499       0                      3203
591 8081.9543222479487667       0                      3209
592 8107.1635897167270741       0.00008802884128046976 3214
593 8123.1929011846241337     1474.576722022344029      3220
594 8081.9815268563688733       0                      3225
595 8081.9896212492867562       0                      3231
596 8103.3439797048677065       2.5025151325031513849  3236
597 8081.9628651756283944       0                      3242
598 8082.1011264777007455       0                      3247
599 8082.9278768992044206       0                      3253
600 8081.9189695995719376       0                      3258
601 8082.01057334691086         0                      3264
602 8083.0819968840878573       0                      3269
603 8087.0476874219257297       0.10480968587660925706 3275
604 8082.1635435811567731     334.24745058981210377    3281
605 8087.6630652577996443       2.65212938073217952    3286
606 8105.4313963927907025       0                      3291
607 8109.4259792213879336       0                      3297
608 8087.1702639770155656     141.39607607916735788    3303
609 8081.9574347047291667       0                      3308
610 8081.985518854109614        0                      3314
611 8103.3342970049206997       1.4568787739468798126  3319
612 8109.5447845455228162       0                      3325
613 8082.3860104627910914     319.76069680979009036    3330
614 8081.9776693036374127       0                      3336
615 8081.9407707146374378       0                      3341
616 8081.9825796201885169       0                      3347
617 8082.9212968194269706       0                      3352
618 8108.4698005249856578      87.499775879323209438   3357
619 8081.9369658289660947       0                      3363
620 8082.0019072677087024       0                      3368
621 8082.7829076532989347       0                      3374
622 8082.8027190034399609       0                      3380
623 8082.1665618184515552     333.12591100456739923    3385
624 8113.7180700523022097     2296.7060470681840343     3391
625 8083.9923976384852722       0                      3396
626 8101.8494071611548861       1.879635847594124165   3402
627 8083.4087515730734594     345.33080503489526336    3407
628 8081.9169433636197937       0                      3412
629 8081.9304166011106645       0                      3418
630 8081.9171294087282149       0                      3424
631 8082.0735547616231997       0                      3429
632 8102.6497507058729752       2.3406610810828971658  3435
633 8082.365767714312824      320.32860214819379507    3440
634 8081.9309061796539027       0                      3446
635 8081.9502273914267789       0                      3451
636 8081.9202332678123639       0                      3456
637 8081.9164202459933222       0                      3462
638 8081.9238722723730461       0                      3467
639 8081.9486331665511898       0                      3473
640 8103.1142910473936354       2.4275788072885586821  3479
641 8082.3466982953059414     320.87570990285274775    3484
642 8081.9208200243147076       0                      3490
643 8081.9617198187888789       0                      3495
644 8082.8827110395814088       0                      3501
645 8081.9606698297366165       0                      3506
646 8082.1758738120634007     333.66771823267225727    3511
647 8082.9333620360466739       0                      3517
648 8082.7545906771219961       0                      3522
649 8084.0670813289934813       0                      3527
650 8105.6779728371375313       0.27711156101579353939 3533
651 8111.8951476051779537      46.388283040859654704   3538
652 8088.9780877433131536     101.0380966659225237     3543
653 8081.9237125363724772       0                      3549
654 8110.4904600697609567       0                      3554
655 8115.7218398582544978      89.596280589647662396   3560
656 8082.7738959737916957     316.52390470567883085    3565
657 8082.0780686184980368       0                      3570
658 8081.9443276142110335       0                      3576
659 8082.921172680456948        0                      3581
660 8081.9233821202897161       0                      3587
661 8081.9199363346479004       0                      3592
662 8081.9363607777859215       0                      3597
663 8082.000139369974022        0                      3603
664 8082.1733538938487982     333.11368528477061091    3608
665 8082.7545559940936073       0                      3614
666 8112.6289069636250133     101.61587700112120558    3619
667 8107.2702617798613574     1456.7339352450806018     3625
668 8088.3343871620518257     112.10814509478421996    3630
669 8081.9177296459047284       0                      3636
670 8121.3047610103594707     4058.5323643686656396     3641
671 8082.1826452949726445     332.54700135668599614    3647
672 8081.9177064189634621       0                      3652
673 8081.9155207554440494       0                      3657
674 8081.9491955951252748       0                      3663
675 8081.9155516068585712       0                      3669
676 8081.9172030415002155       0                      3674
677 8106.6243580919326632       0                      3680
678 8107.709186102862077        0                      3685
679 8082.1776340785163484     332.83032668825450173    3691
680 8081.9444901388560538       0                      3696
681 8081.9945348779756387       0                      3702
682 8082.9190409795255619       0                      3707
683 8081.9361769377237579       0                      3713
684 8081.9168212658987613       0                      3718
685 8081.9191705067778457       0                      3724
686 8082.1660826803536111     332.25535806025959573    3729
687 8082.7549837590540847       0                      3734
688 8107.5434574443479505       0                      3740
689 8107.6676522068873965       0.00401809644127981876 3745
690 8084.0014042638549654       0                      3751
691 8105.3904253218197482     1012.4319546236778251     3757
692 8081.9948790970111077       0                      3762
693 8105.9110465683752409     1019.4531363844890848     3767
694 8082.1804506609332748     333.38400756577152606    3773
695 8081.9151187665547695       0                      3778
696 8081.9237850960562355       0                      3784
697 8081.9188363476514496       0                      3789
698 8081.919250560987166        0                      3795
699 8106.6524378458707361      75.060358911751620781   3800
700 8106.8868736082340547      74.661075679039768715   3806
701 8082.3537776459279485     320.59830188763828573    3811
702 8081.9875995434458673       0                      3817
703 8081.915516104042581        0                      3822
704 8081.9175675008345934       0                      3828
705 8081.9429209166737564       0                      3833
706 8081.9888256743861348       0                      3838
707 8082.7553443563392648       0                      3844
708 8088.3138388602446867     111.14183705929970358    3850
709 8093.0929409740219853     331.55340250032793392    3855
710 8109.702591865316208      112.83740098342461522    3861
711 8112.6801237116842458     2277.2289730660841087     3866
712 8083.6939291291955669       0                      3872
713 8103.1052530904826199       0.45036502600966343834 3877
714 8103.3370312279303107       0.48071193932398675885 3882
715 8082.18884386760692       329.46818534033451442    3888
716 8081.9253762152229683       0                      3893
717 8081.916361909799889        0                      3899
718 8081.9162248666152664       0                      3904
719 8082.9199913934489814       0                      3910
720 8085.9494232295528491       0.09481193734060139322 3915
721 8088.3410837832798279     111.44118950128037682    3920
722 8082.5212477423792734     358.33844485347782438    3926
723 8083.000732532506845      322.15116088679150153    3931
724 8107.5816450206866648       0.0020472627805604572  3936
725 8106.7553155931709625       0                      3942
726 8081.9438694486316308       0                      3947
727 8081.9720044135228818       0                      3952
728 8115.0086684406333006      73.205473946337491498   3958
729 8107.4162224200163109      99.619158369149261034   3963
730 8081.9206495070802703       0                      3969
731 8081.9164449962099752       0                      3974
732 8082.7586357894069806       0                      3980
733 8082.7579632074648543       0                      3985
734 8084.8525272052602304       0                      3991
735 8082.1636453991732196     333.09223647733637108    3996
736 8083.9899556892496548       0                      4002
737 8107.818791559150668        0                      4007
738 8107.9999880585855863       0                      4013
739 8081.9953417875649393       0                      4018
740 8081.9172638838745115       0                      4024
741 8082.803260043499904        0                      4030
742 8106.8546369299810976     100.60479710502289663    4035
743 8081.9191948144625712       0                      4041
744 8082.7533523686242916       0                      4046
745 8103.2954906892773579       0.48107334222648001631 4052
746 8114.1082149865833344      51.376354281507339294   4057
747 8081.9172324014280093       0                      4063
748 8083.9893926994936919       0                      4068
749 8106.8142063757895812      81.274958697049854095   4074
750 8107.3272856338589918      99.514382413051109211   4079
751 8082.1625053116340496     332.53839088269018021    4085
752 8082.4963628036402952     359.16389207633847036    4090
753 8087.2232701967386674     149.53483624055854762    4096
754 8082.4954242079611504     358.87015193794564993    4101
755 8082.7535575608590079       0                      4106
756 8089.0570496759255548     132.32695756909470219    4112
757 8108.4597494067047592      87.810255893341192746   4117
758 8113.7075727073597591     2290.4949170987792968     4122
759 8081.9438584510317014       0                      4128
760 8102.3070477055698575       0.38174073627443999568 4133
761 8103.4379932538085995       0.1145844789355356802  4138
762 8108.4481229895245633      87.978566968340984999   4145
763 8113.7745170797479659     2316.0251086191510694     4150
764 8082.161327442804577      332.23394583497912436    4156
765 8081.9823397076206675       0                      4161
766 8103.5061347113169177       0.49888506084759526304 4166
767 8082.9225881520069379       0                      4172
768 8082.7986017235316467       0                      4177
769 8092.1503323507367895     262.41527028579076841    4182
770 8084.7885663831366401     588.61883764455660639    4188
771 8108.6394950762605731      87.553182384674997252   4193
772 8113.5530790348502705     2304.9062458746129778     4198
773 8081.9722428138547912       0                      4205
774 8082.0087549176987523       0                      4210
775 8103.0097792713049785       0.46961309373808268752 4216
776 8103.8935162998886881       0.14670905352611129935 4221
777 8081.9428681556455558       0                      4227
778 8086.6468671088050542     126.61396049690326038    4232
779 8108.1031571858520692       0                      4237
780 8107.7114662985986797       0                      4243
781 8101.918382320433011        0.33077285035071996022 4249
782 8104.9839787332730339      77.532683467652489639   4254
783 8082.1869610410622045     330.01982941602648225    4259
784 8086.6553775415595737     126.97357304104075126    4265
785 8082.5040090381244227     359.76166651752583903    4271
786 8092.1412482571195142     263.29295427994634338    4277
787 8082.161327442808215      332.23394583497912436    4282
788 8083.9870840959056295     553.28398258563959189    4288
789 8089.0549378238811187     131.77750064150902176    4293
790 8104.9326929764001761       0                      4299
791 8113.2183046938516782      45.771342272098330284   4304
792 8089.1133891853251043     4503.0023861992367529     4310
793 8104.5031622919450456       0.63656384297276791262 4316
794 8081.991707836945352        0                      4321
795 8081.995671463851977        0                      4326
796 8082.0200590745753289       0                      4332
797 8082.0197573026316604       0                      4337
798 8113.0586458848028997     121.25150228029787058    4343
799 8106.9803935166955853     1453.2260419179360724     4348
800 8081.9167177763920336       0                      4354
801 8101.5983452779946674       0.3014695709888783326  4360
802 8081.9154192493615483       0                      4365
803 8081.9171255172159363       0                      4371
804 8083.6336443839136336       0                      4377
805 8106.1102445388769411      94.447984213683753296   4382
806 8121.6720476076525301     4040.1344559720973848     4387
807 8082.4952145646175268     358.57644185340143395    4393
808 8082.9234475227194707       0                      4404
809 8089.0618096432726816     133.06085569859706652    4414
810 8082.1675192900211186     332.80885166625824922    4424
811 8082.1689135861042814     334.23523899048461772    4430
812 8088.3066685867279375     111.45378998320082076    4435
813 8088.3190959501389443     110.650973583145813      4441
814 8107.1466800997650353       0.00000024915366847705 4447
815 8106.9013218667168985       0                      4453
816 8082.920219934857414        0                      4459
817 8081.9162446564741913       0                      4464
818 8082.7573344911506865       0                      4470
819 8081.9174166121774761       0                      4475
820 8081.9252025324731221       0                      4481
821 8083.6579306213652671       0                      4487
822 8082.9234475227140138       0                      4492
823 8103.5684729133226938       0.4897675239338512565  4498
824 8113.3945363007887863      64.269967523174543089   4503
825 8105.2101371002099768       0                      4509
826 8082.9225979244565679       0                      4514
827 8089.1521338390793971     117.09321033765371567    4520
828 8082.1720281186817374     333.9514620697598275     4525
829 8083.4288941946706473     323.71082445058038957    4531
830 8089.1629198795490083     118.13020130619263171    4536
831 8107.3737158597268717       0.00051649025071976622 4541
832 8107.5449285981594585       0                      4547
833 8082.1648761327551256     331.39796647915977701    4552
834 8082.9199087543902351       0                      4558
835 8082.9217348223573936       0                      4563
836 8102.5284563407449241       0.39933955738866916407 4569
837 8103.4115109596632465       0.1086772623655513359  4574
838 8081.9193173883631971       0                      4580
839 8081.9917741532426589       0                      4585
840 8081.9907422604737803       0                      4591
841 8083.9933251506818124       0                      4597
842 8083.9901063933175465       0                      4602
843 8106.4123919179010045      75.437699467248521046   4607
844 8120.7697388648957713     4023.3622714535922569     4613
845 8084.2207872193675939       0                      4618
846 8083.6251084381119654       0                      4624
847 8083.6300841888996729       0                      4629
848 8102.9611330048201125       0                      4635
849 8102.1388541253591029       0.347168086873657189   4640
850 8082.8047455051319048       0                      4646
851 8083.4791753612962566       0                      4651
852 8085.1902865283263964       0                      4656
853 8086.6436114371917938     126.24279428974985251    4662
854 8084.691453138475481      312.40941403621565087    4668
855 8106.9089346149085031       0                      4673
856 8108.2503780947836276       0                      4679
857 8081.9191705067632938       0                      4684
858 8081.9171287847921121       0                      4689
859 8101.8164530684671263       0.31714756456871490142 4695
860 8081.9469002222713243       0                      4700
861 8082.7813318836870167       0                      4706
862 8081.9448984766631838       0                      4711
863 8106.1882086891200743      75.671936250152626258   4716
864 8121.8059355841887736     4034.908755948214548      4722
865 8081.9822569468869915       0                      4727
866 8081.9842657931985741       0                      4733
867 8088.3112017078019562     110.638468336974924      4738
868 8088.3495145886718092     112.44063120482327633    4743
869 8083.4426602762550829     329.75234556195346158    4749
870 8109.0805855287781014      94.181823408074791359   4754
871 8113.0533851849959319     2278.9141770343612734     4760
872 8107.7716114314744118       0                      4765
873 8082.1660247780446298     330.84516020889492438    4771
874 8088.3064839327262234     111.12929748926396201    4777
875 8088.3451717248181012     110.94954751527410508    4782
876 8082.1936224607707118     330.88736440524036198    4787
877 8083.0222063466517284     321.62749585965963206    4793
878 8083.0026347404700573     321.32794285109616794    4798
879 8089.1544967543695748     117.61108264802173551    4803
880 8089.1590545292874594     116.58934061846784402    4809
881 8108.9014662503213913     106.88393037654697082    4815
882 8112.7394034174758417     2277.4166846520106446     4821
883 8081.9206835495597261       0                      4826
884 8102.6397286268465905       0                      4832
885 8107.5232616377461454       0                      4837
886 8088.3152882093881999     110.81799840983281058    4842
887 8082.1628485197234113     333.92999809755355045    4847
888 8088.3102320428397434     111.63388668984187291    4853
889 8103.3431826175792594       0.48162536734829375362 4858
890 8113.2044113668953287      46.122668243711764546   4863
891 8082.1612705532816108     331.6806402587827165     4869
892 8081.9201433881307821       0                      4875
893 8082.1901625482787495     332.58070078198488773    4881
894 8083.9935063049706514     323.83319529421925154    4886
895 8092.1567234891417684     261.99694520601235581    4891
896 8085.0486223858570156     611.77098151225561651    4897
897 8103.9982500047171925       0.13651413803472856046 4903
898 8113.4262583849349539      45.895153992158796541   4908
899 8088.3225361445356612     111.64644903179595303    4913
900 8081.918787448207695        0                      4919
901 8083.4324980859510106     327.51268258403575828    4924
902 8088.3225361445392991     111.64644903179993207    4930
903 8107.7877848356201866       0                      4936
904 8107.1351875451191518       0                      4941
905 8081.916453049349002        0                      4947
906 8082.0025387138339283       0                      4952
907 8083.3524296808327563     345.22280515663521783    4957
908 8087.1958410876241032     147.4702938874768563     4963
909 8106.4047492230638454      75.581668390966200377   4968
910 8120.7615192896673761     4019.2508052131570366     4973
911 8082.4929041814511947     357.97956503492542879    4979
912 8082.7803778779780259       0                      4984
913 8082.9482133359397267       0                      4990
914 8083.6263736010196226       0                      4996
915 8106.9799470002999442       0                      5001
916 8107.3149619801024528       0.00018122676109040027 5007
917 8082.1662878288343563     333.64622800431487804    5013
918 8088.3138943076837677     111.46633333930482479    5018
919 8104.1080511552154348       0                      5023
920 8113.2584188952496334      45.585062926807161432   5029
921 8082.1652295206831695     331.9509201403240013     5034
922 8081.9904444413514284       0                      5040
923 8082.0199838555035967       0                      5045
924 8084.8581728794097216       0                      5051
925 8102.7173838210965187       0.40513290898987153188 5056
926 8114.9394946657730543      71.763699017520906409   5062
927 8082.1660247780337158     330.84516020889827814    5067
928 8082.7950156911692829       0                      5073
929 8082.4929041814593802     357.9795650349219045     5078
930 8086.647902027395503      126.78079346880666378    5083
931 8083.9764655513545222     549.70872641422658944    5089
932 8092.1439949279920256     263.13167057562054651    5094
933 8084.7967910963925533     584.91978508567297013    5100
934 8104.0020877325368929       0.14263950594717908493 5105
935 8113.4310465274911621      46.447031512131793818   5111
936 8082.7558430909475646       0                      5116
937 8081.9929714388908906       0                      5122
938 8084.0209942992742072       0                      5127
939 8084.0181931527104098       0                      5133
940 8084.0049111026764876     548.40873844188899966    5138
941 8093.0008619676273156     293.73554022845627287    5143
942 8107.7796759364400714       0                      5149
943 8107.3740336256023511       0.00021069392334337883 5154
944 8082.0172069812233531       0                      5160
945 8083.9929471824525535       0                      5165
946 8107.4402809245548269     1460.2998490491363555     5171
947 8113.2767795456420572     108.2867040688112894     5177
948 8084.9725340727727598     417.08400592106505655    5183
949 8082.0106232160696891       0                      5188
950 8082.0405089230398517       0                      5194
951 8081.9877965038404          0                      5199
952 8082.0139405528952921       0                      5205
953 8082.0303987434454029       0                      5210
954 8084.0126732774842822       0                      5215
955 8084.0259351310451166       0                      5221
956 8083.9888614348701594       0                      5226
957 8084.0009842928184298       0                      5232
958 8106.0117281476423159      76.055495236186018815   5238
959 8121.8612742428149431     4073.6607885630664896     5243
960 8084.2056772808873575       0                      5248
961 8102.0477097223656529       0.34349941024742425277 5254
962 8112.7819298049562349     101.36774716729800616    5260
963 8107.0787744520566775     1452.8002256087706883     5265
964 8081.9443438167554632       0                      5271
965 8081.9433451492359382       0                      5276
966 8082.7582631589793891       0                      5282
967 8107.3121163692758273      80.6211355235724767     5287
968 8121.4494308727344105     4065.3607727678463561     5293
969 8082.166148232764499      331.70201113351868116    5298
970 8082.9191081758026485       0                      5304
971 8085.1908267250682911       0                      5309
972 8086.6453925882742624     125.03256010596717829    5315
973 8082.4908449041040512     356.53675292935469088    5320
974 8104.2265264849347659       0.14709038546384342605 5325
975 8113.620522700375659       64.652972737017194049   5331
976 8089.0652658458102451     4466.008347541481271      5336
977 8102.4827949414266186       0.37648737960313949369 5342
978 8082.8014668024270577       0                      5347
979 8082.4994063634321719     359.44597617525664646    5353
980 8086.6773863214966696     127.10024603294549195    5358
981 8103.1086882704285017       0.44030715586182123111 5363
982 8113.4222344188247007      45.346577899544385559   5369
983 8081.9851735521679075       0                      5374
984 8081.9847604919104924       0                      5379
985 8082.7539312078752118       0                      5384
986 8083.6249177550171225       0                      5389
987 8108.2344145758061131       0                      5394
988 8106.9208665227233723       0                      5399
989 8082.4910330404227352     357.111414235870825      5404
990 8081.9445026055864219       0                      5409
991 8081.9922543255252094       0                      5415
992 8082.8288717146260751       0                      5420
993 8083.9783152728005007     550.38229472695650202    5425
994 8086.6461067866484882     126.43516629327585576    5430
995 8089.7656468485993173     139.38849748091280389    5435
996 8084.6900651597943579     312.70362913150790973    5439
997 8092.1337129187841128     262.52300470636237151    5444
998 8108.0159556996995889       0                      5449
999 8081.9877965038213006       0                      5454
1000 8104.8821702806080793      77.744670970102362162   5459
