1 9961.4209952766177594     5352.5632667768459214     7
2 10337.43493750912603       3886.7325055929463815     11
3 9648.4192414902718156     8936.0978530176817003     16
4 10124.62944852635701       6078.771883736440941      21
5 10156.086058382950796      5576.1511510100463056     26
6 10137.14709599332673       5326.4736974284178359     30
7 9980.1333691257368628     17011.721629499399569      34
8 10347.731109359654511      8868.6294518935028464     39
9 9954.8930189071634231     3875.1117523393982083     43
10 9944.1100776263538137     2735.1872099731394883     48
11 9943.6513862888295989     3155.1379378635642752     52
12 10939.553936599068038      9687.6323858880314219     57
13 9950.157059392411611      6764.6384112027344599     61
14 10764.096898391897412      1020.087213334821854      66
15 10326.161898881342495      2732.4787275399462487     70
16 9944.5927930741127057     2771.0661134263191343     75
17 10345.055653833813267      8795.5941280200186156     80
18 9944.825703748721935      4209.6738517326266447     84
19 10159.822267761443072      590.37198235920004663    89
20 10124.538083765615738      442.7058559795394217     94
21 10093.117880857902492      483.88749649382344842    98
22 10110.031426313327756      499.02146417463006856    103
23 10727.977056271714901      586.72078297165796812    108
24 10290.338394262560541      1978.5645678035175479     113
25 10286.611230324750068      736.37667400534598983    117
26 10723.891238702271949      112.04161486442409057    122
27 11227.131626070879065      908.4602847280750666     127
28 10724.590437669627136      721.86506032484987827    132
29 11223.978836648948345      138.47249203621331048    136
30 10721.86653706756988       176.28612920575932321    142
31 10278.754336501140642      187.25744456028678542    146
32 10721.128316100293887       96.370919137711680946   151
33 11225.099953541288414      234.39559135344356378    156
34 10276.764910760479324      139.42080563192050136    160
35 10275.772370351605787       87.395645258480669781   165
36 9308.767315286451776      1952.9414500502318788     170
37 9724.1506183462788613     5842.8575455867567143     175
38 10899.108716553739214       39.037038046771925792   179
39 10720.103859707811353      124.89626766150435344    184
40 10913.621358238762696       15.044210805427756128   189
41 10913.936357367470919       36.894403133987708543   194
42 11443.403550453580465      224.96825334850291256    198
43 10278.545703684023465      447.92339945909122889    203
44 10887.639409048280868       48.634611769365236      208
45 10886.672681979738627       34.727943827375753472   212
46 11119.642507181206383       25.203080377972309378   217
47 10460.156495970839387       15.047996105053673688   222
48 10952.30024495955513       1755.0433642799625886     227
49 10914.427284003313616       44.546673122140568069   231
50 10943.268503531360693      3144.498495142435786      236
51 10539.726243637171137       33.255560873664251176   241
52 10757.469336385407587      969.83513358800280457    246
53 11366.163197155588932      948.24251791168171621    250
54 9939.5421706149500096       9.6887266511339955599  255
55 8450.3943184316431143     4021.0633977475654319     260
56 8438.1936026985804347     5085.0849339935921307     265
57 10704.880775668054412        0.00553660513360846804 269
58 10725.801506500114556       10.394067658022652978   274
59 10703.638359505786866        6.1481355645537334453  279
60 10734.938255407911129       21.415272695449203866   284
61 10910.635412154175356        0                      288
62 10363.342229984693404       20.440717389575809193   293
63 10704.355891810542744        2.1944966095684197427  298
64 11321.296647377259433      356.16392712091021622    303
65 10536.159914817379104        5.4913592154256383182  307
66 11030.892792198572351        0                      312
67 10458.926801370587782        0.56509824582722156805 317
68 10539.932274209661045       13.656418022586080951   321
69 10538.432973060944278        2.3177479413281116827  326
70 10716.593018620433213        0                      331
71 10261.266159940969374       10.025408355041806274   335
72 11850.884748207938173      942.10703724229676936    340
73 9938.9023175681340945      76.059774889581987622   345
74 10220.868321743484557      883.00588606137750958    350
75 13861.049244352388996      13953.572393595750327      354
76 8418.6049944370060985     160.66932753659264677    359
77 8420.6297885245585348     509.46562893189934584    364
78 8484.5116960507912154     14607.415792527030135      369
79 8411.1024556798620324       4.2137072050387436306  374
80 9743.2990277865701501     2245.0070813216348142     379
81 9913.2746709727744019     295.95252247087699971    384
82 10331.040534220175687      281.90401264557328886    389
83 11772.319130378229602      100.68783720861500797    393
84 10540.024729088634558      264.31804378280105539    398
85 11135.687851739419784      312.79019882216198312    403
86 10681.372887030525817      5387.9295395987965094     407
87 10690.160856646863976      7937.0435319429379888     412
88 11638.160353668594325      873.70684233736653823    417
89 10748.534012862828604      35578.068322199571412      422
90 9050.7250090860652563     6217.6308764143677763     426
91 8963.9878151452958264       7.7023134664248420478  431
92 9138.7083389252056804     1052.0216643064470645     436
93 9027.3759766017938091      92.235840328575889657   440
94 10104.433821787502893       35.450594594302984319   445
95 10349.021042773425506       14.142162805830894357   450
96 10703.860526092188593        0                      455
97 9028.7125913834279345     105.60801565970940885    460
98 9721.1966507184442889     6517.9576103196586701     464
99 9131.0955059621774126     339.62417337797643313    469
100 10246.462066139931267        7.761802882667391934   474
101 10673.68237369745475         8.1442590555450085077  479
102 10088.935441087041909      109.17426068925749405    483
103 10188.160707028353499       18.890415847507469493   488
104 10519.820546108889175        5.5430772877036540436  493
105 10522.198768994730926        6.8751559173325968999  498
106 11411.96528246375965         7.3552720866214462703  503
107 10554.54910622474199       213.56244980272478529    507
108 10704.715680906387206       26.432827511830915057   512
109 10708.579584732440708      511.50503948643483909    517
110 10913.359628689042438      445.38558521769800791    522
111 10256.733438633240439      164.66521666896545639    526
112 10283.731949964736486       52.385408080653100171   531
113 10724.741840526497981       18.409840163667020363   536
114 9626.6199310136198619     194.02153037331939345    541
115 10164.009771241073395       18.90948931493916163    546
116 10483.064831164239877        3.7032957018995524834  550
117 14764.295561252483822      11962.303603598236805      555
118 9276.1686268659559573       0                      560
119 10523.434737961841165        4.8287335564457860571  564
120 10539.277268500114587        0.99859310037310267116 569
121 10269.672551191995808       15.92771537770914847    574
122 10638.128633640406406        2.4690432430891244842  578
123 8296.7924631356527243     2339.1095713399663509     583
124 8563.783445356941229      2420.5623039098700247     588
125 8574.727031746368084      4092.4419944645915166     593
126 9057.5687670322076883      78.113177267635521162   597
127 9192.8782834739486134     207.15988798491034117    602
128 10111.150894478052578       25.791958775623523792   607
129 10532.686812831560019        6.2700371076085783528  611
130 9279.2570801866895636      76.336681022755882964   616
131 9423.7245035814448784       0                      621
132 9050.4017285817499214       0                      625
133 8901.8114632625693048       5.1606387384299123866  630
134 8328.5911348751196783      29.697522167801921      635
135 8540.1077873803697003      91.102614157224451219   640
136 8933.2285132034103299       4.012144810308016396   644
137 9084.0623985048423492      88.993496002340194195   649
138 10028.172799820162254        0.28154729991663518529 654
139 9746.6337450131468358       0                      658
140 9637.9491144015082682       0                      663
141 8870.3874690137017751       0                      668
142 8387.8171614311740996     297.69149475513501102    672
143 8606.5897954032207053      28.733355409392565605   677
144 9931.4439478272197448      59.939350049127057218   682
145 8660.1503998330081231     323.24693312877167273    686
146 8165.6755647063846482       0                      691
147 8805.4313121191808023     2347.2723072696712734     696
148 8126.3934452111479914     3534.0110789654254404     701
149 8134.2159649571885893     6729.2964220127305452     705
150 8188.2070529447464651     146.56706459578091994    710
151 8189.5310050333346226     161.33631958800950201    715
152 8364.2253793515101279       0.33261133105214174543 719
153 9822.7290379415226198      94.872926118470402912   724
154 8992.2803010807601822     235.76352759922082214    729
155 8244.346622642246075      6572.8386650618776912     734
156 8185.3744045082685261     3418.0774980072333165     738
157 8162.1776288401688362       0                      743
158 8109.9131817713132477       0                      748
159 8096.5512633880189242      13.976638149127824207   752
160 8094.0936653690987441     233.91387300149887096    757
161 8097.7346118024379393     170.76024943819587065    762
162 8087.590979227522439        0                      767
163 8672.3870938397940336     40588.171508673141943      771
164 8144.586407190614409        0                      776
165 8087.0210684756721093       0                      781
166 8682.9114588931315666     54155.352709262377175      786
167 8085.6801417938886516       0                      791
168 8190.2557863069841915     100.01674048627884872    795
169 8132.3117271744640675       0                      801
170 8462.8935503850261739      62.100904973669585729   806
171 8760.8987709119192004       2.8112490112778774076  810
172 10983.258370912286409      457.17291785383980596    815
173 8589.8237263051087211     9700.4900760061900655     820
174 8520.7913606672500464     2961.9863175192976996     825
175 8254.866099440418111      7983.0152665188661558     829
176 8402.3747558417908294     2454.2616679846469196     834
177 9238.2344587134939502     9967.5016787703916634     839
178 8325.3653700366121484     21339.732352900788101      843
179 8472.997895369600883      38100.333301410333661      848
180 9941.4019124172955344      37.5757638429155989     853
181 11945.794091236472013      16829.411627281948313      858
182 8512.8543512864707736     7911.6925787329446393     862
183 8132.2884679368453362       0                      868
184 8121.8379004897515188     185.99654930335790937    873
185 8204.1390684935540776     11207.451151815661433      877
186 8708.34546520173717       100.69534362223059532    882
187 8114.7692744511823548     137.4310580096079093     887
188 11105.254463598521397      286.98187031220436438    891
189 8127.2097149529890885     2172.2016257789109659     896
190 8139.2559644051725627     3864.6228319848300998     901
191 8176.9417042515115099     13878.821580554851607      906
192 8613.8413208021247556     4906.5113056279524244     910
193 9875.5688468520038441     181.56705246902239992    915
194 11988.554877154425412      4996.6150993129776907     920
195 8083.5221530707367492       0                      925
196 8165.7221341318781924       0                      930
197 8089.2213832076567996       1.0652214467094907047  935
198 8082.5879504362192165       0                      939
199 8618.5962709461455233     39084.800045861818944      944
200 8085.7673935358625386       0                      949
201 8084.3188354756857734       0                      954
202 8092.4245658228837783       0                      958
203 8400.9131711844565871     468.78684907562842454    963
204 8333.8030002620871528      52.139868932475280872   968
205 8247.3917151228943112     100.88898443709189223    973
206 8140.4512315855108682       0                      977
207 8396.2432363722091395      74.386654708990079143   982
208 8151.6347912008859566      20.40605390736282132    988
209 8550.2134545937024086     2024.8052676936008538     993
210 8775.929043041622208      4942.0108472028068718     998
211 8744.034007213469522      1721.5308093467353956     1002
212 8672.8546750403675105     452.25304456882236082    1007
213 8151.5456087819929962     1782.1129328778076797     1012
214 9843.2293732062589697     2745.0627140150700143     1016
215 12204.849706737713859       60.208764327100844582   1021
216 8105.6859833642029116       0                      1026
217 8083.3992096426418357       0                      1031
218 8090.3559184131336224     111.48473878330369757    1035
219 8091.2180036324416506     117.96997359282303819    1040
220 8198.9525382838601217     857.69434468140366334    1045
221 8544.2030338631539053      78.42960841100486391    1050
222 8241.3428904658721876       0.04061682216802740136 1054
223 8084.4948466029891279       0                      1059
224 8100.327212715749738        1.1774972138972856772  1064
225 8446.3543171895198611       0                      1068
226 8157.8449375163290824      13.084485541631392991   1073
227 8823.376294539661103      173.48638893064173772    1078
228 8103.4829756252884181     4749.8500798370578195     1082
229 9428.8980609544960316     20342.474163504452008      1087
230 12472.120964508721954      6983.3940469703347844     1092
231 8090.9212318271866025       0                      1097
232 8395.5426176037071855     3035.7865220221597156     1102
233 8339.6822032866784866      14.158773989077237943   1106
234 8341.272505528802867       78.152639275379158335   1111
235 8416.1806786082452163     4999.0248590220617189     1116
236 8084.384962101588826        0                      1120
237 8082.4705019449938845       0                      1125
238 8094.9955303662500228     365.43509077565300913    1130
239 8097.0198171023721443       0                      1135
240 8343.3073022649041377      85.986174343028778821   1140
241 8345.5273205926641822     583.82369089221185732    1144
242 8364.7852115087498532      25.55987343145019608    1149
243 8298.7868782392943103      67.287748104405267213   1154
244 8093.876230679499713        0                      1158
245 8288.3874675135666621      13.453205525253967068   1163
246 9883.4226794739515753     201.36904650759234414    1168
247 8188.2308354678034448       9.8281566741917600893  1172
248 8085.6482395136144987       0                      1177
249 8092.9847507592894544     103.17225236745717609    1182
250 8084.8418220235180343       0                      1187
251 8085.0598488250498121       0                      1192
252 8089.5288876567337866     4398.1052444578717768     1196
253 12027.938405947345018      3424.8622573959328292     1201
254 8090.7370039492498108     266.60287147641867023    1206
255 8086.9499567186903732       0                      1211
256 8194.3184130010995432     1625.2315916468292016     1216
257 9979.5461417195110698      60.729853900370414976   1220
258 10521.227752656544908        2.2903823261102345121  1225
259 8330.4998428598119062      42.814193042116301058   1230
260 8083.3074012983088323       0                      1235
261 8092.5302060733620237       0                      1240
262 8120.5575840797419005       0                      1244
263 8118.0909142159325711       0                      1249
264 11073.61950861969126        12.535093400291692944   1254
265 8092.0962701270282196      97.118332627164207338   1259
266 8090.6863682060493375       0                      1263
267 8090.1051628025379614       0                      1268
268 8119.8481139695441016     196.78685336741128253    1273
269 10551.763990484263559       67.243892382023091159   1278
270 8085.0801441499261273     348.09896487391569053    1282
271 8099.5788551563118745     549.26268699558409025    1287
272 8099.5788551563337023     549.26268699560307596    1292
273 10077.636530480212969       85.803343220660494239   1297
274 10079.438572376551747       86.205687318327889557   1302
275 8421.1016204917305004     202.26708148675018606    1306
276 8139.0773539148094642       0.09519847296782707469 1311
277 8083.6667044909372635       0                      1316
278 8093.0570670492543286       0                      1321
279 8094.7247003487254915       0                      1326
280 8087.7165454658825183       0                      1330
281 8085.9117483970112517       0                      1335
282 8096.6983983529398756     243.43209772210084907    1340
283 8083.1704180736114722     346.92685876416760493    1345
284 8106.8828515478053305     303.85187132663622833    1350
285 10484.497278667313367        1.0841192863253237277  1355
286 10941.86081661676144         1.4330740770328929123  1359
287 8084.7782937093243163       0                      1364
288 8087.4730192918968896       0                      1369
289 8088.4971896617216771       0                      1374
290 10815.692991779176737        0                      1379
291 8092.8748878873348076     428.29245820356834429    1384
292 8082.8152297244350848       0                      1388
293 8082.4494433135732834       0                      1393
294 8082.419629351524236        0                      1398
295 8082.6308753954072017       0                      1403
296 8082.1095894471454812       0                      1407
297 8086.1183959904847143       0                      1413
298 8088.735745512950416        0                      1417
299 8088.6672052121530214       0                      1422
300 10240.837836990878714       54.491142411023979264   1427
301 11255.780253979155532      300.32397455333557446    1432
302 8413.3968925592162122     427.40092903539493818    1436
303 8143.495063820489122        0.49446471902878108562 1441
304 8082.5725718124385821       0                      1446
305 8083.4569825468779527       0                      1450
306 8087.0913525965497684       0                      1455
307 8089.2979996534577367       0                      1460
308 8089.50536547556203         0.14319490856013883384 1464
309 8085.4042520417915512       0.00001512986366757203 1469
310 8147.8931896166286606     1110.9752136256856829     1474
311 8088.6437594238859674       0                      1479
312 8092.0511617671818385     145.32859128903021428    1483
313 8087.7835446880944801       0                      1488
314 8090.7378631416704593      14.587646656635262943   1493
315 8395.9648976834487257     436.9329723528576892     1498
316 8115.1084419831713603       0                      1502
317 8082.9547307438988355       0                      1507
318 8083.1637367997400361       0                      1512
319 8082.4225036838743108     332.64509739044871139    1516
320 8089.9191161667140477       0.13268773298024350016 1521
321 8085.5896387070579294       0                      1526
322 8091.3802719812392752       0                      1531
323 8088.918320991654582       66.002213823289793027   1535
324 8136.1934406393611425       0                      1540
325 8083.6010831173189217       0                      1545
326 8089.6135344469257689      80.641662259211244645   1550
327 8138.8103481901607665      12.245236699697834126   1554
328 8086.5608078771001601       0                      1559
329 8123.2817825105021257     1049.6202488988938057     1564
330 8081.918787448207695        0                      1569
331 8120.520174502205009        0                      1573
332 8082.6320918321189311       0                      1578
333 8083.4667805344879525       0                      1583
334 8398.8635190940422035     451.85606115211163569    1588
335 8129.5388116023723342       1.1373399742657623879  1592
336 8082.7573847332350852       0                      1597
337 8087.4085279332366554       0                      1602
338 8112.8136347549161655       0.28802446915165719199 1606
339 8113.9399103997729981       0                      1611
340 8081.9455101579496841       0                      1616
341 8082.1919686079709209     334.0064572218759622     1620
342 8082.9515428241120389       0                      1625
343 8089.1467019517976951       0.11593984429787852763 1630
344 8091.3102054545106512     316.41565030896941835    1634
345 8101.7904969412993523      97.521238091067615983   1639
346 8113.7204575303931051       0                      1644
347 8100.0185431901900301       0                      1649
348 8082.3078679980344532       0                      1654
349 8081.9994128051730513       0                      1658
350 8082.1251158711338576       0                      1663
351 8356.2890529171418166     526.09897889467799814    1668
352 8153.7203401197439234       1.7317581890355524532  1672
353 8082.4379404919318404       0                      1677
354 8082.7577028773866914       0                      1682
355 8084.0823551761368435       0                      1686
356 8084.2802023967178684       0                      1691
357 8081.9242238314745919       0                      1696
358 8084.6713717616739814       0                      1701
359 8084.0509189880303893       0                      1705
360 8082.1638351962192246     333.87860867795882314    1710
361 8085.0465100632318354       0                      1715
362 8088.3169318583959466       0.00000078535560015664 1719
363 8085.8418507192773177       0                      1724
364 8110.2539355288054139       0                      1729
365 8083.4510898983689913       0                      1734
366 8082.1815750680934798       0                      1738
367 8085.170512054939536        0                      1743
368 8091.2554485705613843     156.00454288120576507    1748
369 8359.4395853780533798     523.32991496606211967    1752
370 8153.9330478035772103       1.7693187478923440015  1757
371 8081.9177064189634621       0                      1762
372 8081.9728303080173646       0                      1766
373 8082.1908167026258525       0                      1771
374 8082.1713191403969176       0                      1776
375 8082.225781209305751        0                      1780
376 8082.3044071610320316       0                      1785
377 8359.8435398121400794     521.88544380036307757    1790
378 8153.6959081128734397       1.7079388692428665308  1794
379 8082.1494137358167791       0                      1799
380 8082.9285832477835356       0                      1804
381 8084.2199229814350474       0                      1809
382 8085.1828340572747038       0                      1813
383 8087.8103990088875435       0                      1818
384 8089.3231315212733534       0                      1823
385 8084.6596493765955529       0                      1828
386 8082.1665302197970959     334.51904890831860939    1833
387 8087.1513167720277124       0                      1837
388 8091.5689731944121377      80.014491617791563272   1842
389 8091.6843541114139953       0                      1847
390 8082.4120833605156804       0                      1852
391 8087.280343486793754      337.76302833865247521    1856
392 8082.773067865217854      354.74318264372476506    1861
393 8090.2686537691088233     485.70670734065868146    1866
394 8085.5454703159157361     309.2379400617853662     1871
395 8082.8634488413645158       0                      1875
396 8082.2175786322350177       0                      1880
397 8082.2444896198694551       0                      1885
398 8082.2730497903776268       0                      1889
399 8082.9465928564613932       0                      1894
400 8086.1675439703521988       0                      1899
401 8082.9168162657097128       0                      1904
402 8083.0733678362321371       0                      1909
403 8084.2257639202671271       0                      1913
404 8082.2272488033831905     335.44392825474494657    1918
405 8093.1549012823606972      81.975736455148918935   1923
406 8093.4177818575844867     285.34304689517347242    1928
407 8081.9207166047208375       0                      1932
408 8081.9186172812906079       0                      1937
409 8082.3001318900987826       0                      1942
410 8082.7191953942065084     334.11617415804306575    1946
411 8083.1778683577986158       0                      1951
412 8082.1772464171135653       0                      1956
413 8084.0031011924520499       0                      1960
414 8081.9329697091206981       0                      1965
415 8081.9457826606967501       0                      1970
416 8082.0390624576330083       0                      1975
417 8082.1647709864973876     333.40901691826485376    1979
418 8082.7763993310554724       0                      1984
419 8082.9310684006813972       0                      1989
420 8087.9363717909363913     370.46047413499604772    1994
421 8097.2090938519613701     269.63947022945637855    1998
422 8082.0989701690614311       0                      2003
423 8083.0803989585192539       0                      2008
424 8082.1761715292086592       0                      2013
425 8092.3904514239929995     347.27535718893801686    2018
426 8082.6946447963009632     333.56748485685295691    2023
427 8083.1778683577886113       0                      2027
428 8081.9167177763920336       0                      2032
429 8081.9227725220271168       0                      2037
430 8089.2709621497069747     112.9099831965748848     2042
431 8089.4928513403910983     117.93176577844229769    2046
432 8081.9708525262230978       0                      2051
433 8081.9741260648388561       0                      2056
434 8082.9615702998535198     335.49430531395955768    2060
435 8082.2366010001314862       0                      2065
436 8081.9226007462784764       0                      2070
437 8081.981661623061882        0                      2074
438 8081.9895551474801323       0                      2079
439 8081.9475359718317122       0                      2084
440 8082.7550401520165906       0                      2088
441 8084.0078896011436882       0                      2093
442 8083.4305428893849239     328.29170255036927983    2098
443 8088.3126407225818184     111.61141925193469149    2102
444 8094.4062626418926811     104.63493598948494423    2107
445 8088.5133843630128467     397.94376555043902499    2112
446 8084.0175693265800874     534.38653135730180566    2116
447 8084.8459864101969288     319.31856965758521483    2121
448 8086.0141355492287403       0.23043356684871188489 2126
449 8082.1598772320794524     335.33705194469672506    2131
450 8081.9183175800280878       0                      2135
451 8081.9174166122047609       0                      2140
452 8081.919250560978071        0                      2145
453 8081.9307655444699776       0                      2149
454 8082.0087549176987523       0                      2154
455 8082.9531764717530677       0                      2159
456 8081.9823397076206675       0                      2163
457 8082.1580908333908155     333.65910565694917977    2168
458 8089.4093501977131382     404.97404554802903931    2173
459 8092.5883264183712527     102.37389584313045532    2177
460 8082.0097003226783272       0                      2182
461 8082.158163488666105      334.49763755722869973    2187
462 8081.9207105081832196       0                      2192
463 8081.9445026055864219       0                      2197
464 8081.9815636987887046       0                      2201
465 8081.9905077558069024       0                      2206
466 8082.9217348223573936       0                      2211
467 8082.7561559052601297       0                      2216
468 8084.8771796773116876       0                      2220
469 8088.3227803968929948     110.80761250078899138    2225
470 8088.3547552306508805       0.00025537522582284698 2230
471 8089.1508755082468269       0                      2234
472 8081.9954283654906249       0                      2239
473 8083.6769984128604847       0                      2244
474 8085.9843855441304186       0.20522969263582915844 2249
475 8082.1596588948004865     332.82145692804937198    2254
476 8083.9997929008204665       0                      2258
477 8081.9922880056928989       0                      2263
478 8081.9172324014280093       0                      2268
479 8081.9172030414929395       0                      2273
480 8082.9214625718377647       0                      2277
481 8088.0978735382614104       0                      2282
482 8088.5420550879543953       0.00059877089213061633 2287
483 8081.9438584510317014       0                      2292
484 8081.9478315657252097       0                      2297
485 8087.4807052738169659       0                      2301
486 8082.1605025784774625     333.37565450306823323    2306
487 8081.9162446564741913       0                      2311
488 8081.9246942478057463       0                      2316
489 8081.9151187665493126       0                      2320
490 8081.9287149322035475       0                      2325
491 8081.9242446288553765       0                      2330
492 8081.9280113483073364       0                      2335
493 8092.075902469509856      427.28872928342843807    2340
494 8092.3145340706341813     428.26289786455168951    2344
495 8081.9155207554531444       0                      2349
496 8081.9188346712762723       0                      2354
497 8081.9206835495597261       0                      2358
498 8081.9429966318448351       0                      2363
499 8082.7535575608608269       0                      2368
500 8082.7992292989874841       0                      2373
501 8082.9316952429162484       0                      2377
502 8088.2997395401762333       0                      2382
503 8082.1636453991786766     333.09223647733989537    2387
504 8090.2925053866301823       0                      2391
505 8084.0014042638513274       0                      2396
506 8081.9162586047232253       0                      2401
507 8089.3695938970213319       0.02728423735032246486 2406
508 8092.7074485040548097     401.2232053687217217     2411
509 8082.1662878288416323     333.64622800430112193    2415
510 8081.9171255172268502       0                      2420
511 8081.9191705067687508       0                      2425
512 8082.9225881520123949       0                      2429
513 8081.9945348779774577       0                      2434
514 8086.6564834091832381     127.83285165061541022    2439
515 8082.535044470714638      360.65494209115519197    2444
516 8082.1628485197270493     333.92999809756719287    2448
517 8086.962662632282445      376.24858395230654651    2453
518 8097.2923976244201185     274.27718888304804068    2458
519 8085.5593623149661653       0                      2463
520 8087.4689056406550662       0                      2467
521 8082.7807430629463852       0                      2472
522 8081.9433451492441236       0                      2477
523 8081.915516104035305        0                      2481
524 8081.9163619098035269       0                      2486
525 8081.9171294087445858       0                      2491
526 8082.9199913934398865       0                      2496
527 8088.5403524670555271       0.00011050573283315087 2500
528 8089.3046813579312584       0                      2505
529 8082.017206981234267        0                      2510
530 8083.9899556892496548       0                      2515
531 8092.1337129187822939     262.52300470637214858    2519
532 8081.9201433881307821       0                      2524
533 8089.4105510514982598       0                      2529
534 8082.1704328653231642     334.20036462964458224    2534
535 8081.9155516068603902       0                      2538
536 8081.9162248666279993       0                      2543
537 8081.9929714388799766       0                      2548
538 8081.9907422604719613       0                      2553
539 8082.0240816926998377       0                      2557
540 8083.9971784219869733       0                      2562
541 8088.3138388602483246     111.14183705929168866    2567
542 8086.9306067955967592     374.48185508769546459    2571
543 8096.4002747721351625     212.88413922460219396    2576
544 8081.9429209166828514       0                      2581
545 8081.9888256743861348       0                      2586
546 8082.1893088869474013     332.2761903757075288     2591
547 8088.3104717646374411     111.30921465429506156    2595
548 8082.166148232764499      331.70201113351868116    2600
549 8088.3217551453035412     110.32796767586899023    2605
550 8089.0526966914330842     132.13092902287414176    2610
551 8097.1649915225552832     275.70064312926183447    2614
552 8087.9866101283478201     363.20096829681091322    2620
553 8087.64809660319861       3606.9564843632938391     2625
554 8083.6542829504296606       0                      2630
555 8088.1346119544659814       0                      2634
556 8084.7092674362156686     310.58522110481771961    2639
557 8082.5040090381353366     359.76166651751157133    2644
558 8086.6847635466065185     127.29320806063812199    2649
559 8092.1412482571267901     263.29295427996277112    2653
560 8082.5195546670502154     356.87333911322662061    2658
561 8083.9783152727914057     550.3822947269644601     2663
562 8093.4744010079884902     121.09525561684648665    2668
563 8089.2471787886524908     402.56060700301929955    2672
564 8088.7202881627808893     426.10555684779126295    2677
565 8082.8014668024416096       0                      2682
566 8082.7986017235534746       0                      2686
567 8085.9234034404225895       0.09892628586108746791 2691
568 8085.1908267250810241       0                      2696
569 8084.854596975844288        0                      2701
570 8090.4884556025617712       0                      2705
571 8081.9973591352600124       0                      2710
572 8090.0052753005402337       0                      2715
573 8081.9194838771300056       0                      2720
574 8082.9497577617958086       0                      2724
575 8086.3758060441668931       0                      2729
576 8093.8486380432823353      73.300589265537780648   2734
577 8083.9880840832183821       0                      2738
578 8087.2532223846046691     352.30225921186996629    2743
579 8081.925202532493131        0                      2748
580 8081.9858504820695089       0                      2753
581 8082.797748857687111        0                      2758
582 8082.8066464870689742       0                      2763
583 8083.9861339457593203       0                      2767
584 8083.9841287306526283       0                      2772
585 8084.8671632331079309       0                      2777
586 8096.1163867507584655     213.25424752463510458    2781
587 8088.079929207884561      365.2164685832054829     2786
588 8095.0557860178641931      68.155515718865117947   2791
589 8090.6392261889241126     406.18446467882250772    2796
590 8081.9186758322175592       0                      2801
591 8082.920219934857414        0                      2805
592 8082.9193661255876577       0                      2810
593 8086.388538382239858        0                      2815
594 8089.0635994487947755     131.79090548512292003    2820
595 8082.1660826803517921     332.25535806025959573    2825
596 8092.4143964369850437      67.141527093619941979   2829
597 8082.1677156827408908     331.14881172054555236    2834
598 8082.0048859648550206       0                      2839
599 8086.6350581014885393       0                      2844
600 8087.2481901801666027       0                      2849
601 8092.3889102211287536      66.13545703199287118    2853
602 8087.2276537725638264     352.1378690573106951     2858
603 8085.0479822350625909     609.42544901681674219    2863
604 8088.3102320428342864     111.63388668983984076    2868
605 8092.1371463848099665     261.59384236080580877    2872
606 8087.1861475173964209     376.61812667538140431    2877
607 8096.1302687713869091     212.66498103730162939    2882
608 8092.6125861853151946     5417.1854589062895684     2887
609 8087.5870541581198268       0                      2892
610 8088.4533931256355572     400.53173831140043148    2896
611 8083.0046695328046553     321.87232964244100231    2901
612 8089.1503382155578947     118.11736519939685763    2906
613 8088.3179417354185716     110.9746363848359465     2911
614 8089.1635768173055112     116.77364972040753344    2915
615 8087.188839502454357      377.15673586310197152    2920
616 8082.1749025742374215     331.13674933076987372    2925
617 8082.010747837695817        0                      2931
618 8081.9521142297026017       0                      2935
619 8086.1922115151119215       0                      2940
620 8088.2998248332360163       0.00007678807035257936 2945
621 8092.123565482851518      262.01021808770087773    2950
622 8082.4924401733615014     358.00110906883207917    2955
623 8083.9727637076211977     552.41655442873661741    2959
624 8086.6454968109428592     125.91176585546750744    2964
625 8090.2803080243111253       0                      2969
626 8087.9348895207995156     913.88088811517263821    2974
627 8081.9450932089612252       0                      2979
628 8086.1367087905819062       0                      2984
629 8082.8022053214581319       0                      2989
630 8083.9926486939375536       0                      2994
631 8085.1935468103811218       0                      2998
632 8085.1941693886001303       0                      3003
633 8088.3162935727877993       0                      3008
634 8086.674432436531788      126.75401608107836182    3013
635 8082.4954242079738833     358.87015193793848766    3018
636 8092.1455120259834075     263.03687633818594804    3023
637 8092.1592595925158093     262.76611555574095291    3027
638 8085.7639394200868992     646.14722079118087095    3032
639 8090.6113938907947158     402.90188193454980592    3037
640 8092.2725481520792528     101.66330640798359752    3042
641 8089.0604458047982916     4471.7871175109912656     3047
642 8081.9191705067632938       0                      3052
643 8081.9206835495560881       0                      3057
644 8083.0026347404700573     321.32794285109616794    3062
645 8083.6533639416065853       0                      3067
646 8089.0521513972335015     132.86420656964125442    3071
647 8083.024847826106452      322.47204610239640488    3076
648 8089.0901657187632736     132.11693130786218831    3081
649 8081.9193024226551643       0                      3086
650 8082.7687496611306415       0                      3091
651 8089.1504038045068228       0                      3095
652 8089.5635630731158017       0                      3100
653 8082.0083894133895228       0                      3105
654 8081.9447176600388048       0                      3110
655 8082.8012256287383934       0                      3114
656 8081.987796503825848        0                      3119
657 8082.8116347424847845       0                      3124
658 8083.9888614348865303       0                      3129
659 8084.8503264827877501       0                      3133
660 8084.0009842928275248       0                      3138
661 8096.1534694449919698     213.11882662756624995    3143
662 8087.1693539285452061     375.73387928218011211    3148
663 8089.6154174612065617     975.93344553879239811    3153
664 8088.0818082109990428       0                      3158
665 8082.0219674755126107       0                      3163
666 8088.1161741161131431       0                      3167
667 8082.926184416119213        0                      3172
668 8086.402265132813227        0                      3177
669 8082.9484504432602989       0                      3182
670 8081.9472534606557019       0                      3186
671 8082.8046270619061033       0                      3191
672 8084.0256304312815701       0                      3196
673 8081.9154192493651863       0                      3201
674 8086.2050409057092111       0                      3206
675 8084.0165625339195685       0                      3211
676 8082.5210466427379288     358.04502071481181247    3215
677 8087.8762056323339493     156.28883098960676534    3220
678 8088.580963503833118        0.00156493270536906893 3225
679 8089.2681065735105221       0                      3231
680 8081.9956714638619815       0                      3236
681 8087.148293271791772        0                      3241
682 8096.4361700619610929     212.96193094857008532    3246
683 8086.895471407657169      373.90102933648029193    3251
684 8081.9459477452182909       0                      3256
685 8086.1487651055404058       0                      3260
686 8083.9933251506845409       0                      3265
687 8083.983087608601636      322.14179457753584757    3270
688 8086.6428960883968102     125.89801050905950319    3275
689 8087.170878400717811      376.27206767413036914    3279
690 8082.4908449041131462     356.5367529293617963     3284
691 8081.9428681556437368       0                      3289
692 8082.0095269701487268       0                      3294
693 8086.578055885908725        0                      3299
694 8081.9432299018026242       0                      3304
695 8081.9441515629632704       0                      3309
696 8081.9887097762302801       0                      3313
697 8084.0162617830137606       0                      3318
698 8088.5041156065362884       0                      3323
699 8082.1628673016548419     331.98469205455342035    3328
700 8086.6484022566137355       0                      3333
701 8084.0183672156708781       0                      3337
702 8082.8024899778747567       0                      3342
703 8083.9884955984316548       0                      3347
704 8082.8281946579645592       0                      3352
705 8084.8525272052638684       0                      3356
706 8082.0199838555035967       0                      3361
707 8083.9929198818872464       0                      3366
708 8088.5249760459146273       0.00104628305318561548 3371
709 8089.3232778185320058       0                      3376
710 8081.9191948144716662       0                      3380
711 8082.8099402209372784       0                      3385
712 8086.150341703471895        0                      3390
713 8088.3225361445511226     111.64644903179197399    3395
714 8082.1720281186780994     333.95146206974601455    3400
715 8082.1901625482769305     332.58070078198488773    3404
716 8083.467807919574625      325.07425268212324454    3409
717 8089.1544967543732128     117.61108264801966072    3414
718 8089.1676180672202463     117.62388438705409044    3418
719 8087.2769100952864392     353.96480075244818408    3423
720 8102.8672510486667306     672.72771149015920855    3428
721 8086.3677222517044356       0                      3433
722 8082.757334491147958        0                      3438
723 8082.1613274428182194     332.23394583497565691    3443
724 8083.0093909940869707     322.9962376806608404     3448
725 8088.3112017078110512     110.63846833698090677    3452
726 8089.5241221936139482       0                      3457
727 8081.9164202459787703       0                      3462
728 8081.9193024226451598       0                      3467
729 8088.3734135715667435       0.00062498105023846783 3472
730 8089.4677539749463904       0                      3477
731 8082.173353893874264      333.11368528479124507    3482
732 8081.9448984766559079       0                      3487
733 8081.9450563938280538       0                      3492
734 8082.4929041814511947     357.97956503492900993    3496
735 8083.9756112238474088     547.48827181239278161    3501
736 8092.1322378396325803     261.75434305417019232    3506
737 8088.2717574702937782     365.53767619190534788    3511
738 8095.9386904542261618     213.80904457124503892    3515
739 8086.2187669633631231       0                      3520
740 8082.9247527445622836       0                      3525
741 8082.9206324697279342       0                      3530
742 8081.9443438167600107       0                      3535
743 8081.9206495070820893       0                      3539
744 8087.4020093006956813     377.18025728997162105    3544
745 8086.6587458990552477     127.49939333811947506    3549
746 8086.438316410916741        0                      3554
747 8086.9695754548693003       0                      3559
748 8088.3266822002269691     111.15436506187459997    3564
749 8088.306483932721676      111.12929748926396201    3568
750 8082.1594189824818386     333.07080908923359175    3573
751 8085.7444323674544648     658.31151844885062019    3578
752 8092.1321834495793155     262.9415282455780698     3582
753 8094.1208043891065245      73.484577859656582177   3587
754 8089.0994263898983263     4506.8627719174437516     3592
755 8081.9164449962099752       0                      3597
756 8081.9191948144507478       0                      3602
757 8081.9233698682837712       0                      3607
758 8081.9228797850419141       0                      3611
759 8096.1518723479384789     213.3319100118295637     3616
760 8082.1912850439639442     335.36669026831799556    3621
761 8081.9168212659114943       0                      3626
762 8081.9438694486516397       0                      3631
763 8087.4361309318055646       0                      3636
764 8092.3756243990874282      66.721978847350300157   3640
765 8082.1612705532761538     331.68064025877936274    3646
766 8081.9822569468869915       0                      3651
767 8081.9845543998353605       0                      3655
768 8081.9444901388505968       0                      3660
769 8082.7534164636772402       0                      3665
770 8082.7553443563374458       0                      3670
771 8084.1627832564863638     350.47817413635061712    3675
772 8088.2681783689231452     365.00771521747299175    3679
773 8096.8823322570096934     276.11958172159779679    3684
774 8082.9527314884117004       0                      3689
775 8088.341083783270733      111.4411895012863738     3694
776 8089.0570496759073649     132.32695756910345608    3699
777 8083.4318791422310824     325.93745783201933364    3704
778 8096.1920626306446138     212.98394116331149917    3709
779 8087.1330858140099735     375.15219738130269889    3714
780 8081.9491940979696665       0                      3719
781 8086.170120719825718        0                      3723
782 8083.4409291357014808     328.1717507744407385     3728
783 8092.6407512939904336      67.531095675612007767   3733
784 8081.9997902212680856       0                      3738
785 8083.3956035018991315     348.44037215427283627    3743
786 8085.9200267343703672       0.09253724645783623082 3747
787 8087.2042155855624515     149.95492158998635546    3752
788 8093.311905177585686       72.781621749291161905   3757
789 8083.9857632417615605     543.25239150427046297    3762
790 8082.1648761327587636     331.39796647914954519    3767
791 8082.8320344761750675       0                      3772
792 8082.78521707735581         0                      3776
793 8082.781601057028638        0                      3781
794 8082.9234475227231087       0                      3786
795 8083.6292198761166219       0                      3790
796 8087.3775761658798729       0                      3795
797 8092.4279795492211633      66.553218437204478164   3800
798 8081.9233698682774047       0                      3805
799 8082.9494417432724731       0                      3810
800 8081.9847604919104924       0                      3815
801 8082.5000498271510878     359.74007184602783127    3819
802 8083.9843793784175432       0                      3824
803 8086.6483658166189343     126.95975836857290631    3829
804 8083.9855062337128402     548.35230898868326221    3834
805 8089.5314224097319311     404.46186218716837857    3838
806 8092.4524730854791414     102.11793627407584495    3843
807 8082.7996196349522506       0                      3848
808 8085.1822425702966939       0                      3853
809 8089.5256742461369868     403.23262278075696941    3858
810 8093.1979542729404784     121.77797488010882887    3863
811 8086.3672096379568757       0                      3868
812 8093.0008619676309536     293.73554022846002454    3873
813 8084.7898622027050806     584.22445140277056908    3877
814 8086.6461067866357553     126.43516629327585576    3882
815 8092.4255736416671425      66.21644794779284382    3887
816 8081.9205344467809482       0                      3892
817 8082.0119076777637019       0                      3897
818 8092.6008938308759753      67.11040987419929138    3902
819 8092.1466777948817253     263.36277033311620244    3907
820 8081.9444769443598489       0                      3912
821 8082.7552682246505356       0                      3917
822 8082.8317892778850364       0                      3922
823 8084.8590974210492277       0                      3926
824 8096.3499977873034368     211.97660705372777556    3931
825 8086.9610364739364741     375.71044130861940857    3936
826 8081.9202332678105449       0                      3941
827 8086.1833852932959417       0                      3946
828 8087.2200075278115037       0                      3950
829 8084.0049111026946775     548.40873844189343345    3955
830 8092.4415290498700415      68.155328129091472533   3960
831 8084.2395807612174394       0                      3965
832 8086.2195139199384357       0                      3970
833 8083.9546859255506206     322.66646677642904706    3974
834 8096.1676495003221135     212.53003945882716152    3979
835 8088.621484054656321      339.79437812392910701    3984
836 8081.9904444413541569       0                      3989
837 8086.1262956672944711       0                      3994
838 8081.991707836941714        0                      3999
839 8083.9929471824361826       0                      4004
840 8086.6553775415577547     126.97357304104284026    4009
841 8089.285604491421509        0                      4014
842 8088.5635858036985155       0.00225045380739333049 4018
843 8088.3877584370338809     2839.6877055014210782     4023
844 8081.9900970140333811       0                      4029
845 8081.9207226971630007       0                      4033
846 8082.7533523686151966       0                      4038
847 8089.1853915453530135     117.41296384244434137    4043
848 8088.3138943076673968     111.46633333930084575    4048
849 8081.9198205575066822       0                      4053
850 8082.4910330404227352     357.111414235870825      4058
851 8081.9206495070911842       0                      4063
852 8089.5462293095160931       0                      4068
853 8088.2981590464032706       0                      4073
854 8082.1650741508246938     331.3765908188675553     4077
855 8081.9256943218169909       0                      4083
856 8081.9193173883704731       0                      4087
857 8082.7579632074566689       0                      4092
858 8082.9223788947847424       0                      4097
859 8088.3373495713813099       0.00056931656936981556 4102
860 8082.7582111163319496       0                      4107
861 8089.5042029414144054       0                      4112
862 8082.9191081758044675       0                      4117
863 8082.9260677926413337       0                      4122
864 8088.5025370916118845     402.48362946514396299    4127
865 8102.6946816228246462     619.28578017530060151    4132
866 8081.9877965038222101       0                      4137
867 8088.983108935070959      430.63453617417502528    4142
868 8102.0113228825539409     572.16951385442121136    4147
869 8089.0675360165905659     4472.3431256006069816     4152
870 8082.1648761327533066     331.39796647914954519    4157
871 8081.9460093823599891       0                      4162
872 8083.4288941946724663     323.71082445057464838    4166
873 8088.337385925052331      110.93704221120461284    4171
874 8082.1889081425933909     331.72289856819850229    4176
875 8085.0872610190481282     615.80758294673410091    4181
876 8089.0549378238902136     131.7775006415132566     4185
877 8089.0940182648282644     133.20527253054493144    4190
878 8083.9804491150234753       0                      4195
879 8082.780377877965293        0                      4200
880 8088.3508416910990491     111.94658062717508074    4205
881 8082.9981389120839594     321.30702205297751561    4209
882 8082.1974816354895665     333.43943852942089734    4214
883 8089.2672317583737822     402.91809298835988784    4219
884 8092.7072086561565811     101.33215905715984206    4223
885 8082.7587413767205362       0                      4229
886 8082.7580098941862161       0                      4233
887 8082.9225979244638438       0                      4238
888 8083.4324980859419156     327.51268258404553535    4243
889 8097.0731366646559763     274.81818979811060899    4247
890 8083.9888614348774354       0                      4252
891 8082.0121678552723097       0                      4258
892 8089.3054747410578784       0                      4263
893 8089.4132501539370423       0                      4267
894 8081.9434730164439316       0                      4272
895 8081.9442720986398854       0                      4277
896 8086.6773863215003075     127.100246032947652      4282
897 8083.3630314147440004     348.08602058961275816    4287
898 8091.1813595993062336     395.23254809789199271    4291
899 8092.4690708051548427     101.65056017327502502    4296
900 8082.9530488723257804       0                      4301
901 8082.1612705532816108     331.6806402587827165     4306
902 8084.216473674550798        0                      4311
903 8083.0137154835101683     323.54166759261443076    4315
904 8089.1878434007885517       0                      4321
905 8088.3229051073922165     111.321773216005667      4326
906 8089.0651423705303387     133.23279127704768143    4330
907 8084.1420103483842468     352.59454683339743042    4335
908 8082.1698047463150942     333.3970770596634452     4340
909 8089.7757430364945321     139.58993023877948758    4344
910 8088.322905107389488      111.32177321600364905    4349
911 8081.9210796729976209       0                      4354
912 8081.9235196297968287       0                      4359
913 8086.5917190102081804       0                      4364
914 8092.20771872943169        66.166411003711871786   4368
915 8086.6513684913543329     127.3062261060318292     4373
916 8082.0194025605769639       0                      4378
917 8081.9469002222749623       0                      4383
918 8083.9762586167571499     545.27280897915295554    4388
919 8092.62441734744516       5424.7935233195557885     4392
920 8082.7976697328631417       0                      4397
921 8088.2806175246259954       0                      4402
922 8089.2263224078315034       0                      4407
923 8082.7814043760936329       0                      4413
924 8082.4964167352145523     358.84859357047321282    4418
925 8083.9839121741160852     545.46361783738097984    4423
926 8087.4583589499798109     133.32083676523706117    4427
927 8090.3022229098360185       0                      4432
928 8093.0131472488765212     293.46594553679227602    4437
929 8081.919573888456398        0                      4442
930 8082.7582631589375524       0                      4447
931 8082.9204963539596065       0                      4452
932 8083.6294847057542938       0                      4456
933 8088.1551272434453494       0.00023625580779653853 4461
934 8088.4866091050462273       0                      4466
935 8081.9507148661941756       0                      4471
936 8082.7815163336154001       0                      4475
937 8082.9249325361197407       0                      4480
938 8082.1625053116522395     332.53839088270393631    4485
939 8084.0126164776966107     551.30528501178298484    4490
940 8088.1164353342010145       0                      4495
941 8088.5221694461724837       0.00000223786479193646 4500
942 8098.1145484124544964     653.30808362780726384    4504
943 8083.9645385221365359     324.03911778198647653    4509
944 8087.4618847387946516     133.68987723052197225    4515
945 8088.3190959501444013     110.65097358313781228    4519
946 8089.4948105880293951     404.41652324179113975    4524
947 8093.3344098069392203     108.00929145335267378    4528
948 8082.4908029422485924     356.24414186123385662    4533
949 8086.4111258526618258       0                      4538
950 8082.7989988746348899       0                      4543
951 8089.0597156272988286     131.97335757710820303    4548
952 8083.4358690029685022     327.65495151565176002    4553
953 8089.0058955200274795       0                      4557
954 8088.5046558407948396       0.00008782798380319205 4562
955 8089.7656468485938603     139.38849748091280389    4568
956 8083.4587448068286903     324.41778144953150331    4572
957 8082.9190409795255619       0                      4577
958 8084.7949804226918786     589.31605222785981368    4582
959 8092.132213279134703      262.77958440213819813    4587
960 8082.0239015843162633       0                      4592
961 8086.3890564689763778       0                      4596
962 8089.1629198795508273     118.13020130619263171    4601
963 8088.0626440303694835       0                      4606
964 8089.1875021142886908     117.08002757590195131    4610
965 8082.9949066478720852     321.58552794825146748    4615
966 8083.0007325325213969     322.15116088678820461    4619
967 8088.3339978698923005     111.10422249353700863    4625
968 8087.1947301525515286     149.56391457906929077    4630
969 8081.9510338911895815       0                      4635
970 8082.1652295206831695     331.9509201403240013     4639
971 8089.0591473985614357     131.59526306065785661    4644
972 8081.9932133078846164       0                      4649
973 8082.4999120126203707     358.8917322724770429     4653
974 8083.9945086721381813       0                      4658
975 8084.0013524558926292       0                      4662
976 8087.4685146142228405     133.34896710398189157    4667
977 8088.6433275387125832     340.018785338771238      4671
978 8087.6601711206958498     3614.8693904219903743     4676
979 8087.158532037005898        0                      4680
980 8083.6263736010196226       0                      4685
981 8086.1302061299484194       0                      4690
982 8082.7827561857202454       0                      4694
983 8095.9381562497637788     214.02261073291879256    4699
984 8082.0036956308795197       0                      4703
985 8081.9846017484624099       0                      4707
986 8081.9851735521679075       0                      4712
987 8082.0216019743111246       0                      4716
988 8082.7958251769123308       0                      4720
989 8085.1954579953617213       0                      4724
990 8085.2139057019194297       0                      4729
991 8089.51127278392687       404.10362893123152617    4733
992 8081.9291167664405293       0                      4737
993 8081.9175917182537887       0                      4741
994 8082.756175347174576        0                      4746
995 8082.9531982928410798       0                      4750
996 8083.6299137151854666       0                      4755
997 8083.6334346336898307       0                      4759
998 8092.2750180983284736     102.57594571492347768    4763
999 8089.7267198240142534     405.35760436734148016    4767
1000 8082.7545559941117972       0                      4771
