1 9140.0942947054045362     905.46378917555182397    5
2 9076.888805181157295       41.611004103764237527   9
3 9261.9328611310447741     259.24405205661605578    13
4 9143.4392839407719293      69.65462789175983005    17
5 9072.5882256700169819     1189.0660784308799975     21
6 9075.2295535053053754     178.07113593845221544    25
7 8961.9777721928694518     2451.7394533481678991     29
8 9376.4399394382544415     1210.2554930428789248     33
9 9067.5768870449428505     1174.7466241667004851     38
10 9207.7949207164419931      21.794894701107224932   42
11 9087.7173124738510523     5012.1499658377297237     46
12 8842.6512517113951617     2367.2454450964587522     50
13 9678.0216299906314816     130.59010398007563936    54
14 9224.7267690247026621     418.46959333217915855    58
15 9235.3992678047015943     2613.3178244102277858     62
16 9070.4353543623510632       1.1334856133891124674  66
17 9098.9362371308016009     2910.4305774636859496     71
18 9210.5216541261434031     317.63101753367976698    75
19 8753.936208049826746       34.93722928128880767    79
20 8626.651411051137984      1967.5844475592143681     84
21 8857.7158078373067838     2499.2067626869038577     88
22 9093.035791822567262      1348.51457936441534       92
23 9209.3884464261427638     277.46730464514848791    96
24 9102.4920482953875762     2516.2295518498790443     100
25 8937.0373886529378069     334.34226328758103364    105
26 9144.0422013726492878     706.83781240947757851    109
27 8847.4049831100765005      21.77816555100914897    113
28 9161.6693311215276481     29998.92075046876198       118
29 8941.1965484677712084     503.46907308116789181    122
30 9216.1156525261030765     1168.6943923226970128     127
31 9101.6710484062568867     11165.54496081027537       131
32 9278.6069963598529284     3639.1954709094038662     135
33 8763.7088048977311701     4851.1317212996536909     140
34 8762.9518841063327272     4861.6335257079999792     144
35 9138.396962373804854      751.41818721860965979    149
36 9010.2836741201335826      14.135659350410602286   153
37 8812.5696092411817517     1324.6971207744782077     157
38 9133.6761933514571865       0                      162
39 9038.1489425369163655     1754.4871146014779697     166
40 9139.9328169122090912     259.35427867248580469    170
41 9424.3975582667062554      24.768445032689069052   175
42 8705.8738589802615024     26025.841758661747008      179
43 8627.0894977829830168     42042.057436735158262      184
44 8799.7337988330782537     1396.9814080550509061     188
45 8801.4804621015755401     1303.0060496414939735     193
46 9068.91817156016441       891.20931204049031749    197
47 9209.7973677914724249     217.55528085504028013    202
48 8999.8043546326480282       6.5213760475625148771  206
49 9163.4667151416779234     2009.011457262764452      210
50 9073.5303926160668198     2724.9142059585497009     215
51 9074.7106658705288282     106.71235711085508058    219
52 9127.0192250131767651       6.0010371940456161965  224
53 9205.4754250114201568     1553.4194806306613827     228
54 9197.0025615440754336      47.286928472140218105   232
55 8960.0720549221659894      22.467708287600729022   237
56 9068.3742927394087019      10.013406717297073101   241
57 9179.4345518554873706      43.57235544274956851    245
58 9209.625466670608148       60.622588926133062159   250
59 9343.0733656091688317      10.989505838180239294   255
60 8799.9651951046507747     768.53265135939216179    260
61 8963.0313934808382328     1072.7080242891211128     264
62 9032.92371812170677       228.31461569473086115    268
63 9095.51441189747311       498.51471683711525884    273
64 9096.914459401728891        1.0171439063654297286  277
65 9074.1176703831952182      44.08488003732390581    282
66 8995.1103109172399854       2.9181328959682857338  286
67 9078.5826194200108148      48.145320920458416936   291
68 9067.5302812412101048      25.109287402043843684   295
69 9175.6710504680631857       8.5222672987871419537  299
70 9070.505667950192219      199.27383409289791416    304
71 9102.7975932834779087      73.564525814013308036   308
72 9096.6298131323437701      62.448833678201864927   313
73 9176.1906613365135854     188.64606499083879498    318
74 8945.2869124633962201     7034.5626809498844523     322
75 9184.469731480561677        0.67918194538242870895 326
76 8769.6995205929233634     475.25401296618002789    331
77 8776.1766282803309878     1212.7702807882430989     335
78 8876.2298254078214086     769.80446679592546388    340
79 8878.3111416553583695     1145.9843442993096687     344
80 9114.8900885456023389     676.85380830746134961    349
81 9080.6173174086434301       1.1064220116199188215  353
82 9081.6446774821615691       1.0859873833055306847  358
83 9060.4682264512357506       0                      362
84 8864.712459513637441        1.2897996747959670216  367
85 9532.3934394959142082      15.498534151566383699   371
86 8744.1972087062331411     276.99176080944079104    376
87 8632.4347563477676886     249.79977216725785638    380
88 8636.4442281556039234     520.03899555664736454    385
89 9095.650486402977549      1250.4780992550597603     389
90 9093.6416168322211888       0                      394
91 9570.2860953290892212     265.4197849452381206     398
92 8946.2063196303788573       0                      403
93 8781.5972802496635268      78.599636992034390914   407
94 8573.460469763551373      2350.2987759193692909     412
95 8572.1076021990156732     4592.7300963744773981     416
96 8566.7702819128753617     3929.3301113034790433     420
97 9116.616354990272157      1259.7945299620637343     425
98 9100.0975508239953342       1.212183495591848903   429
99 8729.8207878362245538     872.62884265208015222    434
100 8903.9868082816647075       0.00319987530897925584 438
101 8774.7191348271589959      80.911022802436562529   443
102 9096.7084221090190113       0                      447
103 8534.512648823319978       27.709826474670663288   452
104 8585.2924914169034309      34.666002857708555496   456
105 9125.0879419420161867      25.003340314555245527   461
106 9089.0426793665064906     1306.1493106434627407     465
107 9064.8879844698731176       0                      470
108 9030.7152870696263562       0                      474
109 9204.5633021963003557       0                      478
110 8720.4533116880411399     2231.8581593503677141     483
111 8830.6115211288233695       1.8653609893469338399  487
112 8901.9290399567198619       2.0199982085504881724  492
113 8702.8709009990016057     445.74383247240882611    496
114 8951.6264757288154215       0                      501
115 8987.5327675856242422      40.248786638938156557   505
116 8977.2585934914968675     205.50588468572232159    510
117 9166.7021318843217159     1148.9235198724168185     514
118 9024.8961759822414024       0                      518
119 8547.3679372538408643     2454.9390463936115339     523
120 8532.9405767059070058      37.981217675053613902   528
121 8619.106592047643062       37.43498809729542387    533
122 8595.150062452592465       48.035083400938162868   537
123 8959.6128703609465447     795.2733353956278961     541
124 8982.8491254143482365       0                      546
125 8887.8795983992749825       0                      550
126 8975.4881366708650603       0                      555
127 8625.5777417522695032       3.9965831788047045947  559
128 8623.9162071109385579       3.0728926340498237124  563
129 8632.3018663638940779      21.253905308143618669   568
130 8627.6350727072913287       6.4957147779869179871  572
131 9018.8374785182750202     407.57330873978838781    577
132 8983.5653546957655635       0                      581
133 8887.1679328549180354       0                      585
134 8895.4396844584516657      52.129763149990587578   590
135 8638.3811487270504585      12.88746777701613766    595
136 8642.8124772278642922      25.623127403223222132   599
137 8643.7335296313376602      21.928983568472158794   604
138 8978.6506524695851112     1060.194379479502004      608
139 8974.3582736742464476       0                      612
140 8885.1412314226490707       0.11685905344197260181 617
141 8891.0722925457484962       0                      621
142 8892.1160978062616778       0                      626
143 8885.1690877503770025       0                      630
144 9288.7010814918903634       1.1011910627365035786  635
145 8606.0312454209069983      15.86519659043431929    639
146 8601.4115153987095255      14.559766895893137217   644
147 8583.8576810561062302      10.898873351881324112   648
148 9001.9831133066945767     433.65801258808829743    652
149 8960.3261020488753275       0                      657
150 8752.0717734686186304       0                      661
151 8444.5150829737358436     1296.9147295231769021     666
152 8370.6820914019917836       1.6501760810213372821  670
153 8699.2973428707427956      15.184845625475876574   675
154 8701.1804329133792635      29.284061154629537072   679
155 9398.5550915845597046     2721.6270099705411667     684
156 8627.2277923021774768       3.2023113130071858556  688
157 8677.9623812933932641      92.382032371767976997   693
158 8814.7135211087334028       0                      697
159 9033.4987556333071552       0                      701
160 9075.1096016044084536     1437.9679874992559689     706
161 8522.989478334227897       10.972750497700088701   710
162 8754.7827069268059859      28.012267780348057755   715
163 8671.9508235326247814      18.407668137437969591   719
164 8866.6077688160949037       1.9952251498842459299  723
165 8744.2624999519121047      71.326679197480927996   728
166 8800.9021279864700773     739.44724865584851159    732
167 8554.5322219080935611      24.848653298351518259   737
168 8558.6486178736940929     1334.7692265348584897     741
169 8752.5399236973826191      18.584144820017016286   746
170 8443.7452438386571885     560.81703566571673036    750
171 9410.2705738703662064     1884.9552841421530047     755
172 8630.562586543172074        2.9186054986972695957  759
173 8872.1776963573320245       0                      764
174 8933.8597634944617312      61.809867279307844967   768
175 8776.7083387408765702       0                      772
176 8740.9966939225632814       0                      777
177 8751.0554228916425927     447.58525169586170023    781
178 8280.870157485249365        1.2545825617835439925  786
179 8278.5065764282753662       0.21591221446090888558 790
180 8476.9743520251631708      27.396985775659182138   795
181 8481.1296716458346054      29.225864061414704054   799
182 9588.3106493011673592     553.66234107611342097    803
183 8506.8353688085844624       9.8803626962767179265  808
184 8738.9955492990666244       0                      812
185 8279.4469076031018631       0                      817
186 8205.6670270621671079     21853.415166343711462      821
187 8097.887899375107736        0                      826
188 8367.8701104212377686     3064.6311901329336251     830
189 8580.6173045516115963      91.059132834428865522   835
190 8109.8425803310010451       0                      839
191 8146.0938491227243503     761.07419115747848082    844
192 8153.4681489243394026       0                      848
193 8092.4904050765635475       0                      852
194 8193.1062504788496881      28.832686493422855278   857
195 8083.0441768985110684     373.79191933304809936    861
196 8087.5916461294746114     285.76635602142749804    866
197 8095.5250863259861944     749.23747340879037893    870
198 8130.0825038568509626       0                      874
199 8084.5402857980043336       0                      879
200 8168.0802128179402644     365.67559850002294297    883
201 8082.3867656017937406       0                      888
202 8088.8501559305568662      95.341310623140458347   892
203 8087.7228776683787146       0                      897
204 8294.7009774779053259     1454.4483348569417558     901
205 8167.7484190877676156       0                      906
206 8853.4425879166701634     1500.7545388231064862     910
207 8182.3577660482205829     155.56094417024900167    915
208 8371.8812966080022306      45.578658080250924911   919
209 8192.0040549662408011       0                      923
210 8664.4213900365848531     109.36432188095909623    928
211 8083.8858824310918862       0                      932
212 8100.7495362501340423       0                      937
213 8217.0073496500590409      10.122718305914380821   941
214 8117.2313788665669563     1618.8749700847695294     945
215 8527.6511237404229178       0                      950
216 8998.5799194939136214     1305.0124463634099357     954
217 8220.3187550138500228     6652.604223745629497      958
218 9573.702069854720321      5449.201349591962753      963
219 8128.3760958441916955     989.46003065643867558    967
220 8082.3834414006923907       0                      972
221 8095.3341635605847841     427.07312062169154387    976
222 8110.9579245052182159       0                      981
223 8087.8171916095416236     156.23406211834603141    985
224 8090.1917855231367867       0                      990
225 8178.8084179645011318      43.3006246789654341     995
226 8250.2089910040212999      82.657554703674605889   999
227 8084.1917808861508092       0                      1003
228 8275.8144125676790281       0                      1008
229 8084.5357496349788562       0                      1012
230 8115.1100482206911693       0                      1017
231 8093.0140151430496189       2.6176230240756921397  1021
232 8103.4301681178849321     2203.5060538929074028     1025
233 8118.0599609205146407     166.10410817480800461    1030
234 9099.3191887815082737     1445.4684865294073006     1034
235 9169.6933695059833553     2845.6476650142335529     1039
236 8496.5364590008084633     111.46956511059967454    1043
237 8530.1769512637729349     334.04352530016785749    1048
238 8127.3624878294394875     119.53390593044362333    1052
239 8145.5292792620584805       0                      1057
240 8182.1722910199405305      51.461055406144609492   1061
241 8235.4836117290287802     106.10009043825958486    1066
242 8082.4526601774432493       0                      1070
243 8090.5701098539857412       0.29392594580433722973 1075
244 8115.6054312708220095       0                      1079
245 8090.3317899769735959       0.45173831616304244152 1084
246 8088.5619493784415681     105.36075972090955588    1088
247 8083.3961401867418317       0                      1093
248 8097.7610971122339834       2.7973061285559541744  1097
249 8104.6521679827292246     498.0655780244172206     1101
250 8662.7035038038484345      16.037802783845524601   1106
251 9200.1598284698775387     4792.9014076354242206     1110
252 8090.5701098539784653       0.29392594580433722973 1115
253 8553.1595901840664737      17.899520123531903693   1119
254 8096.7687631125882035     759.39394597886462179    1124
255 8100.9938552860403433     1403.6803819166887024     1128
256 8151.2521152119370527      52.50157106612095248    1133
257 8186.4608349232084947     145.64335311007579321    1137
258 8085.4117487183475532       0                      1141
259 8091.2601047305797692       0                      1146
260 8085.120524324976941        0.09751677988804227648 1150
261 8088.5670732347098237      84.261448106612078846   1155
262 8089.6293908217830904       0                      1159
263 8082.5713459504841012     346.60977158376635998    1164
264 8082.3202862794478278       0                      1168
265 8082.1672018559002026       0                      1173
266 8082.0353538220897462       0                      1177
267 8091.4295162518355937      30.271310274022482645   1182
268 8096.5090162642836731     426.32890299620140695    1186
269 8484.5800910482830659      60.940044990094797583   1191
270 8505.8960977823553549     109.8093747399854152     1195
271 8342.9995598787372728     124.83646342406188978    1200
272 8365.4524896750262997      34.245793228511729467   1204
273 8082.0597247484711261       0                      1209
274 8084.192567522475656        0                      1213
275 8094.1887408288748702       0                      1218
276 8112.057348015736352        0                      1222
277 8108.195485035843376        0.29984704172105147713 1226
278 8091.4061515314388089       0                      1231
279 8082.4668793980363262     319.52356279507120007    1236
280 8087.9531396941347339       2.6948218990333510092  1240
281 8866.1525709123307024     5433.9474781294820787     1245
282 8963.099835354325478      228.47211057283891478    1249
283 8110.4913061763409132       0                      1254
284 8084.585830561356488        0                      1258
285 8091.3922843670616203       0                      1263
286 8090.9541171340943038       0                      1268
287 8777.921748820137509      217.69726787660283662    1272
288 8776.8937591385438282     218.13337781713730124    1277
289 8084.7964485927814167     536.97766654731367453    1281
290 8082.1742349908408869       0                      1285
291 8082.5798794586016811       0                      1290
292 8082.3405492947749735       0                      1294
293 8084.8115057094209988       0                      1299
294 8888.7559097088505951     110.96496373324718832    1304
295 8083.6165624664135976       0                      1308
296 8089.0058733457008202       0.0112131540827832589  1313
297 8083.0402846741963003       0                      1317
298 8083.8710348813983728       0                      1322
299 8089.2598909156113223     113.41996568208169549    1326
300 8925.0416955987475376     1059.3383932316078244     1330
301 8087.85906652817539         0                      1335
302 8092.545519713471549      128.95892651350305869    1340
303 8086.3642877250313177       0                      1345
304 8834.1982826715702686      48.910485400014927393   1349
305 8839.1325181450720265      49.857003271004145972   1354
306 8082.3277631119299258     334.38102510561981262    1358
307 8082.0920789930141837       0                      1363
308 8082.3883940565856392       0                      1367
309 8082.5547205436823788       0                      1372
310 8082.9637366667548122       0                      1376
311 8082.744093819950649        0                      1381
312 8082.4457342998184686       0                      1385
313 8082.931684281962589        0                      1389
314 8083.3589848234178135       0                      1394
315 8083.0545508064269598     318.22428102410225392    1398
316 8898.0626778580044629       0                      1403
317 8913.150112950041148       19.644159688432861088   1407
318 8083.0155058916743656       0                      1412
319 8091.4046810338122668     138.36677276545390214    1416
320 8085.2106411889544688       0                      1421
321 8082.2571786927828725     338.5405559231756456     1425
322 8082.0691069220065401       0                      1430
323 8082.0475192763742598       0                      1434
324 8082.4402152630700584       0                      1439
325 8888.7447203712363262       0.01391439362073175479 1443
326 8082.0276806987603777       0                      1448
327 8082.2513169589255995       0                      1452
328 8085.2061600871793416     331.2579362726478962     1456
329 8084.7671613138063549       0                      1461
330 8980.0143440965930495     105.32608845858348445    1465
331 8981.3582565149372385     105.76422892879733695    1470
332 8082.2263561101690357     334.18038488982978151    1474
333 8082.0686867579352111       0                      1479
334 8082.0212908203438928       0                      1483
335 8082.1457741337399057       0                      1488
336 8819.7352060553366755     311.20301901073258932    1492
337 8085.2401453117554411     305.66979425932038339    1497
338 8085.0613130455103601     328.26295030824110199    1501
339 8082.2813031303339812     330.78639162806234708    1505
340 8082.0375848034727824       0                      1510
341 8082.0702609858681171       0                      1514
342 8082.2677751744031411       0                      1519
343 8082.4032685375204892       0                      1523
344 8083.0225269318843857       0                      1528
345 8082.8511096678867034       0                      1532
346 8895.1465008222694451     106.75563277928735317    1536
347 8082.0325352471736551       0                      1541
348 8082.0257315661310713       0                      1545
349 8082.2866146864434995     339.21461722805435102    1550
350 8920.377187542446336      1821.4602680978357512     1554
351 8088.6761387863334676     117.30860687439906087    1559
352 8081.9743778892034243       0                      1563
353 8082.3956616686073176       0                      1568
354 8081.9543685915477909       0                      1572
355 8083.8612979104163969       0                      1577
356 8082.0425735156013616       0                      1581
357 8082.0174736139306333       0                      1586
358 8922.6475413801817922     118.27814681269225616    1590
359 8923.9147846702599054     118.88848226047323919    1595
360 8172.3989937412889049     184.55581008613586391    1599
361 8104.8050207698815939       0.48946967970236926471 1603
362 8081.9600566969675128       0                      1608
363 8082.1246905473217339       0                      1612
364 8082.7957555979874087       0                      1617
365 8083.1314391965534014       0                      1621
366 8084.5966334676286351       0                      1625
367 8089.3160986911088912       0                      1630
368 8082.7325283255540853     356.20543669284921862    1634
369 8082.9628605578809584       0                      1639
370 8887.8697163281067333     1069.8769094858359949     1643
371 8924.7892570994063135     111.95294485682796903    1648
372 8089.1658732620635419     104.65782218261476544    1652
373 8865.9762818021681596      75.537598649596446876   1657
374 8867.1846945073684765      76.021349599446651268   1661
375 8085.5914638223293878     539.78664157987225281    1665
376 8089.1888986997082611     552.56538607639481597    1670
377 8082.9369105366622534     321.76283808338291692    1675
378 8082.1264081937906667       0                      1679
379 8904.3222905493494181       0.11604374235800272996 1684
380 8081.9611230551008703       0                      1688
381 8083.0574932348154107       0                      1692
382 8088.8778986221777814     102.90343804255999771    1697
383 8088.7262895344229037     120.53750148169554279    1701
384 8088.7596040392572831     122.81378632711734156    1706
385 8082.8013348267304536       0                      1710
386 8082.9800849487310188       0                      1714
387 8084.0070504870718651       0                      1719
388 8904.9963362732542009       0                      1723
389 8094.9056754415096293     5731.1456066209211713     1728
390 8089.7906841596886807     139.37189063470404449    1732
391 8089.0716530207864707     133.01836426235951194    1737
392 8895.7451058744300099     138.02992893789607365    1741
393 8082.6112564575369106     317.44552093939120141    1746
394 8082.0554547817637285       0                      1750
395 8082.0146299995685695       0                      1754
396 8081.9605044624267975       0                      1759
397 8081.9785795716807115       0                      1763
398 8082.0154192354611951       0                      1768
399 8084.0145169440329482       0                      1772
400 8912.2143981521021487      94.241059911955858297   1776
401 8083.7338456912411857     306.94051687074056645    1781
402 8082.6217193962111196     341.1015834286014865     1785
403 8903.329659032084237      1822.7631247721724321     1790
404 8082.1418530921673664       0                      1794
405 8082.1635107261754456       0                      1799
406 8082.7388529952231693     316.06071843939895416    1803
407 8082.0774546083102905       0                      1807
408 8081.9529989570555699       0                      1812
409 8081.9587555873558813       0                      1816
410 8081.9774505026571205       0                      1821
411 8081.9942192105272625       0                      1825
412 8082.6498729026907313     317.97596192391262093    1830
413 8082.0933722447107357       0                      1834
414 8081.9459740548900299       0                      1839
415 8082.0120137346739284       0                      1843
416 8879.870023558527464        0.36462320737643211244 1848
417 8082.0029699656288358       0                      1852
418 8082.0007844977380955       0                      1857
419 8899.1765818037729332     3302.5865585551778167     1861
420 8082.4929973067983155     320.17072700303538113    1865
421 8082.0895363635017929       0                      1870
422 8081.9637721469298413       0                      1874
423 8082.1534841688262532       0                      1879
424 8082.7874714014560595       0                      1883
425 8082.9513596737024272       0                      1887
426 8082.471013108977786      331.67297659143798683    1892
427 8082.2880305486060024     326.33264576581939309    1896
428 8084.012899269875561        0                      1901
429 8088.4841361503094959     109.71250526248329038    1905
430 8901.9776273175102688      66.472953534290709854   1910
431 8915.7240115735421568     3280.5781158748627604     1914
432 8101.6529153572537325     1133.1241009903724262     1919
433 8084.4183652400342908       0                      1924
434 8902.1553433762674103      48.665667043316751972   1928
435 8900.0670972258176334     194.32162741619993085    1932
436 8082.5901780429458086     318.2314015326074923     1937
437 8082.0932028810229895       0                      1941
438 8081.9330270426453353       0                      1946
439 8081.9302842774823148       0                      1950
440 8082.2464411704513623       0                      1955
441 8081.9852607386046657       0                      1959
442 8081.9844079052536472       0                      1964
443 8893.2918187909181142       2.3206528141395654785  1969
444 8082.5099940564550707     318.78734047412626751    1973
445 8082.0717423398118626       0                      1978
446 8081.9229509485430754       0                      1982
447 8081.9343304673193416       0                      1987
448 8081.9467829210170748       0                      1991
449 8082.3316477282342021       0                      1996
450 8869.8111532941147743       0.66814072369507682136 2000
451 8082.577164066394289      317.42457448237024664    2005
452 8082.0713077799609891       0                      2009
453 8081.9205634331701731       0                      2014
454 8081.9232702278795841       0                      2018
455 8081.9811845244948927       0                      2023
456 8931.7868789005460712     602.411012955090996      2027
457 8940.4166111859940429     1256.9098918860192953     2032
458 8082.6055303532375547     316.87858012812682773    2037
459 8081.9281163645964625       0                      2041
460 8082.014115909380962        0                      2046
461 8081.949444501616199        0                      2050
462 8081.9666624007904829       0                      2055
463 8083.6490195598671562       0                      2059
464 8083.9969561616244391       0                      2064
465 8894.1286286212580308      87.327615167654499828   2068
466 8082.1883166864954546     332.20627778371226668    2073
467 8083.0946921839222341     327.88905091192589225    2077
468 8918.9087447192196123     1713.8448151167174274     2082
469 8101.4529036344883934     1214.4503280194196577     2087
470 8081.9451619749288511       0                      2091
471 8945.2249312400035706     231.91485259142274344    2096
472 8946.4688421112659853     232.76491035717313594    2100
473 8082.6173805055323101     317.15628303870926175    2105
474 8082.0553165046358117       0                      2109
475 8081.9214506986818378       0                      2114
476 8081.9216444181874976       0                      2118
477 8081.9199363346642713       0                      2123
478 8082.0598756524741475       0                      2128
479 8081.9406368218133139       0                      2132
480 8081.9697541215655292       0                      2137
481 8868.5717986336640024       2.0020067188929626667  2142
482 8082.6226568726442565     316.88173771331310036    2146
483 8081.9637495597517045       0                      2151
484 8081.9360582422377774       0                      2155
485 8081.99391935741005         0                      2160
486 8081.9501777751711415       0                      2164
487 8911.4629049956747622       0.05605218520751447525 2169
488 8082.8658684564825307       0                      2174
489 8082.0190017682316466       0                      2178
490 8082.1698047463132752     333.39707705964968909    2183
491 8082.9282194359411733       0                      2187
492 8898.3186593764385179      26.047192157971160498   2192
493 8082.0906566669718814       0                      2196
494 8081.9403461195206546       0                      2201
495 8082.0104589034835953       0                      2206
496 8898.0756540433885675     107.00595497264083633    2210
497 8082.7095391399698201     316.37450128257694359    2215
498 8082.0376518563944046       0                      2219
499 8081.9287376811553258       0                      2224
500 8081.935380216901649        0                      2228
501 8081.9350886744659874       0                      2233
502 8081.9441490603358034       0                      2237
503 8903.2475009211248107       0.45851295876834130549 2242
504 8082.1959489665086949     336.17044598264914157    2246
505 8082.9287451643003806       0                      2251
506 8082.7549837590513562       0                      2256
507 8083.9809169070349526       0                      2261
508 8907.4926297027886903      13.132892869109584311   2265
509 8082.0517165424435007       0                      2270
510 8082.8508535502423911       0                      2275
511 8082.0888729686712395       0                      2279
512 8891.402554108750337       57.891551927815072531   2284
513 8082.7719805163033016     316.39775580880865391    2288
514 8082.0534075930563631       0                      2293
515 8081.9185706067055435       0                      2297
516 8081.9505673085677699       0                      2302
517 8081.9922880056828944       0                      2307
518 8900.169980673766986       96.358914058205812125   2311
519 8901.1963017085745378      96.783162746845391666   2316
520 8082.7331775024995295     317.21871112523029979    2321
521 8081.9332569215148396       0                      2325
522 8081.9177296459056379       0                      2330
523 8081.9515799476985194       0                      2334
524 8081.9523359894374153       0                      2339
525 8892.5924218169147935      62.081592043080199517   2344
526 8895.3186685859363934      67.578436835538227001   2348
527 8081.9378231229629819       0                      2353
528 8081.9252157763903597       0                      2357
529 8081.9464947539599962       0                      2362
530 8082.9211067106316477       0                      2366
531 8082.7557501437222527       0                      2371
532 8083.9934879827933401       0                      2375
533 8083.035345874523955      321.63557048982437436    2380
534 8084.0014185130858095     545.84759711634796986    2384
535 8906.321478272036984        0                      2389
536 8902.9611276799605548       0.00608758130963698175 2393
537 8086.6688537740510583     125.60808018733212066    2398
538 8081.9488252707742504       0                      2403
539 8081.9503679351400933       0                      2407
540 8900.1889449033405981       2.2592152165809209485  2412
541 8904.2388486568706867      16.34738391302346372    2416
542 8082.5067392680657576     355.14786991002284822    2421
543 8082.0007973282599778       0                      2425
544 8081.9181511017350203       0                      2430
545 8081.9202143683205577       0                      2434
546 8905.4887239441250131      90.816316780026696165   2439
547 8081.9467157991430213       0                      2443
548 8082.0049219017400901       0                      2448
549 8088.3051144644487067     111.96952452672833545    2452
550 8909.0132369031198323     1844.1536119258275903     2457
551 8902.8417503824912274      96.23761404994971258    2461
552 8903.6772167847211676      97.332118431266835046   2466
553 8082.1733538938433412     333.11368528477061091    2470
554 8081.9187425570762571       0                      2475
555 8083.978340276004019        0                      2480
556 8081.9508037425148359       0                      2484
557 8081.9182201605826776       0                      2488
558 8081.9164530493508209       0                      2493
559 8081.9224936411919771       0                      2497
560 8904.0016066614280135     733.38016887392268472    2502
561 8085.9373753406553078       0.01359053171644873485 2507
562 8900.9459301312344905       2.2299167499169030293  2511
563 8082.1660826803517921     332.25535806025959573    2516
564 8081.9197270721870154       0                      2521
565 8081.9206506800410352       0                      2525
566 8081.9184050267012935       0                      2530
567 8082.1754302518147597     331.68939243002148487    2535
568 8082.9514054359315196       0                      2539
569 8083.9830434352461452       0                      2544
570 8082.755016134624384        0                      2549
571 8088.3383114200169075     111.2841461031957806     2553
572 8903.6244851986848516       0.00082782314081099209 2558
573 8902.5734749051462131       0                      2562
574 8081.9163619097989795       0                      2567
575 8081.9540799087762935       0                      2572
576 8081.9490172144824101       0                      2576
577 8081.9816029063003953       0                      2581
578 8910.8474900016626634     3302.5530240769589909     2585
579 8082.6951844549457746     316.92338658326900713    2590
580 8900.7192781264056975      93.476327273189582456   2595
581 8081.9265937590316753       0                      2599
582 8081.9162446564951097       0                      2604
583 8081.9519584284835219       0                      2609
584 8081.9347484188137969       0                      2613
585 8081.9438140827214738       0                      2618
586 8891.3268622096547915      68.123461088988847223   2623
587 8893.3613419806333695      68.837424162418372475   2627
588 8082.6890991422014849     317.19788054499815644    2632
589 8081.9314296308102712       0                      2636
590 8081.9350685299468751       0                      2641
591 8081.9242566859911676       0                      2646
592 8081.9438694486325403       0                      2650
593 8082.7832342951969622       0                      2655
594 8083.6331029912680606       0                      2659
595 8081.9870893957722728       0                      2664
596 8082.159658894786844      332.82145692803550219    2668
597 8905.6378925625267584      99.527929157020068374   2673
598 8905.8758386339031858     1110.6169388074733888     2677
599 8092.1123527010413454     261.31184383645540947    2683
600 8081.9151187665493126       0                      2687
601 8081.9287149321935431       0                      2692
602 8082.8235586959463035       0                      2697
603 8902.1648994977513212      59.988962520052687921   2701
604 8082.6906774034905538     318.31545206990557517    2706
605 8082.0378393578021132       0                      2710
606 8081.9385717866916821       0                      2715
607 8081.9191705067687508       0                      2719
608 8081.9429209166828514       0                      2724
609 8082.9190409795255619       0                      2728
610 8083.3646073868576423     342.12310389559036139    2733
611 8084.0239970776337941     544.69020535494951218    2738
612 8083.9809942730416878       0                      2742
613 8086.6725609906643513     123.14919552202536579    2747
614 8899.3626890833111247       0                      2751
615 8908.0434774592504255       0.04524949297587586849 2756
616 8098.1089263183484945     919.81012650377533646    2760
617 8081.9188363476514496       0                      2765
618 8905.1832034872495569       0.12290616464400498653 2770
619 8911.4752667849170393      89.639447709596552727   2774
620 8082.7165267975251481     316.92526235989305405    2779
621 8081.9198205575039538       0                      2784
622 8081.9228797850419141       0                      2788
623 8081.9450445952543305       0                      2793
624 8081.9545596545276567       0                      2802
625 8082.9199913934398865       0                      2822
626 8082.7535575608608269       0                      2838
627 8083.9899556892496548       0                      2847
628 8088.3632091717172443     110.31549497814314975    2852
629 8901.2432900238163711       0.16403173424772654609 2856
630 8907.3558539330970234       0                      2861
631 8081.987953059823667        0                      2866
632 8081.9167177763920336       0                      2870
633 8083.991710334173149        0                      2875
634 8901.3111676328790054       0.0025498869151871625  2879
635 8904.2193231692599511      27.274814895155415684   2884
636 8082.1813888588558257     330.61707032761796654    2889
637 8081.9441515629696369       0                      2893
638 8081.915516104035305        0                      2898
639 8081.9155207554531444       0                      2902
640 8081.9193173883704731       0                      2907
641 8081.9428681556437368       0                      2912
642 8081.9888256743861348       0                      2916
643 8082.9236464548612275       0                      2921
644 8082.1636453991786766     333.09223647733989537    2925
645 8901.528649927535298       90.533057810102732788   2930
646 8912.2419315133229247     1838.0216763736309531     2934
647 8081.9475344222692001       0                      2939
648 8081.9434730164439316       0                      2944
649 8906.1739192697841645      78.543501791987864635   2948
650 8909.0418677644520358      83.029618340055961312   2953
651 8082.1852137912010221     330.33515243822415641    2957
652 8081.9164449962099752       0                      2962
653 8081.9171294087445858       0                      2966
654 8081.9162248666279993       0                      2971
655 8081.9191948144507478       0                      2975
656 8082.757334491147958        0                      2980
657 8088.3138388602483246     111.14183705929168866    2984
658 8905.4365933395474713     117.86483024516640228    2989
659 8907.0649740212411416     1099.8441277903903028     2994
660 8083.984797969601459        0                      2998
661 8081.9442720986398854       0                      3003
662 8897.2226427781261009       3.3830915264378864649  3008
663 8085.9378058995480387       0.04841690615523173286 3012
664 8900.7303277281534974      94.741728771628984873   3017
665 8081.9480346852324146       0                      3021
666 8081.9443438167600107       0                      3026
667 8082.7558430909612071       0                      3030
668 8082.7552682246505356       0                      3034
669 8082.78521707735581         0                      3039
670 8904.2739785026187747       0                      3043
671 8906.0207916660601768      21.602561796549519357   3048
672 8081.9195003569802793       0                      3052
673 8900.2284988086994417       2.7893504092296739216  3057
674 8082.7545559941127067       0                      3062
675 8082.7579632074566689       0                      3066
676 8092.1400069952633203     263.45483365121788211    3071
677 8083.9901044464622828     555.51604894051331485    3075
678 8901.4075727249237389       0.00602893436177899013 3080
679 8907.1522809206380771       0                      3084
680 8082.1758738120679482     333.66771823267225727    3089
681 8081.9172324014280093       0                      3093
682 8081.9162586047232253       0                      3098
683 8898.6725198740950873       2.0660348500934992977  3102
684 8900.6814140424066863       0                      3107
685 8092.137540482980512      262.36211275582695635    3111
686 8083.3630314147440004     348.08602058961275816    3116
687 8084.7888370921418755     581.93574311632823992    3120
688 8086.647902027388227      126.78079346880450373    3125
689 8089.1544967543732128     117.61108264801966072    3129
690 8083.980252568438118      552.60855529719447077    3134
691 8092.9979235510791113     293.90647648694385907    3138
692 8902.0022193896402314     115.93598198869115379    3143
693 8911.3911276557682868     1708.128313627719308      3147
694 8106.9182654087026094     2579.0583528906699939     3152
695 8897.4643944005438243       1.3224447435159019104  3157
696 8085.7387606783122465     649.98012479658348184    3161
697 8081.9206495070820893       0                      3166
698 8082.9191081758044675       0                      3171
699 8082.9234475227231087       0                      3175
700 8904.2810126223594125       0                      3180
701 8903.0967337943002349       0.10782224539242514505 3184
702 8082.1648761327587636     331.39796647914954519    3189
703 8898.0124353087176132       0.72359805845104330224 3193
704 8901.5013783471822535     107.37606238533626879    3198
705 8082.8047455051364523       0                      3202
706 8082.780377877965293        0                      3207
707 8083.9901063933066325       0                      3211
708 8902.7290519061352825      95.093825227574939163   3216
709 8911.2421171664900612     1941.1978616545457044     3220
710 8082.4954242079738833     358.87015193793848766    3225
711 8896.1261159719779243       3.0836624339165386033  3230
712 8899.1718256383410335      60.591696714693682679   3234
713 8902.1157391908436693       0.14264775935380899496 3239
714 8906.9007654741981241      27.730993730616194881   3243
715 8082.4929449819328511     358.29446369836659869    3248
716 8081.9164202459942317       0                      3252
717 8081.9238556177615465       0                      3257
718 8082.1896100816848048     329.78256094990052816    3263
719 8081.9470723914082555       0                      3268
720 8082.9197788563242284       0                      3272
721 8902.8567579054833914      72.990560563433362518   3277
722 8913.6752829599972756     3341.07710610631284       3281
723 8896.3678217116266751       1.1377824257954087805  3286
724 8082.7986017235534746       0                      3291
725 8084.0165625339195685       0                      3295
726 8900.8950961794853356       0.9515875166290465037  3300
727 8908.0491994599833561      16.351281721647342948   3304
728 8082.0036956308795197       0                      3309
729 8081.9822569468869915       0                      3313
730 8081.9429966318448351       0                      3318
731 8081.9444901388505968       0                      3323
732 8082.7553443563374458       0                      3327
733 8082.7534164636772402       0                      3332
734 8082.7813318836797407       0                      3336
735 8900.7703830091395503       0.5262120406660367733  3341
736 8909.2401226626861899      13.390983510612567642   3345
737 8082.1612705532816108     331.6806402587827165     3350
738 8896.915235558839413        0.5887966703054057227  3355
739 8081.9206835495597261       0                      3359
740 8081.9194838771300056       0                      3364
741 8081.9907422604719613       0                      3368
742 8081.9847604919104924       0                      3373
743 8083.9933251506845409       0                      3377
744 8083.9843793784175432       0                      3382
745 8901.9792293319878809       0.00047495755084033062 3386
746 8897.0757311129291338       0.00000070665664245896 3391
747 8882.6556626620822499       0                      3395
748 8877.04666028588872         0.96600576698815132648 3400
749 8890.7388399159935943       0.00513977069116679144 3404
750 8081.9815468447695821       0                      3409
751 8082.1781975263111235     331.17016267667526108    3413
752 8081.9448984766613648       0                      3418
753 8082.0637413301483321       0                      3422
754 8082.0177451083081905       0                      3427
755 8082.9329662130649012       0                      3431
756 8082.9119513796968022       0                      3436
757 8084.0181931527149573       0                      3440
758 8902.9624809361157531     104.5094024274330593     3445
759 8895.2283970121843595     1000.3522886600783295     3449
760 8082.004469185490052        0                      3454
761 8896.182676719092342       16.033212432574877937   3459
762 8897.0954027921688976       8.8607598668075553405  3463
763 8081.9252025324840361       0                      3468
764 8081.9722428138538817       0                      3473
765 8082.5258392319410632     358.35998056167909454    3477
766 8087.2020037353850057     149.0087606152927151     3482
767 8085.0555737548911566     609.62791008163537754    3486
768 8093.0619609809264148     330.57787210844037418    3491
769 8898.5348355267997249     111.50696290453514337    3495
770 8901.7527763333600888     1715.0020173242007786     3500
771 8081.9729087526138755       0                      3504
772 8882.6830883987167908      94.890674125651969462   3509
773 8888.9620850968003651     103.45806038920339631    3513
774 8081.9444769443598489       0                      3518
775 8082.9223788947847424       0                      3523
776 8894.9140120998272323       0.42024537335668876725 3527
777 8900.8400796150999668      21.56740863985618617    3532
778 8081.918787448207695        0                      3536
779 8081.9172030415002155       0                      3541
780 8897.1656338755346951       0.33500396539652527172 3545
781 8081.9506722852647727       0                      3550
782 8082.9206324697279342       0                      3554
783 8895.8075216770866973       0.00000122689947928233 3559
784 8899.6476467866468738       0                      3563
785 8082.1652295206722556     331.95092014032735506    3568
786 8081.9438584510317014       0                      3573
787 8083.5127104389757733       0                      3577
788 8903.0450578754389426     1836.8152829615294195     3582
789 8909.0855641930229467     3372.2546779380036241     3586
790 8082.9494417432724731       0                      3591
791 8895.7119163900097192       0                      3596
792 8899.744850969826075        0                      3600
793 8082.1660247780400823     330.84516020889827814    3605
794 8082.857043216033162        0                      3609
795 8082.9217348223573936       0                      3614
796 8889.3599224032859638      77.310197665521855015   3618
797 8081.9171255172268502       0                      3623
798 8081.9186758322175592       0                      3628
799 8082.5199273883299611     357.76290871010462524    3632
800 8087.4610045257677484     132.98061466473495784    3637
801 8088.3190959501444013     110.65097358313781228    3641
802 8896.211359159922722       90.833857418424827301   3646
803 8902.9452921818901814     1707.2815195452446915     3650
804 8081.9205344467809482       0                      3655
805 8891.0815404511340603      90.394792669557105569   3660
806 8093.01936804552588       295.09468458273113356    3664
807 8083.9931649703712537     551.24866510717993151    3669
808 8092.1209778473075858     261.24214002121823341    3673
809 8083.3736000707003768     349.25385588161282158    3678
810 8086.6433957136059689     125.37583691623619586    3682
811 8896.9929997660838126      21.177040450880124212   3687
812 8898.7573093691971735       0.36760556208518835319 3691
813 8081.9842304234816766       0                      3696
814 8891.9333904949980933      78.048785245841273195   3700
815 8083.6536518996817904       0                      3705
816 8082.9482133359324507       0                      3710
817 8898.0298483538881555     117.00338642319600524    3714
818 8902.2450307932740543     1696.4847112229867889     3719
819 8895.553581739854053        0                      3723
820 8892.1151190886121185      95.483440414851699529   3728
821 8083.4846456080786083       0                      3733
822 8082.8274487464013873       0                      3737
823 8084.0278672559543338       0                      3741
824 8085.1833894196333858       0                      3746
825 8897.4967334286284313      92.001236089378579663   3750
826 8901.6790260181460326     1710.1693343573874699     3755
827 8084.9668949641409199     415.53348515673826569    3759
828 8081.9155516068603902       0                      3764
829 8888.7716971788086084       0.53647596001019259848 3769
830 8083.6294763530477212       0                      3773
831 8898.3761517242019181       0                      3778
832 8082.166148232764499      331.70201113351868116    3782
833 8893.9690926039747865      73.564941279339308267   3787
834 8894.5210652063542511      85.823359487654698796   3791
835 8082.7809291720550391       0                      3796
836 8082.9484890410913067       0                      3800
837 8896.2276023791418993       0.00314163427923477628 3805
838 8897.9332695213324769       0                      3809
839 8889.9569309666931076       0.49705052767722512908 3814
840 8092.133748333542826      262.61823579503123938    3819
841 8082.5206921037315624     357.74143685116615643    3823
842 8084.0054463206342916     551.11400871915373045    3828
843 8086.6436269004543647     126.07642051146611095    3832
844 8897.3112957499033655     110.48772218579952664    3837
845 8081.9445026055864219       0                      3841
846 8081.9207105081932241       0                      3846
847 8889.106247012021413        0.57793765207035263654 3850
848 8081.9193024226451598       0                      3855
849 8082.1666969831730967     334.48448687743047003    3860
850 8088.3112017078110512     110.63846833698090677    3864
851 8089.0522014833377398     133.21932815198618982    3869
852 8082.1613274428182194     332.23394583497565691    3873
853 8088.3223852268274641     112.46588875373876704    3878
854 8083.4489411135336923     331.47991378067007417    3882
855 8893.1880670044884027      95.908679647589238471   3887
856 8906.0941323393253697     1695.5409842722337999     3891
857 8082.1652295206831695     331.95092014032735506    3896
858 8889.449103622651819        0.18835441430492910753 3901
859 8082.8305784166968806       0                      3905
860 8084.8484637736937657       0                      3909
861 8898.1037241410776915       0                      3914
862 8896.0490952165473573       0.00049693748840903026 3919
863 8890.0560538255485881       0.50644134962512032949 3923
864 8084.1337135753929033     351.91140833539208188    3928
865 8088.3104717646374411     111.30921465429506156    3932
866 8089.0674761933387344     131.43814997230921904    3937
867 8898.4448925015494751       0.00005157819808999    3941
868 8087.6532753570354544     3608.6922839604594628     3946
869 8890.8242736287065782       0.29712111204935331976 3951
870 8081.9851735521679075       0                      3955
871 8084.0127504433003196       0                      3960
872 8896.5471303762096795       0.09026635013500593219 3964
873 8897.7331150452137081       0                      3969
874 8081.9206835495560881       0                      3973
875 8888.2232235051687894       1.0646071916416197656  3978
876 8082.9496423698228682       0                      3983
877 8089.0570496759073649     132.32695756910345608    3987
878 8082.1937655521196575     331.74426693540056021    3992
879 8896.6428520871068031       0.09427764406755148596 3996
880 8897.6383340883567143       0                      4001
881 8889.5808762974993442       1.0777251557547911087  4005
882 8092.1337129187822939     262.52300470637214858    4010
883 8082.4994063634376289     359.44597617525300848    4014
884 8082.1625053116522395     332.53839088270393631    4019
885 8083.9783152727914057     550.3822947269644601     4024
886 8088.3152882093845619     110.81799840984875516    4028
887 8896.4384093399567064       0.4207037497161759676  4033
888 8899.3021411422305391      21.272112652422762835   4037
889 8087.1420746824778689     143.5580898415048523     4042
890 8081.9193024226551643       0                      4046
891 8088.3466713316001915     110.62594974791473135    4051
892 8082.1870122199479738     332.86383472362217617    4055
893 8082.1940438422097941     332.29760009095792839    4060
894 8088.3179417354185716     110.9746363848359465     4064
895 8896.5317241065567941       0                      4069
896 8900.6655270029732492      21.799459772911163213   4073
897 8082.4908449041267886     356.5367529293617963     4078
898 8081.9477039226931083       0                      4083
899 8082.8014668024416096       0                      4087
900 8088.3229051073922165     111.321773216005667      4092
901 8083.0322088095917934     321.94785847764438813    4096
902 8897.7685488419338071       0                      4101
903 8896.3922672601329396       0.0025083779956353745  4105
904 8892.5585416908234038     113.97580623392691734    4110
905 8083.4818665677066747       0                      4115
906 8082.8053453164893654       0                      4119
907 8085.1941693886001303       0                      4124
908 8895.183156828974461        0.08649188423578900442 4128
909 8899.1021159186493605       0                      4133
910 8083.0026347404700573     321.32794285109616794    4138
911 8089.1603061441037426     117.10598967768279977    4142
912 8088.3451717248271962     110.94954751527208714    4146
913 8083.024847826106452      322.47204610239640488    4151
914 8088.3102320428342864     111.63388668983984076    4155
915 8082.1723429173352997     334.79012136250503318    4160
916 8089.1883573757722843     118.94702904632490004    4164
917 8898.3636371520278772       0                      4169
918 8897.0882490498443076       0                      4173
919 8089.0639199553270373     4478.1263670458065462     4178
920 8898.5338082595026208     117.66071525911536355    4183
921 8082.1901625482769305     332.58070078198488773    4187
922 8088.3138943076673968     111.46633333930084575    4191
923 8082.1662878288416323     333.64622800430112193    4196
924 8088.3387562002835693     110.61344823173014618    4200
925 8895.7876677656367974      96.192949647996016438   4205
926 8908.7733196740064159     3306.8647414916508751     4209
927 8081.9275590463748813       0                      4214
928 8081.9269196227896828       0                      4219
929 8082.017206981234267        0                      4223
930 8081.9887097762302801       0                      4228
931 8082.8274081864256004       0                      4232
932 8083.9884955984316548       0                      4237
933 8084.0162617830137606       0                      4241
934 8085.1908267250810241       0                      4246
935 8894.1543351597229048      90.011689344817114034   4250
936 8906.4944586041692673     1818.6196461991492015     4255
937 8088.2158067593654778      78.379871768591357295   4259
938 8088.3225361445511226     111.64644903179197399    4264
939 8092.159991618683307      263.02317760032735805    4268
940 8082.1858338612573789     332.55931728691803073    4273
941 8088.306483932721676      111.12929748926396201    4278
942 8082.1720281186780994     333.95146206974601455    4282
943 8084.7949804226918786     589.31605222785981368    4287
944 8896.8478595153483184       1.4506303497549655201  4291
945 8900.53940425296787        16.301830213655108537   4296
946 8081.995671463853796        0                      4300
947 8888.8152872955524799      72.13392089708170829    4305
948 8088.341083783270733      111.4411895012863738     4310
949 8083.0262753494953358     321.64838847941723543    4314
950 8898.7607022934589622       0                      4319
951 8895.5201333974928275       0.10361225208719471169 4323
952 8894.1042157439660514      72.629529736732678202   4328
953 8910.5907145258934179     3363.0159038032561511     4333
954 8082.1660247780446298     330.84516020889492438    4337
955 8083.9591498011404838     323.49210067072436914    4342
956 8086.6461067866357553     126.43516629327585576    4347
957 8089.0586847345757633     131.42474728150838814    4351
958 8085.0519401290557653     614.83139772916024413    4356
959 8896.042814782827918       91.484067767727580645   4360
960 8903.1273586307361256     1709.9591687260865456     4365
961 8083.9891155854402314     541.04615233796778284    4369
962 8081.9246942478057463       0                      4374
963 8893.6306344981803704       0                      4379
964 8082.9989959702515989     321.60642301912309904    4383
965 8089.1539430984257706     117.94492261263771127    4388
966 8894.8065136126679135      77.929933300607757474   4392
967 8908.513578550737293      3306.5381278205713897     4397
968 8087.6571549312875504     3614.389871144371682      4401
969 8893.5514672633908049      91.178483838194480882   4406
970 8084.0209942992632932       0                      4411
971 8082.80106074935793         0                      4415
972 8083.9568927863656427     322.92517185763182397    4420
973 8086.6709005909151529     126.39466864536736068    4424
974 8896.3736182912507502      90.948807170688141355   4429
975 8904.2807804726944596     1821.9227985492796051     4433
976 8087.6453021279176028     3601.2646390646114014     4438
977 8081.9175917182537887       0                      4443
978 8081.9191705067632938       0                      4447
979 8888.5575641250634362       1.1226936646014915588  4452
980 8083.4318791422310824     325.93745783201933364    4456
981 8896.739554107090953        0                      4461
982 8898.7189455274037755       0                      4465
983 8083.9933429395086932       0                      4470
984 8894.8782248595234705      27.062030195804123167   4475
985 8083.0093909940869707     322.9962376806608404     4479
986 8896.5377038457336312       0.4293343445385018331  4484
987 8899.2109045888664696      21.541908829972232553   4489
988 8081.9956714638619815       0                      4493
989 8889.4087659007909679       1.0087735079284323447  4498
990 8087.1936971564582564     148.99406149087732842    4502
991 8093.07346602938469       331.15484876905316014    4507
992 8897.0954722675851372       1.3704306918446296226  4511
993 8900.2862373840471264      16.004972862998403826   4515
994 8089.0697833829644878     4480.0656394038369399     4520
995 8891.3417062821044965       0.47726201865201967056 4524
996 8081.9469002222749623       0                      4529
997 8083.9966952259455866       0                      4533
998 8082.8022300063867078       0                      4538
999 8082.8347626587901686       0                      4542
1000 8084.0168102825718961       0                      4547
