1 12020.98785919357033       4346.2505111910040796     4
2 12681.121416266243614      2455.0441524049374493     9
3 12229.28669792852088       4852.9361761820809988     13
4 12232.741505396355933      4809.6289943925003172     17
5 12230.482432863505892      4802.0958205985571112     22
6 12009.747560103027354      831.08861770408520897    26
7 12021.26135260612682       981.23745693556952574    30
8 12012.126311402129431      289.60476312994342152    35
9 12013.19888708889448       957.23628340667573866    39
10 12020.627910913843152      494.61114767420781391    44
11 11404.77680122485981       685.3721679612800699     48
12 9953.7044038819822163     734.23734353572240252    53
13 9957.3339079624947772     2159.2500904317116692     57
14 10694.631157583013191      2085.3724086854140296     61
15 10228.329079525952693      3601.0721765314528966     66
16 10875.07054077457542       2015.8645276833194657     70
17 10373.808915336781865      643.20291477767989363    75
18 8739.0359561960267456     1312.3308719035983358     79
19 9042.7240061384545697     579.42067383808750947    84
20 8478.916557598991858      12267.91826103395033       88
21 9905.4431493770825909     356.2834377508334569     93
22 9632.3297352121189761     246.50022693299078469    98
23 9006.0598534478885995     1538.1377991264057528     102
24 9282.0363228033893392     592.35939853727086302    107
25 11042.022065120745538      590.43545965025305122    111
26 10509.479294917789957      257.31040516718974231    116
27 9493.3767512494923722     235.63204056040746082    120
28 8685.6673123401633347     953.92115363943776174    124
29 9244.9269039613245695     220.69729874937840464    129
30 8752.3988241820661642     395.41232910982500925    133
31 11798.616476732675437      580.02190294666775117    138
32 9479.2407233180547337     105.5306350167379037     142
33 8666.5407983243785566     229.33378734626788287    147
34 8233.0789702194961137     668.0710260385468473     151
35 11024.924677725513902       79.9808836635496192     156
36 10350.818484491865092      121.89969286575515639    161
37 10180.332300584912446      456.21510625321423049    165
38 10028.458340050305196      110.4610434719995169     169
39 14371.79161162901255       12556.344802964722476      174
40 8316.7998753883948666     1338.34567619643326       178
41 8993.3913709209700755     3513.5569924722558426     183
42 10528.220751630127779       54.444894520258785064   187
43 9426.4853981641645078     3614.1584691012003532     192
44 9043.603416102076153      418.0505738443350765     196
45 8500.6291715346796991     616.5920771397579756     201
46 10027.297254160166631       50.058331959613767026   205
47 10040.385446308930113       83.561948147775723328   210
48 9897.3826029478841519     468.5233497209314919     214
49 9145.3334593827839853     335.6506383206245232     219
50 12417.691362279680106      490.18471365180681687    223
51 9024.4354691029839159      62.223708023451202109   228
52 11227.180637105213464      102.06939538899104036    232
53 9354.193337721433636      148.1151519403492216     237
54 11173.544306304846032      2933.4221345729247332     241
55 9891.820195960413912      174.75433280227392174    246
56 9365.5102862166786508     469.51483968752523879    250
57 8591.2056105205319909     1547.6135240658593375     254
58 9738.2629491653642617     103.07874722873715712    259
59 10190.375486283435748      286.86488537553384504    263
60 10031.415456159160385      211.57356626950715395    267
61 11048.028568572992299        0                      272
62 14253.445912172059252      5541.5187598435468317     276
63 8467.9144704783793713     2083.6942049778908768     282
64 8362.7928715088328318     217.91573526341056777    286
65 11230.177053977351534       15.846270860236781886   290
66 11027.946261453036641       22.936449958810509742   295
67 8754.0200286659564881     12349.024712966493098      299
68 9764.9803723776440165     16290.263154402986402      304
69 10235.954341837006723      2241.7910611126599179     308
70 12039.832314990835584      7751.5903505819196653     312
71 12190.218230576831047      9015.2668525732988201     317
72 12680.672084911320781      159.50954804709709833    321
73 13879.30016783571773       14789.629172719494818      325
74 14117.495027068107447      29527.979369713295455      330
75 10445.605576435249532      129087.59555856100633       334
76 12737.91920361598568       4611.6630639682280162     339
77 13113.025397128578334      478.40812831219488999    344
78 11914.10676223068549       1383.6897630444468632     348
79 11812.169875214296553       10.516217883166900648   353
80 10113.555004553536492        1.806023111494162503   358
81 8737.1737703069447889     353.94172361298245733    362
82 8336.1847852445898752     1236.6978413995987012     368
83 11023.67410558947995         0                      372
84 13111.81409580624495       612.00017000206560169    377
85 10852.687988430092446        0                      382
86 11478.488652552521671       85.105487829084935925   386
87 11623.56990902778125         0                      391
88 12017.922914024045895        0                      395
89 14116.321347004806739      4087.0469362819694652     400
90 10023.209252499591457        9.1708769798725828792  405
91 13107.137927381769259      504.61272237320480372    409
92 10032.251289022293349      327.61220275645644051    414
93 9052.5402854610056238     1168.4069226725600856     418
94 8675.6060053045584937     4889.9062111194034514     423
95 10273.359450194724559      14026.097649535066012      427
96 10744.230590943794596      993.12745450240254286    431
97 10078.000341005559676      1461.0668539535324726     436
98 8992.1371306428281969     2044.4965891988053954     440
99 9432.7072421013945132     10309.20570975483497       445
100 13803.764584556098271      2976.8080846893426497     449
101 10710.447690065586357        0                      454
102 11331.324544743594743      716.7394129147081685     458
103 8702.9150416369375307     189.75237780336422588    463
104 10502.609187358662894        0                      468
105 11343.937874195311451      949.04433112577476095    472
106 8640.0504505804310611     361.45074340603747487    477
107 11048.174851447414767        0                      481
108 13449.187756845731201      3708.5734876980432091     486
109 9614.7146571062403382      35.18439372415522115    490
110 13106.789047901103913      498.38833481192398267    494
111 8822.6892889989849209     835.03473404657665924    499
112 8943.1213524387367215     1281.6822849342092923     503
113 9208.6998534927279252     1298.9907524327143165     508
114 9457.2620708708618622     138.28565835833973097    512
115 11074.718010959892126      1857.7094378448296084     517
116 11467.825769952089104      3584.2205019275202176     521
117 10658.856518844126185      8909.494242699824099      527
118 10033.862750709249667      10334.012117373167712      531
119 12717.315629247759716      17219.96965373216517       536
120 12907.017650002002483      141.99067298600544973    540
121 10683.184078519661853        0.0128229854752451005  545
122 10663.447836169982111        1.1221459825299893165  550
123 12887.421798904368188      205.05298400405013126    554
124 9090.9330245609162375     589.97378268961949743    558
125 9604.7757848620640289     1680.0427980859242325     563
126 9858.882105421693268       33.417059059433370294   567
127 11411.267526472434838      1010.8937368496549425     572
128 8391.7296358704388695     46024.960212935693562      576
129 8482.3839863013545255     165.38140454993350659    580
130 8842.5191640259599808     10399.28343942835636       585
131 10542.733399826196546      9828.5665467461767548     589
132 14927.150153367661915      8973.8293208547765971     593
133 14001.578637037840963      4194.9590242512049372     598
134 13459.684453718229634      1270.4199688761545985     602
135 9951.7967907819220272      25.592188125926639941   607
136 9476.3561281336242246      41.601024874865537129   612
137 9044.123585724604709      425.82782066952177047    616
138 9572.5557643206866487      92.623864648022077972   621
139 9324.2472110046237503     174.55033077627726357    625
140 9651.5379920969608065     667.83444134898672928    630
141 10501.252135356664439        0                      634
142 10500.721137700504187        0                      638
143 9587.4658212294798432      41.94979341813643714    643
144 9921.289560757119034        0                      648
145 8838.7700617661685101     1421.5205063240446179     652
146 10224.996647857969947        6.7282892913138194757  657
147 9477.8530688757218741      39.126972984670594258   662
148 12976.416060442306843      3339.9614883587300938     666
149 9764.8273004058792139       9.2577955288974909109  671
150 9020.5946898063593835     557.49599864125946169    675
151 9121.3850537993748731     935.39295326178751111    679
152 8708.5545352619828918     625.77740881031411391    684
153 8866.8428333209139964     3990.4030372324277778     688
154 10518.078722036832914      107.50483108008334909    693
155 10588.367372194177733        6.5228181664113717986  697
156 11711.248426861355256      522.3377301878306298     701
157 8630.952722385252855      4819.4629760439293023     706
158 9626.7753096002488746     3315.0649744968777668     710
159 13013.59801795506246       636.00076292459652905    714
160 11834.017175850873173       87.094720148682910121   719
161 9504.5784713031371211      44.453939697021638722   724
162 11628.189344479271313        0                      729
163 8486.6634852833776677     282.85973088786505514    733
164 8562.4746398499519273     757.62873717496051995    738
165 9069.4601469924673438     1355.4004743921668705     742
166 9420.6538786350356531     610.32979588792488812    747
167 10119.162011505164628        2.2517517300618523635  751
168 10822.226160550604618        0                      755
169 11357.442916735606559      349.81739260549085202    760
170 11903.756502394935524      699.91070784482178624    764
171 10656.250953073486016      249.09746512494658077    769
172 11376.191678510376732      757.04454581329400753    774
173 10594.844074690157868        0                      779
174 9868.2620379432337359       0                      784
175 9587.8117067015155044     161.90562268416744018    788
176 9632.3294314966406091       2.4906493913996086143  793
177 9789.4260830575422005      33.418374023545169393   797
178 12635.145236918026058      1990.9024631524036977     802
179 9733.9682912371608836      16.517346344566490757   806
180 8940.1368520977339358      69.754402914297031657   811
181 9708.2772584095055208       3.4088740182204100293  815
182 9001.9740466074417782     133.66799775338682821    820
183 8724.723170011635375      489.67504112256142434    824
184 9864.5182596383911005       0                      829
185 11610.103801722823846        0                      834
186 11403.398598577083249        0                      839
187 12039.55079988050602       1173.9295139804560222     843
188 8502.9779502913006581     211.52767172600397316    848
189 9040.6274245073145721     475.38642327152297185    852
190 8916.5451352768177458     400.40451846049222695    856
191 9673.253953388577429        6.038027506852028381   861
192 9800.8678478186411667      23.997087153496050149   865
193 10589.588671345121838       76.15412373150871872    869
194 8433.3425276158523047     1249.9777410083756877     874
195 9088.1044566797972948     641.46140716461798092    878
196 9871.5100940728243586     870.38828018142248766    883
197 13943.499250365384796      3694.7593004251280036     887
198 9769.6640040710990434       6.5868999029437151904  892
199 9073.5001107540610974     104.66890531352980531    897
200 8424.0513896311967983       0                      901
201 8681.1824749422630703     18471.842220094516961      906
202 9768.5710935122187948       5.9890096289031387045  911
203 11211.081208850773692        0                      915
204 9505.947245503670274       12.449080140043312426   920
205 10286.271263134169203        0                      924
206 9122.447570088041175       69.924707539821326918   929
207 10304.437361297801544        0                      933
208 8825.7633018325650482     143.87363702946041144    938
209 10104.711353981569118        0.00003186981207268474 942
210 14226.968142793281004      4605.0619927548359556     947
211 9602.2120943092941161      22.465278603248794553   952
212 10673.647227715129702        0.02560026933112524716 957
213 8589.6600337165982637      46.962824656247093458   961
214 8865.9435857826683787      33.604632147161915157   966
215 8212.2954126456825179      40.892668088845731234   970
216 8475.4108798153138196       0                      975
217 8419.2082076421738748     2146.6640696064991971     979
218 8419.4182703753122041      82.806805637122309349   983
219 8898.5314956243728375     2090.3537659774797248     988
220 12900.567238115176224      2120.2697395612467517     992
221 9485.5149120895002852     5520.4495782971480367     997
222 13674.506633680297455      2135.4745555482891177     1001
223 8618.1259785809179448       0                      1006
224 10753.640233539772453        0                      1011
225 8449.9370339125707687       3.2313159177570356384  1016
226 8517.5187632945599034      61.918778123461287066   1020
227 9587.9563828952104814      23.059822386075314427   1025
228 8407.4027372992732126       0                      1029
229 8903.6390217314310576       0                      1035
230 8620.5327981579284824       0                      1039
231 8671.4027387672176701       0.06026706526052293122 1043
232 8875.7281197873307974       0                      1048
233 8581.2655057367901463     328.13240284517291911    1052
234 8886.9180140156022389       0                      1057
235 8583.0697431784592482     361.93391645146795099    1061
236 8885.6031532521556073       0                      1066
237 8703.8841375682804937      69.48902425912227443    1070
238 8684.4912868343890295       0.01536722844852317187 1074
239 8509.5135151027861866       0                      1079
240 8355.4276811473155249       0                      1084
241 8405.4512248995779373     475.49563842094619304    1088
242 8666.1116930536481959       0                      1093
243 8764.7073393675564148       0                      1098
244 8533.6888367606825341       0                      1102
245 8223.1939210350119538       0                      1107
246 8232.0541920183477487       1.238347097942342101   1111
247 10476.582840373124782       31.636969920661037747   1116
248 8193.9330705053744168       0.25688585431014610005 1121
249 8464.9852951399570884     174.35943420869679699    1125
250 8391.4716711476739874      23.021635020324598742   1130
251 8467.1574058697169676     319.61901077001346039    1135
252 8939.5917575617659168       1.3049046910980484082  1139
253 8219.0317691676918912       0                      1143
254 9931.2772058880545956       0.60220632023627762575 1149
255 10008.958567216850497        2.5213996155109286157  1153
256 8461.2069664792325057     119.83341837241776773    1158
257 8329.0178396318224259      43.858103267205834186   1162
258 8466.5154109686809534      10.780048364958311424   1166
259 8330.5240545569668029      18.715305856664624429   1171
260 8507.0505583394224232       0                      1176
261 8226.466547119547613      1886.0589098810780797     1180
262 8257.1884922790886776     294.69727444705750941    1185
263 10485.116484806696462      482.33124828845598131    1189
264 8119.3889516726976581     200.75234904419349391    1194
265 8315.3302130138217763     1570.1026258285353379     1198
266 8534.6474634611604415     663.65272337984015394    1203
267 13548.254960885351466      9093.2384109357881243     1207
268 8573.1478648529591737       0                      1212
269 8683.7320729855018726       0                      1217
270 8821.2501692116820777       0                      1221
271 8458.1197085190033249      99.137269633165203686   1226
272 8219.9651487939681829       0                      1231
273 8228.915156099556043       15.42290987666432045    1235
274 8176.303305964142055      286.14404059774585676    1239
275 8614.1561841743350669       0                      1244
276 8451.1039616406160349       8.8415496373453539292  1248
277 8219.5380389886486228     259.33976196755941146    1253
278 8654.8904150713242416     568.28574007989755046    1257
279 8356.9431493608681194     452.82917467688992019    1262
280 9037.6201660658152832     206.63224731669927792    1266
281 12467.012696977792075      4784.3951732856030503     1270
282 8221.1208919740074634       0                      1275
283 8212.1301651858666446       5.1943259919977435857  1280
284 8713.8928967454703525       0                      1284
285 8714.7137970008134289       0                      1289
286 8471.1378332901749673      59.979585520714579161   1293
287 8167.7021890559299209       0                      1297
288 9460.3156407466121891     335.10107693272067308    1302
289 8507.8427418887204112       0                      1307
290 8164.4274090194321616       0                      1311
291 8465.2998997948197939     106.29434879668268366    1316
292 8418.2736182916069083       7.7889525112134627705  1321
293 8638.0040105258085532       0                      1325
294 8827.5095996187137644       0                      1330
295 8469.8395809801095311      55.396844621560717314   1334
296 8363.6044327263189189      16.049779001815949186   1339
297 8259.93072508116893         0                      1343
298 8137.1754192635380605     170.6099125645496315     1348
299 8163.6187897583131416       0                      1352
300 8169.5993259143215255       9.1613397031093413148  1357
301 11497.801519952850867        0                      1362
302 8868.4425754025614879       0                      1366
303 8687.6627105807820044       0                      1371
304 8468.7290995794792252      50.988277978511121091   1375
305 8231.3407997571848682       0.653364173702758122   1380
306 8221.4714048792538961       0                      1384
307 8455.8941304119016422       2.0851622860053700137  1388
308 8466.676610975575386       12.027352656647169127   1393
309 8473.4036634027979744     238.66021187182585095    1397
310 8471.4388707932321267     500.46481389079269775    1402
311 8501.6919341951906972     258.22937068559980389    1406
312 8384.3954558846944565      37.460289138904137474   1411
313 10070.285700104293937      161.29945915815247304    1415
314 10366.822335320803177        1.2437812166345638687  1420
315 9090.6887521935586847     147.4694745533235789     1424
316 8352.1962866346930241      33.209418122357142522   1429
317 8346.7080982131192286     304.59541947843297294    1434
318 9293.2357879123374005     682.68761917615245238    1438
319 9462.1002481691593857     835.2220253576746245     1443
320 8474.5414610803163669      43.497262876779089424   1447
321 8336.2965409019634535      23.018835069284982353   1452
322 8165.2159477130644518       0                      1456
323 8191.4474847636847699       0                      1461
324 8322.2597757155817817       4.552750499389138561   1465
325 8165.8209015314514545       0                      1469
326 8216.5560797052676207       0.00794597907763959325 1474
327 8458.0405304691048514       0                      1478
328 8221.0597081094147143       0                      1483
329 8169.7374104760856426     121.63662844308954902    1487
330 8985.2142396610543074       0                      1491
331 12727.181369986772552      1213.2633889008170627     1496
332 8464.5244849769896973     167.32778675825866799    1500
333 8285.8799550210605958       0                      1505
334 8294.4891528936277609       0                      1510
335 9959.5931749369083263       0                      1514
336 8331.5030345729828696     122.26497177195216182    1519
337 8332.211764203155326       39.532625102372840331   1523
338 8163.8613503372635023       0                      1528
339 8164.6379441310600669     183.75981311518773964    1532
340 8172.9687783855306407       0                      1536
341 8166.5274293648317325       0                      1541
342 8171.9847100347087689       1.444510210335799183   1545
343 8176.8875228981833061       0                      1550
344 8178.69537252785085         0                      1554
345 8175.2372800232715235     350.30013826999305593    1558
346 10200.1070855896578          0                      1563
347 10094.304686587664037        7.6756294606375918832  1567
348 8167.3310683227018671     314.3751192134927237     1572
349 8169.781306215281802        0                      1576
350 8166.6367947451144573       0                      1581
351 8232.1193910850361135     240.72081003460135662    1585
352 8169.3181421824920108     122.214643005896761      1590
353 8158.8437749622426054       0                      1594
354 8148.0863194193716481       0                      1599
355 8124.2648443978268915       0                      1603
356 8139.3188901813555276      18.993338284175525388   1607
357 8210.8427266627040808       0.04738687803518822766 1612
358 9711.3889401404794626       6.5582692998509353188  1617
359 8366.3705792339569598      13.135411149844768985   1621
360 8323.3595625221641967      28.492274664415159435   1625
361 8152.2908175354468767       0                      1630
362 8123.5017370991090502       0                      1634
363 8133.7529184691147748      55.975756833864167561   1639
364 8154.2634060828686415       0                      1643
365 9396.4443069750450377      25.048196589424801317   1648
366 8409.1391118228420964       6.218671838538536889   1653
367 8117.4621814976171663       0                      1657
368 8485.0118376165955851     806.48120977476628468    1661
369 8091.6446484953457912       0                      1666
370 8162.281928212521052      1421.0049494470133595     1671
371 8213.152751103942137       66.58320652118892724    1675
372 8244.9950894026733295      29.068263398719167867   1680
373 8231.9129275856503227      70.197687581635662468   1684
374 8105.8480847113323762       0                      1689
375 8084.3163057685414969       0                      1693
376 8162.4190601555237663      23.146793652660516472   1698
377 8458.7351644174923422       0.16502939966970286978 1702
378 10506.649134373677953        0                      1707
379 10507.147278210848526        0                      1711
380 8361.4978671522767399       3.4459141578606224954  1716
381 8239.2660970712950075      16.145612970957511578   1720
382 8279.7864212191234401      12.938489996756709743   1725
383 8089.4575857540712605     142.42441910635810132    1729
384 8104.8011522365850396     790.1468295121525216     1734
385 8115.2797616131119867       0                      1738
386 8266.3472267835932143     2803.7939122142956876     1743
387 8084.3046674187216922       0                      1747
388 8084.3520568147523591       0                      1752
389 8112.7222859029288884       0.01774888124190933045 1757
390 8112.4782960208121949       0.01392485595747825107 1761
391 10508.996911260057459        0                      1766
392 8396.5860867872888775       2.9246475713757025261  1770
393 8230.2345759304371313      59.681452514184989866   1775
394 8086.2286934530593498       0                      1779
395 8086.1247641445206682       0                      1784
396 8086.5940169368304851       0                      1788
397 8093.3439230148351271       1.154891282838434341   1792
398 8088.7896707078298277     127.33399195534725834    1797
399 8110.2218079611075154     212.28589467939232804    1802
400 8219.5540463906054356     1959.5750519874247857     1806
401 8226.2297367856172059     331.78773803456653013    1811
402 9960.2605868198170356       0.13913820008801028316 1815
403 10317.146524615543967      465.52500443526963636    1820
404 8086.7244492709505721       0                      1824
405 8113.7270754460814715       3.2322572818903725356  1829
406 9587.577227121215401       28.71057242370748952    1834
407 8270.4026586450600007      17.658689012335987201   1838
408 8188.0075537095908658      89.110783274367335594   1843
409 8083.3896775996499855       0                      1847
410 8116.9425373659369143       0                      1852
411 9013.6592475794896018     168.68045233900318181    1857
412 8090.0842423857102403      64.519923260509855822   1861
413 8190.9065928461677686      86.860334828871557988   1866
414 8083.333986839262252        0                      1870
415 8083.2271533942421229       0                      1875
416 9337.889698457056511       22.887003059832927931   1880
417 9339.3115377198118949      31.463346744457560078   1884
418 8117.2105549272928329       0                      1889
419 8086.442114273300831        0                      1893
420 8082.9214826677671226       0                      1898
421 8094.8328511488125514     294.13143388871088746    1903
422 8362.1967110269615659      12.387760367201950729   1908
423 10759.526514834684349        0                      1912
424 8090.2184665231607141       0                      1917
425 8083.3017426333026378     306.57313013677276103    1921
426 8085.9207925715454621       0                      1926
427 8088.818356920779479        1.839805638334152782   1930
428 8101.136111324049125      192.56217020237565407    1935
429 8084.2522706205136274       0                      1939
430 8134.9685362304599039     245.63395048678682997    1944
431 8145.3072012650945908      10.200545193367030805   1948
432 10105.380357009376894        0                      1953
433 10139.15701120068843         0                      1957
434 8092.3638103026714816       0                      1962
435 8085.3414639959328269       0                      1967
436 10543.379662773300879        0                      1972
437 8089.7305608146489249       0                      1976
438 8189.2915479902512743      74.645412382799435136   1981
439 8239.5040984463175846      62.740933900421225644   1986
440 8083.9441244481558897       0                      1990
441 8082.9697672540241911       0                      1995
442 8084.4297360828977617       0                      2000
443 8086.1560231292369281       0.16859238784598343242 2004
444 8085.1078092260604535       0                      2009
445 8089.0068984602303317     353.73952199912434935    2013
446 8084.7313343910736876       0                      2018
447 8088.1070936124178843       0                      2022
448 10086.740702344661258        0.07386306651082598373 2027
449 10137.362298916963482      179.28648002472286294    2031
450 8087.3333569856631584       0                      2036
451 8091.5726847303931208     451.83718843192855275    2041
452 8088.708989894140359        0                      2046
453 8284.3268788517270877     139.03992083078190944    2050
454 8126.5685862555883432       2.2610421262744497817  2055
455 8084.9344608621631778       0                      2060
456 8083.9701989949107883       0                      2064
457 8083.0853416801091953       0                      2069
458 8087.5552987279861554       0                      2074
459 8089.0525100906334046       0                      2078
460 8084.7534833409972634       0                      2083
461 8089.217926050369897      128.34091615911896156    2088
462 8083.6512886743621493       0                      2092
463 10189.07357794352356         0                      2097
464 10026.020135201353696        0                      2101
465 8085.1193086334797044     390.28823336019581802    2106
466 8090.6145581808696079       0                      2111
467 8089.8922662192462667       0                      2116
468 8086.6604328572484519     274.74377745787410277    2120
469 8083.3567295738275789       0                      2125
470 8083.898321322090851        0                      2130
471 8082.8239422645565355       0                      2134
472 8086.1683032129785715       0                      2139
473 8082.8884794456198506       0                      2144
474 8085.2821655717643807     308.5294662408356885     2148
475 8083.3692781116051265       0                      2153
476 8082.5459363101890631       0                      2158
477 8091.0316399255762008       0                      2162
478 8082.3818819216712654       0                      2167
479 8082.4930092845816034       0                      2172
480 8082.7469233802094095       0                      2177
481 8082.67086297971764         0                      2181
482 10309.008093869113509        0                      2186
483 8401.2095188175062503     101.39871545164083955    2190
484 8160.50353892799194         9.8183324940883842658  2195
485 8083.4100133022220689       0                      2200
486 8082.6051965405813462       0                      2204
487 8110.3646702853638999       0                      2209
488 8082.8208911401106889       0                      2213
489 8082.9606580354302423       0                      2218
490 8085.2892502343956949       0                      2222
491 8085.8005865040013305       0                      2227
492 8083.0158841331267467     316.39769515817039292    2231
493 10022.366308481699889        0.37263050333708991335 2236
494 10191.333764613194944        0                      2240
495 8087.5140639594901586       0                      2245
496 8086.161086462694584        0                      2249
497 8085.9176627040988024       0                      2254
498 8086.0073522456705177       0                      2259
499 10027.438471135339569        0                      2264
500 8399.6467667507786246      76.500474615008499768   2268
501 8163.718884851879011        5.5353432175564707407  2273
502 8082.3500163468115716       0                      2277
503 8082.3860518776482422       0                      2282
504 8082.8421442106428003       0                      2287
505 8083.1532897058177696       0                      2291
506 10132.919343435842165        0                      2296
507 8401.4171423672869423      76.457111134396996022   2300
508 8163.45552963415048         5.46983921768635728    2305
509 8083.382230033437736        0                      2309
510 8082.4155097663497145       0                      2314
511 8082.717600896260592      327.58374366665191246    2318
512 8082.6009709719819512       0                      2323
513 8082.3954773955974815       0                      2327
514 8083.8609010408890754       0                      2332
515 8082.4171616767171145       0                      2336
516 8083.1952481195703513       0                      2341
517 10068.583548569407867        0                      2345
518 10142.129492010462855        0.01650071339202092632 2350
519 8082.5952276456091568       0                      2355
520 8082.6191308392335486       0                      2360
521 8086.1638369605316257     275.42983463559028223    2364
522 10025.308748830480909        0.09580942938045937385 2369
523 10027.258630138228909        0.07801047324917244341 2374
524 8083.2337536103823368     349.98338406812314361    2378
525 8082.5383426511361904       0                      2383
526 8082.3576563289743717       0                      2387
527 8082.5323919520460549       0                      2392
528 8082.553346451833022        0                      2397
529 8083.3582526515974678       0                      2401
530 8083.4094057753973175       0                      2406
531 8082.622101090745673        0                      2410
532 8084.6679160442463399       0                      2415
533 8088.9515122209168112     118.4450988339447548     2419
534 10115.424712528525561        0                      2424
535 10095.823092332815577        0.00178074984121376735 2428
536 8082.3316521650540381       0                      2433
537 8082.3349707980742096       0                      2438
538 8082.2293295611616486       0                      2443
539 8082.287844423281058        0                      2447
540 8087.1697051185819873       0                      2452
541 8082.8040070146835205     337.44196636447168203    2457
542 8082.4023523032110461       0                      2462
543 8082.3624641038577465       0                      2466
544 8082.4930408062946299       0                      2471
545 8082.6557119652579786     330.74966375669998797    2475
546 8082.2954401259257793       0                      2480
547 8082.2048331588239307       0                      2484
548 8082.6035309241588038       0                      2489
549 8081.950257580687321        0                      2494
550 8086.5909516845395046       0                      2498
551 8110.135588382881906        0                      2503
552 8110.9582943288378374       0                      2508
553 9426.8669813994838478      61.033493872808563196   2512
554 9599.9904411448987958      25.604020923047357883   2517
555 8179.5422800337219087      52.706063203820420426   2521
556 8243.0227401179618028      59.148731478241053594   2526
557 8082.2847720108502472       0                      2530
558 8081.9547304368943514       0                      2535
559 8082.8143174547540184     369.62417348274129836    2539
560 8082.9746280847157323       0                      2544
561 8089.2961662813177099       0                      2548
562 8089.7268212158187453       0                      2553
563 8087.7113416056645292     135.21771041187008677    2558
564 8088.7753393137463718     372.81495353160119066    2562
565 9987.4101995934270235       0.50389853191696742929 2567
566 10245.394610884994108      112.4534731710688078     2571
567 8086.7376990307648157     126.11036253076085245    2576
568 8085.5614940368086536       0                      2581
569 8083.043930368099609        0                      2586
570 8085.6845369452921659       0                      2591
571 10117.609818324865046        0                      2595
572 8255.5933295278482547     193.27105831214728937    2600
573 8130.0308354860871987       3.1548111080507972304  2604
574 8083.5761883546774698       0                      2609
575 8082.0658158861442644       0                      2614
576 8081.9663627969439403       0                      2618
577 8082.9485221267077577       0                      2623
578 8083.9400170311537295       0                      2627
579 8084.0296353180465303       0                      2632
580 8094.1662331527413698      82.481166117550159811   2636
581 8088.9253638856353064     106.07299764169792411    2646
582 10058.072866911850724        0                      2665
583 10156.327904878886329        0                      2681
584 8086.091399599743454      278.73913444307669351    2691
585 8084.8835039784889887       0                      2696
586 8084.2598745500381483       0                      2701
587 10102.768773850264552        0                      2706
588 8086.9165118984683431     271.40618794763923916    2710
589 8083.9943317859215313       0                      2715
590 8082.0098422751416365       0                      2719
591 8082.1345758461193327       0                      2724
592 8081.9476938624793547       0                      2728
593 8081.9834464283121633       0                      2733
594 8083.9467452167164083     344.8380207057778648     2738
595 10100.461453219641044        0                      2742
596 8086.3920039150543744     275.18431475215305682    2747
597 8084.0801742683033808       0                      2751
598 8082.3072587108399603       0                      2756
599 8082.2618317800806835       0                      2760
600 8081.9581862731683941       0                      2765
601 8082.9776413126501211       0                      2769
602 8081.9587770886810176       0                      2774
603 8082.710650874599196        0                      2778
604 8082.1745520029853651     337.34875704709730826    2783
605 8082.797685157939668        0                      2787
606 10072.261121469555292        0.13665543846883662638 2792
607 10141.990519375200165      117.44846431985619972    2796
608 8084.3702760724072505       0                      2801
609 8083.5499684817395973       0                      2806
610 10026.614880655815796        0                      2811
611 10026.584446637898509        0                      2815
612 8086.4214910021946707     275.94876882803470153    2820
613 8084.0572455081892258       0                      2824
614 8081.9976616726517022       0                      2830
615 8083.0219896172957306       0                      2835
616 8081.9345839206589517       0                      2839
617 8081.9496488656996007       0                      2844
618 10057.650421047128475        0                      2848
619 8082.9664579771570061       0                      2853
620 8083.8664357502457278       0                      2857
621 8086.3299391936416214     276.46810924100719831    2862
622 8082.2283704686051351       0                      2867
623 8082.0430890612642543       0                      2871
624 8082.9379256390020601       0                      2876
625 8084.0474968829084901       0                      2880
626 8084.0910975891756607       0                      2885
627 8082.0235515138720075       0                      2889
628 8082.7717892665777981       0                      2894
629 8083.957353135104313      341.34528670291251728    2899
630 10076.672550915580359        0                      2903
631 10134.411858359491816        0                      2908
632 8082.0223255175633312       0                      2913
633 8082.3489265076204902       0                      2917
634 8082.1026120282567717       0                      2922
635 10059.842678038719896        0                      2927
636 10059.341711598322945        0.0114530608069685156  2931
637 8086.3871168388786828     276.97799510760734165    2936
638 8084.0241367512198849       0                      2940
639 8081.9583356541079411       0                      2945
640 8081.945267079219775        0                      2950
641 8082.0343778643373298       0                      2954
642 8082.9356975306191089       0                      2959
643 8081.9588771572116457       0                      2963
644 8084.0310679658314257       0                      2968
645 8082.7829816797029707       0                      2972
646 8083.4303343239789683     300.57248906048374693    2977
647 10100.318370885619515        0.11945787159682436096 2981
648 10113.330486035785725      101.2560518659390425     2986
649 8086.6828920111902335     125.52299608924980134    2991
650 8083.7271596584969302       0                      2996
651 8082.5833188550532213     328.56901578158169741    3000
652 8082.0909486284226659       0                      3005
653 8082.2020409181468494     335.16217251983522374    3010
654 8081.9464291735439474       0                      3014
655 8081.9319929130206219       0                      3019
656 8081.9332377078853824       0                      3023
657 8082.1011655491383863       0                      3028
658 10079.167878462671069       94.19491341912946325    3033
659 10081.124210284377114       94.789007564525576299   3037
660 8082.5948804384424875     328.28788419836291723    3042
661 8082.0902019128952816       0                      3046
662 8081.9308856958614342       0                      3051
663 8081.9639378019592186       0                      3055
664 8082.1007493907936805       0                      3060
665 10129.856341623803019        0                      3065
666 8082.6120834676858067     327.45643424796884347    3070
667 8081.9422508608131466       0                      3074
668 8082.9779829824128683       0                      3079
669 8081.9551060568255707       0                      3083
670 8081.9350685299568795       0                      3088
671 8082.9421575565838793       0                      3092
672 8082.1563912857091054     334.23728247244332579    3097
673 8084.0285466925797664       0                      3101
674 8082.7684066036799777       0                      3106
675 10089.551845978618076        0.03369096330645528908 3111
676 10122.285740222599998       97.594630946739400201   3115
677 8082.0106304798482597       0                      3120
678 8082.0309174711655942       0                      3125
679 10098.918182901286855        0.10478544194806344025 3130
680 8082.5022308251773211     359.19616307371643416    3134
681 8081.9876004544239549       0                      3139
682 8081.9358408377183878       0                      3143
683 8081.9280489766124447       0                      3148
684 8081.9556240451656777       0                      3152
685 8082.9802839769909042       0                      3157
686 8083.6796299623665618       0                      3162
687 10091.609488074085675        0.29470081523049818095 3166
688 10093.74257030183071         0.05977700504062378323 3171
689 8082.4999439975617861     358.90274619818950441    3175
690 8081.9267752228915924       0                      3180
691 8081.9558660925786171       0                      3184
692 8082.0112318842866443       0                      3190
693 8082.005398788200182        0                      3194
694 10067.492325800132676        0.01826519509469919436 3199
695 8082.5279251739002575     325.75302550010235336    3203
696 8081.9405947162968005       0                      3208
697 8081.9287376811516879       0                      3212
698 8081.9359223757119253       0                      3217
699 8082.9346321024504505       0                      3221
700 8082.9818223847905756       0                      3226
701 8082.1630247588536804     334.8145305837059027     3230
702 8084.021808216422869        0                      3235
703 8082.7647327125914671       0                      3239
704 10111.371215474413475        0                      3244
705 10098.253079416997934        0                      3248
706 8086.6993114145625441     121.87601837676088223    3253
707 8081.9928492018916586       0                      3258
708 8084.7222995526826708     310.85749057930723893    3262
709 10099.410659284025314        0                      3267
710 10103.316100146454119        0                      3271
711 8082.5653399551665643     352.74482606555193343    3276
712 8081.9886640876338788       0                      3280
713 8081.9264910296724338       0                      3285
714 8081.9840032474749023       0                      3290
715 8082.1230422592161631       0                      3294
716 10144.841640001302949      116.63103963722805645    3299
717 8082.5550938974911332     353.31873167309748851    3303
718 8081.9347080138350066       0                      3308
719 8081.936583937326759        0                      3313
720 8081.9298684838531699       0                      3317
721 8081.9543167944757442       0                      3322
722 8082.9298513353551243       0                      3326
723 8082.7668451059753352       0                      3331
724 8086.6577931762412845     123.99447626946192713    3335
725 8092.1607101101881199     137.86908111510788899    3340
726 10100.85875223027324         0.00259683662175613826 3344
727 10113.122580791057771      115.5784947187922711     3349
728 8081.9468582394601981       0                      3353
729 8082.7954618517997005       0                      3358
730 8082.5595731455887289     353.60935605647097191    3363
731 8082.1911212212617102     333.46248856913928194    3368
732 8081.9258777865934462       0                      3372
733 8081.9569488788156377       0                      3377
734 8081.960561126860739        0                      3382
735 10099.24561746701329       120.14199206887236926    3386
736 8082.5432566371200664     353.63047264778805356    3391
737 8081.9360753063911034       0                      3395
738 8081.9548998094942363       0                      3400
739 8081.9238770098581881       0                      3404
740 8081.9268935123036499       0                      3409
741 8083.012547096115668        0                      3413
742 10095.693282417185401        0                      3418
743 8082.5386021690192138     354.49589975798431851    3423
744 8081.9902192936697247       0                      3427
745 8081.945824998034368        0                      3432
746 8081.9230173924424889       0                      3436
747 8081.9599059597758242       0                      3441
748 8082.1017476295810411       0                      3446
749 10070.964296093363373        0                      3450
750 10084.693456022931059        0                      3455
751 8082.5542108837871638     325.19307227363736956    3459
752 8082.0799250747868427       0                      3464
753 8081.9479554688241478       0                      3468
754 8081.9570409506259239       0                      3473
755 8081.9241924405487225       0                      3477
756 8081.9601157013557895       0                      3482
757 8081.9921323459811902       0                      3486
758 8082.9247892310022507       0                      3490
759 8082.1637110901738197     333.69215575929041506    3495
760 8082.7598230133280595       0                      3500
761 10095.818964722708188        0                      3504
762 10114.742356922704857      104.70318673730677972    3509
763 8081.9201044582869145       0                      3513
764 8081.92038390554535         0                      3518
765 8083.5813892802780174       0                      3523
766 8083.5894472971394862       0                      3527
767 10078.3725288510268          0                      3532
768 8082.5908018267518855     324.08554798075357439    3536
769 8082.0794724899851644       0                      3541
770 8081.9505847947420989       0                      3545
771 8081.946810209639807        0                      3550
772 8081.9404160165649955       0                      3554
773 8081.9959586616387242       0                      3559
774 8081.9820779239134936       0                      3563
775 8082.7889562544178261       0                      3568
776 8082.9231558381334253       0                      3572
777 8082.1647709864928402     333.40901691826485376    3577
778 10106.124161426498176       87.474087572033695892   3581
779 10106.303549773740087        0                      3586
780 8084.0378313023202281       0                      3591
781 8081.9336628114024279       0                      3596
782 10097.444738560237965        0                      3600
783 10096.718312290251561        0                      3605
784 8082.5301606810007797     352.17779280041202128    3609
785 8081.9896132920466698       0                      3614
786 8081.9167177763920336       0                      3618
787 8081.9530532217213477       0                      3623
788 8081.9466150702510276       0                      3628
789 10110.424029048012017        0                      3632
790 10108.476755569517991        0                      3637
791 8081.9919753663962183       0                      3642
792 8081.9260731824942923       0                      3646
793 8081.9230092021471137       0                      3651
794 8081.9502999384649229       0                      3655
795 8081.9273412536813339       0                      3659
796 8081.9850661150385349       0                      3664
797 8082.9387366496530376       0                      3668
798 8083.0342618910362944     326.56791208789508119    3673
799 8088.3488024216221675     113.11125662772856515    3677
800 10125.845099687947368        0                      3682
801 10086.788150441479956       95.275926060919616134   3686
802 8081.9320082681051645       0                      3691
803 8081.9229484476300058       0                      3696
804 10092.208313700230065        0                      3701
805 8082.2069172830269963     337.60387703046774277    3705
806 8081.922139746454377        0                      3710
807 8081.9207105081832196       0                      3714
808 8081.9162446564741913       0                      3719
809 8081.9246942478057463       0                      3723
810 8082.040612030596094        0                      3728
811 10083.988171165943641        0                      3732
812 8082.2041078640022533     337.88948771471865484    3737
813 8081.9488899163525275       0                      3741
814 8081.9432299018026242       0                      3746
815 8081.9226884304589476       0                      3750
816 8081.9184407918983197       0                      3755
817 8082.5567366118857535     364.11059664599662256    3759
818 8081.9851735521679075       0                      3764
819 8082.7540234446432805       0                      3768
820 8087.2959224905553128     153.15639005183064114    3773
821 10105.196301824227703      102.66948246141262757    3777
822 10107.088964540998859        0                      3782
823 8081.9598771286182455       0                      3787
824 8081.9563460674153248       0                      3792
825 10096.287078292651131        0                      3796
826 8082.1981920116750189     337.04767522805889257    3801
827 8081.946999268109721        0                      3805
828 8081.9174166122047609       0                      3809
829 8081.9209350671544598       0                      3814
830 8081.9175917182537887       0                      3818
831 8081.9870893957768203       0                      3823
832 8082.1605025784774625     333.37565450306823323    3827
833 8082.9199087543902351       0                      3832
834 8082.7539312078697549       0                      3836
835 10105.907203321727138        0.09441843788922561764 3841
836 10105.382952570196721        0                      3845
837 8085.9520518182425803       0.07129110816606651357 3850
838 8084.8868411620214829       0                      3855
839 8082.1916478771654511     336.45563198914106806    3860
840 8081.9451968483263045       0                      3864
841 8081.919573888456398        0                      3869
842 8081.9871185375950517       0                      3873
843 8081.9922880056928989       0                      3878
844 8082.1596588948004865     332.82145692804937198    3882
845 10103.337535877115442        0                      3887
846 10106.679061303166236        0                      3891
847 8081.9155516068603902       0                      3896
848 8081.9224936411892486       0                      3901
849 8081.9188346712762723       0                      3906
850 8082.8141490677662659       0                      3910
851 10090.299302353734674        0                      3915
852 8081.915516104035305        0                      3919
853 8081.9252775892764475       0                      3924
854 8081.9717048532984336       0                      3929
855 8085.2633152645767041       0                      3934
856 8081.9203794707837005       0                      3938
857 8081.9162248666279993       0                      3943
858 8081.9904444413541569       0                      3947
859 8082.1698047463150942     333.3970770596634452     3952
860 8082.9191081758044675       0                      3956
861 8082.7533523686151966       0                      3961
862 8088.3531365879098303     112.27250862670807408    3965
863 8082.1581563444033236     332.51700487527193673    3969
864 10108.621621304944711        0                      3974
865 10103.156772818592799       92.997862154297877169   3979
866 8081.9256943218169909       0                      3983
867 8081.9207105081932241       0                      3988
868 8082.1689135860933675     334.23523899048461772    3993
869 8081.9444769443598489       0                      3997
870 8081.9206495070820893       0                      4002
871 8081.9163619098035269       0                      4006
872 8082.1625053116522395     332.53839088270393631    4011
873 8082.9190409795255619       0                      4016
874 8083.9884955984316548       0                      4020
875 8085.041466468026556      341.55072604840711392    4025
876 10107.162581672433589        0                      4029
877 10104.118584025478413        0.10444645728051236977 4033
878 8081.9172324014280093       0                      4038
879 8081.9234362827673976       0                      4043
880 8082.1723429173352997     334.79012136250503318    4047
881 8081.9171255172268502       0                      4052
882 8081.9151187665493126       0                      4056
883 8081.9168212659087658       0                      4061
884 8081.9205344467882242       0                      4066
885 8081.9191705067687508       0                      4070
886 8082.7539192050271595       0                      4075
887 8081.9429209166828514       0                      4079
888 8082.1636453991786766     333.09223647733989537    4084
889 8082.9199913934398865       0                      4088
890 8083.9899556892496548       0                      4093
891 8082.7558430909612071       0                      4097
892 10101.710637510605011        0                      4102
893 10107.821075600995755        0.08248457880437463918 4106
894 8081.9169433636252506       0                      4111
895 8081.9171294087445858       0                      4116
896 8081.9155207554531444       0                      4121
897 8081.9888256743861348       0                      4125
898 8082.7535575608608269       0                      4130
899 8088.3152882093845619     110.81799840984875516    4134
900 8088.3138388602483246     111.14183705929168866    4139
901 8083.4293924653384238     299.01499000527456928    4144
902 10105.303385237813927        0                      4148
903 10106.468389432211552        0                      4153
904 8081.9726584309692043       0                      4158
905 10097.83615750221179         0                      4162
906 8082.1647311047172479     331.4311408273342181     4167
907 8088.3191996286223002     111.81420999813627759    4171
908 8089.048928070365946      132.31351826068876676    4176
909 8082.1594189824818386     333.07080908923359175    4180
910 8082.1757539620293755     334.50599230077909851    4185
911 8088.3236718480293348     111.97178318651222639    4189
912 10107.063074318775762       94.081110237599702373   4194
913 8081.9164530493508209       0                      4199
914 8082.9223788947847424       0                      4204
915 8082.7986017235534746       0                      4208
916 8084.854596975844288        0                      4213
917 8083.980252568438118      344.3021922485442019     4217
918 8087.4618847387946516     133.68987723052197225    4222
919 8093.8043490674435816     187.87668010138736463    4226
920 8083.9645385221365359     324.03911778198647653    4231
921 10102.648705295174295      114.45327467126884358    4235
922 10107.847983884428686        0.07956135368656321039 4240
923 8081.9819853654635153       0                      4245
924 8082.017206981234267        0                      4250
925 8082.7534164636772402       0                      4254
926 8085.1908267250810241       0                      4259
927 8082.9496423698228682       0                      4264
928 8084.0165625339195685       0                      4268
929 8083.4791753612907996       0                      4273
930 8085.9234034404225895       0.09892628586108746791 4278
931 10101.525464956166616        0                      4282
932 10112.633928082683269      108.67085763631287421    4287
933 8081.9286684238149974       0                      4292
934 10095.897425454024415        0                      4297
935 8083.9783152727914057     343.38869864967551848    4301
936 8092.1337129187822939     137.22791651817487946    4306
937 10112.889860766095808        0                      4310
938 10099.865143889543106      107.30783676466796805    4315
939 8082.7609198830768946       0                      4320
940 10093.885982281495671        0                      4325
941 8082.1889081425933909     331.72289856819850229    4329
942 8088.3112017078110512     110.63846833698090677    4334
943 8088.3225361445511226     111.64644903179197399    4338
944 8082.1720281186780994     333.95146206974601455    4343
945 8082.1613274428182194     332.23394583497565691    4347
946 8088.337385925052331      110.93704221120461284    4352
947 10100.635479130811291        0                      4356
948 10112.500791778431449       95.143270615677977275   4361
949 8082.1627156124595786     331.12748216072372998    4366
950 8081.9429966318448351       0                      4370
951 8081.9858504820695089       0                      4374
952 8081.9973591352600124       0                      4379
953 8082.0216019743111246       0                      4383
954 8084.0013524558926292       0                      4388
955 8083.9945086721381813       0                      4392
956 8084.0130638181562972       0                      4396
957 10108.410950976714958        0                      4401
958 10102.770990513628931        0.00095301060782323002 4405
959 8081.9932133078846164       0                      4410
960 8083.5372440283063042       0                      4414
961 8082.8024899778747567       0                      4419
962 8082.8019485329887175       0                      4423
963 8083.9929198818872464       0                      4427
964 10104.277054955831773        0                      4431
965 10104.737729673795911        0.00000027185763974891 4436
966 8081.9275590463748813       0                      4440
967 10104.82029253118526         0                      4444
968 10090.791709164568601        0                      4449
969 10103.316100146446843        0                      4453
970 8082.1660826803517921     332.25535806025959573    4457
971 8089.7727112391239643     138.838167611962092      4461
972 8083.0007325325213969     322.15116088678820461    4466
973 8083.4324980859419156     300.41437075748416419    4470
974 8088.3102320428342864     111.63388668983984076    4474
975 8089.0570496759073649     132.32695756910345608    4478
976 10101.094662973811865        0.0006886224891596098  4482
977 10107.98187298067387         0                      4486
978 10089.201192329799596        0                      4491
979 8083.0293436362117063     320.82561803572303916    4495
980 8088.3190959501444013     110.65097358313781228    4499
981 8089.0635994487947755     131.79090548512292003    4503
982 8089.0810563634877326     133.19181334524404292    4507
983 8082.1628485197270493     333.92999809756719287    4511
984 8084.1627336245283004     292.05550819487604031    4515
985 8083.432901804481844      298.76379984544075796    4519
986 10102.797626591313019        0.00066275549626357158 4523
987 10109.030236825581596       94.675696070839862273   4527
988 8082.166082680366344      332.25535806025618513    4532
989 8082.1966304242669139     334.2776545310146048     4536
990 8082.9484304515463009       0                      4540
991 8083.0101815336383879     322.17211795544574215    4544
992 8088.3386459172343166     111.93401827832808237    4548
993 8089.061435030607754      133.4161486882204315     4552
994 8089.098287135213468      132.66719826607112509    4555
995 10103.956045019622252        0                      4559
996 10106.140107799266843        0.0798440435035809859  4563
997 8081.9341963301549185       0                      4568
998 10090.953808011307046        0                      4572
999 8081.9206835495597261       0                      4576
1000 8081.9194838771300056       0                      4580
