1 9241.8429640613994707     122193.00488410706748       6
2 9428.1663194187221961     109854.84989999695972       10
3 9120.4282880164919334     128710.06633597541077       14
4 9395.2090234747738577     122463.14028672073619       19
5 9383.7813453324451984     126119.90366930546588       23
6 9404.3145654598120018     125769.92726291468716       27
7 9179.0505159502426977     50258.355591349980386      31
8 9134.4137758612305333     4223.3940248969765889     35
9 9194.7552679949039884     23321.970085383942205      39
10 9161.5948961137564766     13690.483713170389819      44
11 8838.0720391751056013     3828.6412732544245046     48
12 8534.5712188057714229     4418.59796481659032       52
13 8547.6241910143835412     7722.9418296961275701     56
14 8623.5366001984693867     6602.6876620714929231     60
15 8461.4126383523816912     10570.015925624369629      64
16 8664.5099063050911354     26768.338527442021586      69
17 8570.9359250106899708     15599.439036929925351      73
18 8829.5854732966381562     1611.521076205702002      77
19 8820.1776600761204463     276.8853779710350409     82
20 8821.7821577319882635     300.98969063086298092    86
21 8459.5899998125969432     2921.964125562193658      90
22 8873.7327933052038134     376.02469904763626118    94
23 8631.5996682542117924     988.61065347566295713    98
24 9279.570105609633174      829.11417144667814227    103
25 8823.4626686200408585     698.4680338471680443     107
26 8819.1933524303949525     334.04899594826230214    111
27 8731.0221175788792607     508.38026632067595756    115
28 8957.7533332555321977     201.1810280669355393     119
29 8928.7729825170699769     115.16537528945860913    123
30 8573.5380618779781798      57.397957742917839141   130
31 9167.9094806194480043     31531.112732845838764      134
32 8340.9590291136864835     6091.452662921827141      138
33 8336.60490860320715       4937.3611723937910938     143
34 8595.6551486109765392     548.70925760702959906    147
35 8596.8250382269598049     509.1581626695108298     151
36 9211.3194358721393655     105.63969606267463064    155
37 8785.9238353797682066     310.22162697480763427    159
38 9262.6048108825743839      81.41361133815514961    163
39 9061.3579977972931374     142.61807272888316334    167
40 9109.1009401676728885     158.07905347710394039    172
41 8917.6355056929842249     238.59615945557618488    176
42 9403.7777976773777482     6713.0404772995907479     180
43 10039.426719229653827      1903.5865874601536234     184
44 9462.1190911395133298     11439.146826212507221      191
45 9278.7737832032653387     19085.472963251308101      196
46 9262.8678882627318671       0.00253740014925051254 200
47 9430.54258572013714        62.287456694112414368   204
48 9276.6991013133374508     731.70709227688666942    208
49 8866.8701466082966363     24283.417691398924944      213
50 8659.2899112295363011     325.80595191388590592    217
51 9293.8525175299837429     19610.310967926885496      221
52 8320.3507296999123355     886.89050888799340555    225
53 8323.0710525451686408     984.77638541781971071    229
54 9264.5638598679033748      11.48993765836255676    234
55 9263.5263720537968766       1.9015887560825108782  238
56 9261.8580770597309311      99.976847611214324729   242
57 8780.7530544190794899     336.97251801602959631    246
58 9091.1405290828879515     17116.748548684343405      251
59 9413.5176832100623869       2.4219788894941189916  255
60 9260.7496763004601235       0.00144322999698431593 259
61 9262.6459113569108013       4.4632718479470714357  263
62 8332.6697942827559018     2316.7467729197651352     267
63 8334.4601996510373283     2649.2949427227695196     271
64 9682.5833782736463036      20.845634254823188769   276
65 9261.1920439490804711     106.29919327984976007    280
66 9669.055887795821036       11.608465197098858823   284
67 9357.7758058050421823       0.28439926274301680076 288
68 9246.7177563798250048       0.01274010546738987316 292
69 9264.3400593151072826      59.878563676134078264   297
70 8924.467881945105546      435.25648244936809306    301
71 9474.1989586338986555     23726.889746663731785      305
72 9262.2810037567687687      67.704699805727827311   309
73 9419.4482808114025829     971.29494350556547033    313
74 9261.4982858528692304      95.642022601617995292   318
75 9851.134426049886315      335.44426188922591336    322
76 9291.5970891669549019     6137.216271274652172      326
77 8949.2926947192390799     16285.954045666374441      330
78 8545.0375280759417365      18.153111463778756729   334
79 8667.251022962071147      2293.5310279851078121     339
80 10311.492677011470732      170.52510309491196949    343
81 8887.5257869697525166       9.7085135264112416564  347
82 8870.6815061892211816     323.39008930111691598    351
83 9259.8021350849667215     101.42151616089876143    355
84 9112.4419950279680052     20349.928720307838375      360
85 9058.8820132087857928     6077.2860589643396452     364
86 9258.064023587417978        0.022390591428627208   368
87 9567.2032355524443119     3092.6072335867515903     372
88 9338.7809747478022473       3.7787054824631214345  377
89 9096.9880381820330513     6500.2449337709158499     381
90 9269.0686911547563795     320.22452190917908865    385
91 9235.0433419369819603     13097.993661514567066      389
92 9484.2729520720458822       7.7647744765600688055  394
93 9042.5627556763429311     1550.5108181419377615     398
94 9042.5579397008077649     1553.6675643701271383     402
95 8846.7872403957226197     230.7809644610443911     406
96 9411.2409211040376249      66.087310706336353405   411
97 9327.3391530573026103     853.83424017251138594    415
98 9133.4508755370789004     287.46124497022918831    419
99 9374.0498864936562313       3.6881138305152556534  423
100 9187.3541783574946749       0.26955417788017271841 427
101 9304.7788495947461342       0.03999892048810215622 432
102 9235.4048755891089968       0                      436
103 9262.168738244643464        0                      441
104 9003.106724560548173      188.48407049057610152    445
105 8716.6114870643468748     647.24850586595289315    449
106 8674.2713442883505195       6.575838856452943304   454
107 8712.2897452570887253     663.78693963963542046    458
108 9009.4118161482729192     634.5097721369664896     462
109 9557.2730170128015743      40.734194453604203545   468
110 9398.6460652127843787     881.0270632034890923     472
111 9246.2676592156822153      88.384356663422465772   476
112 9232.7867806620597548       0                      481
113 9236.4066332019901893       0.01229520596140708244 485
114 8654.9326131830694067       0                      490
115 8490.124749130462078      11851.037722542383563      495
116 8317.0951109939342132      58.092519209818902937   499
117 8326.4826846187424962     435.54855812983561236    503
118 8489.1918986319742544      25.866716472835808105   507
119 8927.2186477535688027     190.91939186913671733    512
120 9177.3602364819853392     132.64141913747837975    516
121 8779.7884784663237951       0                      521
122 8666.8899971583487059     821.85684620834410907    525
123 8791.1921036284638831     182.11264744908893931    529
124 8551.8662030587129266     190.54131020732245361    533
125 8628.8011206317714823     3858.1320946862597339     538
126 8741.1749844066507649     8613.1343331452662824     542
127 8779.2243200946904835     335.50777259576085498    546
128 8983.8067035908970865     1711.0328251654279939     550
129 9674.4288674315848766     700.79073365470230783    555
130 9068.5690535788235138     175.01380330286582421    560
131 8435.2720764196783421     1315.1516725961541852     564
132 8397.8968047767830285      24.930236763259330246   568
133 8405.4053957865526172     318.36506421915800047    573
134 8653.9985712494508334       0                      577
135 8448.8751959660348803     1709.5416663121548027     581
136 8396.0642981853252422      48.003779699397433944   585
137 8511.5617590224483138     483.67817809790693673    589
138 8317.8188677038488095      53.524623114022041648   593
139 8711.5131867439577036      95.75564238949409912    598
140 9176.2605465354663465     116.80416902891717257    602
141 8658.5514072188161663      34.317233740676400089   606
142 8959.0790744336754869       0                      610
143 9078.7477749153404147     293.19752661516872649    614
144 8539.6278772467212548       1.6990629518785491658  619
145 8589.2152588345197728      21.380644173304606426   623
146 8778.500201631548407        0                      627
147 8653.5481543426722055       0                      631
148 8663.5588601139970706     195.98221004880315377    635
149 8596.5970070285384281      12.728433935308956393   640
150 8878.2839502952974726       8.537486416759898944   644
151 8504.1837977658924501      36.17852260985292645    648
152 9671.7833323379927606      21.323226703902243173   652
153 8599.1846862550191872      59.877078673709547729   656
154 9174.8502958697463328     117.2715553042232699     660
155 8674.7357176254517981       0                      664
156 8778.6908112611563411       0                      668
157 8782.4055691988578474       0                      673
158 8959.1144573003875848       0                      678
159 8540.5557627429916465       0                      682
160 8296.9285730215469812     612.67373419703778836    686
161 8520.9428174211789155      13.066829363403357434   690
162 8359.4372395768587012      25.459643605877278816   695
163 8422.9523822866503906      17.402902781007004052   699
164 8414.6401698733989178      27.539548774388745045   703
165 9428.299753852386857       32.543236319510619126   707
166 8557.7723307657161058       0.81850125941711615596 711
167 8336.945696973700251      307.6761055562814704     715
168 8541.9337786993983173       0                      719
169 8546.1896704935206799      79.090243323132241926   724
170 8791.7473555198848771      32.774601707822895946   728
171 8836.8854395564612787      50.854884566959981385   732
172 8568.826435292212409      134.36240457393870429    737
173 8690.4865340695359919     2839.0774242337442956     741
174 8921.1665880095079046     673.81151504018623655    745
175 9124.1859919198250282     3618.0309025823939919     749
176 9491.1959700980041816     5395.8992370723353815     753
177 8275.8595732144112844     11352.866396899731626      758
178 8327.9538494775169966      73.254722465181004054   762
179 8365.698476764595398      283.15873264591647285    766
180 8539.6397492722971947       1.6189420164913792544  770
181 8985.732433368848433      168.91371511894229229    774
182 8517.3477233143185003       3.6942487595708302095  778
183 8596.9716100049845409       0                      783
184 8656.382510153011026        0                      787
185 8488.7184918770963122       0.96814154057422863175 791
186 8538.8651347567792982       2.5219465274625254558  795
187 8656.5555052770723705      23.967908151165705277   799
188 8670.8237195691162924       0                      803
189 8546.5092959879220871     665.00825577588034321    807
190 8663.0158462412709923       0                      812
191 8987.0748571009135048       0                      816
192 9615.4788838057138491      39.09248082497691712    820
193 8471.8611386306620261     1021.0721309089180977     824
194 9735.1156007689005492     351.10154820618612348    828
195 8665.5196977665000304     813.58739590778691309    833
196 8977.602478290162253      176.58346192842523692    837
197 8503.7841096130759979       3.5605603565341326089  841
198 8601.0853227171155595       0                      845
199 8578.989903702353331        2.5188615516401240413  849
200 8508.8298082970541145      37.615638328290586401   853
201 8457.7209601969734649      25.473363553678403548   857
202 8542.9302825304348517       1.8569516560070549183  862
203 8541.6537975398387061       0                      866
204 8555.5600320723988261     472.99384001256572674    870
205 8564.3663486925306643     2539.7883062903397331     874
206 9272.0419893469825183     412.36047474459059003    879
207 9261.8757807494203007     478.32308503023386947    883
208 8486.1186768590105203      37.379680289616722177   887
209 8513.8707396696663636      37.307719282039080611   892
210 9346.8535248046719062      20.163538220712588611   896
211 8592.2596346030677523     275.54706750340966437    900
212 8643.9645091909533221     3170.3788413660922743     904
213 8658.2070204855008342     455.85461347640847407    909
214 8586.8515768470024341       0                      913
215 8543.7344581011184346       0                      917
216 8554.627760933683021        5.5884885120306027062  922
217 9226.9006524241631269       0                      927
218 8553.8249791794751218       0                      931
219 8530.4733232687176496       0.00348720617257919363 936
220 8560.4311578767938045       0                      940
221 8534.5555981397319556      50.329930268244858382   944
222 8537.0004688956250902     764.00754427817685155    948
223 8564.902215454090765       11.050662910966192243   952
224 9297.4139589705118851       0.58468129830921877765 957
225 8498.1112902484201186       0.96837115910030879817 961
226 9237.1169534769906022       1.2123985953210780764  965
227 8566.9120817928833276     435.04787025679274848    970
228 9234.5776693026182329      93.267869691592778736   974
229 8554.800760535770678      271.29880695698221871    978
230 8556.3451932764783123     1971.9051517183315809     983
231 8565.9464933480212494     435.85311619138201422    988
232 8556.8071150790910906       1.7030506165400924878  992
233 8529.0344281088910066       0                      996
234 8495.4295873932751419       0.34223444521852319777 1001
235 9203.2412015958689153       0.05612830752127121597 1005
236 8499.5797074864058231      62.037356216731346592   1009
237 8497.5203864064314985      61.382301286747797064   1013
238 8610.2421622206966276     949.70542911104632822    1018
239 8522.8553144062771025       0.06498964320960885777 1022
240 8520.1294992993680353       0.89619485532735032596 1026
241 8530.7852674620698963       0                      1030
242 8559.2714810152065184       0.01242878698439382236 1034
243 9243.1479147340633062       0.25522013570016532924 1038
244 8529.1402120136172016       0                      1043
245 8517.9443294738739496       5.4603489629496246849  1047
246 8526.6686386162436975       0.37045221628807878389 1051
247 8527.7245992326425039       0                      1056
248 8523.8393554125705123       0                      1060
249 8512.5819583381380653       0.0042611817208839586  1064
250 8497.7743830314029765       0                      1068
251 8424.751929401729285      1256.159163168467785      1073
252 8450.1504705576899141     124.92973032627553209    1077
253 8764.3486404805280472     325.85856275163706641    1081
254 9163.3459227088751504     127.18357792143605423    1085
255 8479.9973780134369008     5828.5631651342819168     1089
256 8621.3572436581725924     922.89477542760289452    1094
257 8498.9051313388099516       0.53797659993594071359 1098
258 8480.537480681319721        0.08401772962650499998 1102
259 8511.9601939371023036       0.00005931626312406051 1106
260 8626.1110853540194512     201.17593500817648078    1111
261 8421.5364355070432794     1383.1974101993132535     1115
262 8347.7826958510413533       6.8437747104167643286  1119
263 8347.3815199311266042       2.7115110283794527923  1124
264 8347.4997003238986508       4.5024810220125015547  1128
265 8346.6218248187215067      54.215382430957902216   1132
266 8868.6412774432174047     699.17770789791131847    1136
267 8474.4090211823331629       3.686702453285213732   1140
268 8492.8434156699095183      38.47052951177949609    1144
269 8496.651391099941975        2.7777220444529038268  1148
270 8495.990292773280089        0                      1153
271 8347.2367321249184897       5.3333542943535654501  1157
272 8742.6364047721508541     1331.4141553368074256     1161
273 8475.4071468457004812       3.5850863288347274427  1166
274 8403.0794054622474505       3.0264545125828576921  1170
275 8441.2489334057718224      65.772933233452050672   1174
276 8467.1568077169613389      49.516885372538546051   1178
277 8503.9285929662364651       0                      1183
278 8617.7057162102355505     162.17987895147896893    1187
279 8622.2930037885053025       0.00954358902203299511 1191
280 8497.0191340563378617       0                      1195
281 8496.8479028773290338       1.1821332746254664681  1199
282 8447.5100342632358661     2369.5553617718242094     1203
283 8462.8061138476750784       0.97274966351492397898 1208
284 8568.787508247556616      201.47789114624686135    1212
285 8355.1111591471981228       4.8218259737401814036  1216
286 8355.1810670670547552       5.0570666305376450467  1220
287 8368.7971100225622649      12.200356861129664665   1225
288 8354.2890261036955053      34.61199765139018325    1229
289 8832.0933017418501549     1100.9572431844962921     1233
290 8414.5985364568969089      15.100723963863316612   1237
291 8452.6446050319409551     3140.2202964990806322     1241
292 8468.6135619882115861       0.20413353464251590696 1245
293 8465.535587940883488        0.9022316380530764901  1250
294 8518.8690219692125538       0                      1254
295 8594.4277058198076702     286.15882166916605911    1258
296 8528.9907240510874544       0                      1262
297 8528.4803654327388358       3.5993531174547905849  1266
298 8515.0185464767000667       0.0142139681318680447  1270
299 8539.3413195597968297       0                      1274
300 8515.3400136139862298     1329.3796153766602401     1278
301 8419.175512592699306       51.573816664491275219   1283
302 8511.3192141239069315       3.2088062578277303238  1288
303 8540.6095342813514435       9.9270923657477005975  1292
304 8465.8423089248208271       0                      1296
305 8421.8892304669407167     3746.1665308214146535     1300
306 8346.4664930375456606      62.597420671178397811   1305
307 8345.709264737990452       62.488395455086120478   1309
308 8354.2454858751734719      10.883353877986529312   1313
309 8359.7171267702342448      31.422799740838382121   1317
310 8786.0670421192080539     1175.8373865624691916     1321
311 8410.9862802495317737      16.445059550093326095   1325
312 8418.4338719944389595       0.23640712801592073111 1329
313 8448.4743483751299209       1.9252610317322897959  1334
314 8481.5718976576827117     1140.8437582809922333     1338
315 8464.2694465015592868     111.70199783761164269    1342
316 8466.0497513021473424       1.0176207318844499028  1346
317 8499.109807360022387        0                      1350
318 8470.2787321548166801      39.019102894201033394   1354
319 8470.208803825038558      241.5825506882184186     1358
320 8511.4976451745060331     2890.65130726366624       1362
321 8523.9480105276797985     117.11666249126771788    1366
322 8462.1805057972378563       2.6874403873103913654  1371
323 8573.9403710715669149       2.0651169418797206134  1375
324 8409.4504321494623582      25.813235396312659731   1379
325 8480.3622375390514208      88.191123812633250623   1383
326 8781.8739865423704032     2929.8217239864757175     1387
327 8409.2103570444487559      16.771621205871362292   1392
328 8453.3400643857348769       0.00113229531984726409 1396
329 8524.6387674728903221      23.192651957796599049   1400
330 8465.8834043028946326       0                      1404
331 8466.9977417754816997       0                      1408
332 8446.8405774746643146       0                      1412
333 8393.4526811800951691       3.926422639938541348   1416
334 8365.0844863896581955      39.095116567503431781   1421
335 8518.5040364146152569       0.00026244180469152509 1425
336 8717.460926119956639      3076.9080209933817969     1429
337 8404.8929011926320527      13.727893528764477438   1433
338 8452.5348580035333725      17.568279080282703575   1437
339 8579.4737263188744691       0                      1441
340 8423.8754216050947434      77.569239978286702808   1445
341 8446.839260772581838        0                      1450
342 8446.9712025504941266       0                      1454
343 8451.143840100221496       58.039382226941967247   1458
344 8456.2069955544957338     129.59937434719554972    1462
345 8372.9572617822923348     2864.6139926259920685     1466
346 8703.4766118268016726     5086.1303742244181194     1470
347 8401.725395916866546       14.62585830956378885    1475
348 8407.658848482877147        5.8814110501190217661  1479
349 8433.977453189490916      362.68140835836044289    1483
350 8465.0702160070359241       0.00282784757908699329 1487
351 8485.8117805556030362       0                      1491
352 8493.3060949645332585     186.46009642699459619    1496
353 8424.5169809401504608       1.4108667733058044558  1500
354 8441.5828984575855429       0                      1504
355 8445.4289399132430844       0                      1508
356 8367.685575223647902       24.115435676541753907   1512
357 8328.9344799909013091      44.967186607009502097   1516
358 8447.1437953496224509       0                      1520
359 8676.6877541759477026     5970.3206116173978444     1525
360 8418.074334803972306       12.061658182326834066   1529
361 8442.1486389753645199       0.81810529557825406588 1533
362 8449.7948012005545024       0                      1537
363 8431.7171461389207252      80.909042289676548876   1541
364 8543.9561187740000605       0.06455191689208576722 1546
365 8411.4228400698339101       4.3657445315508081052  1550
366 8448.7031132743595663     109.71685311509286009    1554
367 8436.5959144161370205     2014.7354589892202057     1558
368 8434.2548901307818596     133.95383485627837672    1562
369 8440.4071625717479037      21.764734527283369658   1566
370 8628.8624683902344259       1.4978860222501788613  1571
371 8364.6618431655369932     3551.3213515168749836     1575
372 8426.0966723877500044       0.02966901422969047894 1579
373 8353.6712273960347375       6.5178313885543515127  1583
374 8338.9064107228550711     119.57502518280871584    1587
375 8434.4201330490213877     184.37387251564612711    1593
376 8412.3477023611540062     161.36855143927084555    1597
377 8673.1451867954783665     5987.3605386820154308     1601
378 8396.1826885543923709      15.776463769240722357   1605
379 8437.3507785654946929       0.05627470566414641967 1609
380 8432.2249195879558101      62.686923130789466541   1613
381 8438.4914395849064022     164.25709090219237396    1618
382 8440.3157483648592461       0.91713154260320273181 1622
383 8442.4201767034319346       0                      1626
384 8449.1606023323183763       0                      1630
385 8489.710483847409705        0                      1634
386 8445.1999675585866498     148.71346563769623117    1638
387 8506.5279224086407339     135.60668524368361432    1642
388 8522.4532742562751082     1104.2341337905054388     1646
389 8391.6726172947783198     2774.9267761295527635     1651
390 8465.200270387917044      224.58397266752507448    1655
391 8462.5838019173170323     128.20208300665214551    1659
392 8472.4853007999663532      97.743727378641608539   1664
393 8630.4691406706606358     7091.630194627930905      1668
394 8417.6436264163312444       7.0452248569933946243  1672
395 8435.4161091432579269       0.08787227700397737262 1676
396 8437.3630201055311773       0                      1680
397 8424.8645872366032563       0.01020377820388293326 1684
398 8332.0311634385670914      39.183760435660467181   1689
399 8412.788092534394309       37.22133610030461881    1693
400 8666.1027142623897817     6016.0277011221915018     1697
401 8395.3247647618300107      15.934573548442655166   1701
402 8403.8110168294806499       0.70037060982072985027 1705
403 8421.4933005289713037       1.1899338954009557323  1709
404 8452.7558442532335903       0                      1714
405 8394.0016591221155977       2.8704270327621208558  1718
406 8430.1764540476578986       0.04386110128584745638 1722
407 8482.8430434186793718       0.00189086439739439725 1726
408 8431.2485550209712528       1.5510340869607290859  1730
409 8434.8993561037532345     3312.2299435324202932     1734
410 8501.6000949426561419       0.00850341873248996669 1738
411 8524.2144726192946109      14.399355662375747045   1743
412 8477.1850226755977928     1043.7874668607698823     1747
413 8395.9421868740264472      24.198759740904687732   1751
414 8398.9475723659270443      75.632542518558949496   1755
415 8465.9583132724073948     575.55179171030772522    1760
416 8590.5719813454943505     7141.224782374068127      1764
417 8409.1424257694288826       8.2255479633625991909  1768
418 8433.5389411119085707      79.042349193105621907   1772
419 8433.5327252507322555       0.12193716311538403685 1777
420 8435.1671476776646159       0.012937596346830239   1781
421 8442.039137551042586        0                      1785
422 8428.9970270680842077       0.01800165665226787642 1789
423 8443.586586959703709      101.24997393159441117    1794
424 8420.7261269981172518      24.992091104763339615   1798
425 8432.3405972234741057       0.03556934362116166704 1802
426 8538.7334443538420601     1520.2776159087081851     1806
427 8490.8253642062845756     117.60916824335532738    1810
428 8471.3231109046046186       0.01388266063934638812 1814
429 8424.7714848998948582     404.97367044940335745    1819
430 8485.4332397089456208     207.98768347424160652    1823
431 8485.5294805773482949     220.35070791137550827    1827
432 8496.7092251608137303     5288.1230649088847713     1831
433 8434.6065559356975427       2.6565196902604428786  1836
434 8436.9399334905137948       0.02342286921834820304 1840
435 8513.5825771465497382      33.596983782625507331   1844
436 8436.4185977705692494       0                      1848
437 8433.5940532411350432       0                      1853
438 8425.1989960184600932       0.00946026106466318732 1857
439 8420.2987639370439865       3.8825382461671900103  1861
440 8422.140867990672632        3.8788072958369386178  1865
441 8469.920525229517807       98.287953354859070032   1869
442 8578.6879915852641716     11077.208437932691595      1874
443 8404.7749735114412033       9.0469825971667550135  1878
444 8430.2242157058954035       1.335318427401089636   1882
445 8430.7017979056745389       0.18873850730312624613 1886
446 8430.2790123107424733       0                      1890
447 8420.4826326923812303       0.01120930378259842215 1894
448 8392.4880157972911547       9.6211316086334033315  1899
449 8521.865883348553325        5.7553982280761335488  1903
450 8480.2958451503163815     963.18185161887072354    1907
451 8574.2804093934209959     8104.8305047616931915     1911
452 8405.171838045678669        8.8869304928443000335  1915
453 8429.820188317915381        0                      1919
454 8429.2305545760918903       0                      1923
455 8434.5424911077989236       0                      1927
456 8438.392452984708143        0                      1931
457 8366.2550295549535804      27.088670640479058704   1936
458 8634.7268254746286402     6047.8884421674292753     1940
459 8388.0378267707346822      17.207397192626871174   1944
460 8383.4174239944495639       0.96520214567092577074 1948
461 8427.3845672172556078       0                      1952
462 8575.3834634784197988     201.38614214411126113    1956
463 8417.4340133674468234      12.05388152074656638    1960
464 8260.5078938337610452      76.053243366363261657   1965
465 8387.9448085575895675      14.69766819011453407    1969
466 8370.958459143897926       34.708656039525315862   1973
467 8371.4918868893018953      31.188716184171152435   1977
468 8612.3427384043425263     6034.5302551390986991     1981
469 8389.4661298986193287      16.455483635359868799   1986
470 8338.6180318794868072       6.8500367177255325757  1990
471 8389.574859258820652        0.68828075373244412827 1994
472 8402.8686541188253614       1.6297000618573700415  1998
473 8420.6223086248555774       0                      2002
474 8423.204596853322073        1.5396879269939367507  2006
475 8242.7219416389780235      75.250789434886115714   2011
476 8371.6046265213335573      12.970129274247813811   2015
477 8241.4264935334158508      71.1694503781543375     2020
478 8605.8899204873014241     5881.6114529375427082     2024
479 8387.7670472812460503      16.778347275361007007   2028
480 8337.9675440436003555       2.9079360520601573725  2032
481 8339.0468394113358954      10.120832954233287992   2036
482 8415.6791226897639717       2.4618206167993594846  2040
483 8437.8901163041009568       0                      2044
484 8459.5156293268992158       0                      2049
485 8590.8760603495411488       0                      2053
486 8413.1119160334237677       1.0737150757918960675  2057
487 8412.7232922194034472       0.97343214372677366875 2061
488 8421.3108329727474484      95.476753061390809307   2065
489 8450.3066749201097991       1.0665361799243475716  2069
490 8436.7048821112439327     202.62595372101225166    2074
491 8401.7129352630181529       1.9582942954363380395  2078
492 8246.3312673442815139       0.02488196236165395384 2083
493 8243.7022591388122237       0.70877908137767198227 2087
494 8402.9757927389564429      67.170256917251890627   2091
495 8477.9475687388112419       0                      2096
496 8731.0447222732509545     7509.4241191865048677     2100
497 8328.2643314797078347      20.577648803152488455   2104
498 8376.522816279592007        6.1740762348093012335  2108
499 8380.0723321315344947       0.96978083962132544116 2112
500 8410.0367295236610516       0.01747900376146003382 2117
501 8462.2146965159226966       0                      2121
502 8405.0511025007072021       2.3568150317461942223  2125
503 8395.5891360138466553      11.087516002421452299   2129
504 8401.0355847348528187      18.601219073586065633   2133
505 8411.009958186710719       89.262773296674112089   2137
506 8487.5774029076183069      94.684126323508976952   2142
507 8542.9890447128964297     2031.0160881685958429     2146
508 8473.0714094325303449       2.4393502070523527259  2151
509 8561.5525450615550653     123.03137774893544076    2155
510 8427.4867651910590212       6.0496668047730093321  2159
511 8469.8977722852250736     203.46559751583134812    2163
512 8423.8672390654555784       0.14123896484122366868 2168
513 8425.5537264816466632       0                      2172
514 8537.8234487492682092     224.42332774658370909    2176
515 8425.7980656448216905       0                      2180
516 8437.5095986151554825       0                      2185
517 8409.979561643107445        0                      2189
518 8380.2764187704196956      17.868421814119873403   2193
519 8249.5348447604701505      71.256250045014013494   2197
520 8242.0366512089967728      80.252200985705314906   2202
521 8361.0726601388378185      12.819531950923911623   2206
522 8363.9253803690480709       8.1595050895771894517  2210
523 8715.0524700661171664     5086.2901487241169889     2214
524 8326.6852149707119679      20.400664991352066124   2219
525 8397.7805591031356016       0.13840876180426014974 2223
526 8409.8180519190391351       0.23254054667923296229 2227
527 8457.1933668066267273       0                      2231
528 8457.758523219563358        0                      2235
529 8404.4423437636542076      82.258723681736981348   2239
530 8410.2420329728520301     1734.8975338625596123     2243
531 8410.3710912698225002       3.7485812529558892869  2247
532 8413.2015206160467642      89.261845465789576792   2251
533 8438.0825808866811713      33.736808700370218617   2255
534 8595.63348920252065         9.2586576437976653153  2259
535 8351.510196427385381      3522.437168895326522      2264
536 8415.1444047784534632       1.5759105366244310353  2268
537 8458.9089132345470716      78.928917016862456535   2274
538 8467.8747072026926617      70.176921826011280814   2278
539 8367.4112311036078609      96.662806402689454899   2282
540 8394.8475300010213687       0.01224133011760550512 2286
541 8407.1266339372941729       0.30356498554454147687 2290
542 8378.5219512029107136       0.47804648411225492133 2295
543 8405.7895488622707489       0.00021596220804168478 2299
544 8407.057596586899308        0.04632293057925728624 2303
545 8407.6271270467568684       0.33027811935292805678 2307
546 8408.5706412948038633       0                      2311
547 8404.5187723055860261       0.01265708618024270413 2315
548 8282.0854987901657296      40.562801064556325059   2320
549 8388.0482907665245875      14.393585579805733943   2324
550 8708.9500400926808652     5072.4527338975512976     2329
551 8325.979492853024567       20.276098453170188662   2333
552 8397.4887224697013153       0.18142367456784649904 2337
553 8521.7274148299802619       0                      2342
554 8457.1401471657482034       0                      2346
555 8389.1566584663778485       0.11759901185334963036 2350
556 8404.5293812911822897       2.3458411275408965757  2354
557 8405.2554990517619444      91.197093464793766771   2359
558 8405.7241818392176356       0.11075991137622988314 2363
559 8406.6375513243292517     1328.3604059722661077     2367
560 8409.4353163224986929       0                      2371
561 8503.6714865346075385      22.955365447017122449   2375
562 8378.196308596745439      107.90971777803154907    2379
563 8396.6979149179314845     109.90863302248737909    2384
564 8508.5494947257484455       0                      2388
565 8386.1048842187301489     111.83521035905887686    2392
566 8500.1990830020640715      92.877658935950904606   2396
567 8528.1758314315757161     5055.7074863909165288     2400
568 8393.3172589888854418       7.3841529456993670877  2404
569 8530.6463598836344318       0                      2408
570 8402.7293404831289081       0.02509760741682740687 2413
571 8389.6708381934149656       0.1902102713277323276  2417
572 8401.0232904119511659       0.00326490853529171413 2421
573 8404.268362250235441       91.470416652931703538   2425
574 8405.7559250146696286       0.37250762868061065847 2429
575 8407.8494022795257479       0.03874854787859073613 2433
576 8409.3115423787821783       0.67861361525803498562 2437
577 8412.8529561188333901      95.043332361811152964   2441
578 8493.7884194201687933       2.0869513716428560457  2446
579 8418.2298194044797128     2364.4299791111175182     2450
580 8385.4704156889911246     103.08461576619659184    2455
581 8489.2141991831122141     2787.1202603178871868     2459
582 8480.3721161579960608      97.636037872029191931   2463
583 8433.6153373888628266     3460.0233252900866319     2467
584 8399.0899621683020086     3932.7019311971844218     2471
585 8432.0250030655934097       0.39040880320506488044 2475
586 8414.608652921337125        0                      2479
587 8400.0907784317496407       0.0160595389337836944  2483
588 8406.1738424224331538       0.85652105900546116057 2487
589 8406.7821069916972192       0.80573368644043374953 2491
590 8407.2871053637318255       0                      2495
591 8404.5069058792032592      47.201013977501403929   2500
592 8340.7746360049713985      20.04513303208209507    2504
593 8458.5284004732257017      62.107089486811133838   2508
594 8457.5131307421324891       2.6831366800880469548  2512
595 8518.1885541545052547     5030.3368562061905322     2516
596 8391.9550773551709426       7.6744263532252379179  2520
597 8399.9218500793867861       0.31745935979027373186 2524
598 8400.5178164208609815       0                      2528
599 8382.3607513675215159       0.37856205647386481639 2532
600 8321.0403413398707926      28.517315643522991309   2536
601 8320.4495574950287846      19.109687911995408172   2541
602 8418.5461147830883419      10.512007901783105623   2545
603 8409.4592779513332061      11.85959317309561456    2549
604 8685.0311522351785243     4825.1070169018312299     2553
605 8322.0087227698695642      21.645605691868155418   2557
606 8398.9647940727772948       0                      2561
607 8398.190407439300543        0                      2565
608 8319.4402225427638768      33.722367716414041183   2569
609 8320.4141964062400803      13.999390711365736095   2574
610 8415.4004745273705339      15.14436111165135479    2578
611 8462.6920286447439139       1.3169690907843127903  2582
612 8680.5194984236986784     4686.7720997685692055     2586
613 8320.8317473017341399      22.072905237483528396   2590
614 8394.5488621300046361       0.36186973216558154798 2594
615 8413.0195285314930516       0                      2598
616 8386.6481729206716409       0.28130429928530725769 2603
617 8421.9956558663052419       0                      2607
618 8382.4208949727981235      78.076341681867774014   2611
619 8411.4889417707472603       0.00319031596496759714 2615
620 8394.9114074848075688       0.89170468516434209238 2619
621 8399.1266216990916291       0.38895505184097384221 2623
622 8555.532533304165554      159.08450113369571       2628
623 8477.7619252965159831     1800.3868933444175582     2632
624 8435.4431066191154969     2197.6198980101075904     2636
625 8353.1201399370329455      13.079488546797731985   2641
626 8451.8522979474873864       5.8089113339570843664  2645
627 8554.8922162711096462     3360.0188003972857587     2649
628 8375.807383698391277       14.719587312022111902   2653
629 8387.3393121926001186       0.08906209898338329767 2657
630 8389.6963572318363731       0.01826447043742263771 2661
631 8393.2571818202432041      97.683755631311456114   2665
632 8395.7512783232286893       6.4061065361151898756  2670
633 8395.9102890578978986       0.52337759518024395966 2676
634 8397.2553223913582769       0.86573099451204960086 2680
635 8402.6158784228064178       0                      2684
636 8403.9591000276614068       3.941138185048924214   2689
637 8531.1830854493309744       1.1623975312801715365  2693
638 8495.3698842648263962       0.23008462061312279223 2697
639 8413.6778164118259156     5380.8668922655788265     2702
640 8375.8797019337052916      97.283407847044372829   2706
641 8402.0240083925655199       0.21608670370519161841 2710
642 8488.3167617879171303      12.348920328571393767   2714
643 8481.3877501246588508     5889.6650376443685673     2719
644 8384.0727140419003263       9.0096167517826835081  2723
645 8399.3644819656819891       0.03324320993040272981 2727
646 8512.2369799393873109       0.00005633376227034652 2731
647 8392.070502981710888       69.815995004554395109   2735
648 8398.2239301320914819      90.786017920042937135   2739
649 8397.4711549783387454     110.71430137671708849    2743
650 8397.7239653605665808       0.00014872927871255573 2747
651 8400.2319699564050097       0                      2751
652 8404.0597036299186584       0                      2755
653 8399.6046867449167621       0                      2759
654 8511.8132388193771476       0.00006053156882762826 2764
655 8394.5735903315635369     2464.8418295517749357     2768
656 8513.8463391283039527       0.00003858174632488746 2772
657 8485.2045116121462343       6.5010240178738740724  2776
658 8371.7009532858337479       8.7191303835425806312  2780
659 8476.4499902966344962     5971.6253259479253757     2784
660 8383.6519420431795879       9.1322430891899184502  2788
661 8394.0414727529259835       0.01014711466029092658 2792
662 8394.1696460419025243       1.0002478875228728583  2796
663 8394.6088017315923935       0.01505124489014113796 2801
664 8401.6894485284137772       0                      2805
665 8514.8980367060703429       0                      2809
666 8403.1603932076159253       0                      2813
667 8395.2842479618939251      97.648351899038928536   2817
668 8398.1557935684722906       0.81759404349948872071 2821
669 8397.4227655751274142       5.1202115535899075383  2825
670 8513.2852769318469655      22.783657191032116174   2829
671 8410.3589584726632893     2779.0119568117570452     2833
672 8525.6858031760057202       0                      2837
673 8385.3105849102121283       1.736445385553432974   2841
674 8459.9645990379067371      20.116854722298086244   2845
675 8475.4792446784849744     5972.4505586196237346     2849
676 8396.1210379960539285       0.00455595499433859852 2853
677 8397.0001513386960141       0.06842861413189998965 2857
678 8513.9464907779311034       1.031141316294569954   2861
679 8389.2614698655670509       0.06585431209811025421 2866
680 8400.9694336210814072       0                      2870
681 8397.2637356350496702       0.78041215538419583808 2874
682 8400.5011842033327412       0                      2878
683 8396.5809186871119891      90.986687242961650668   2882
684 8399.2643681638746784       0.37142983149338187898 2886
685 8515.4219262879123562       0.78880505907966602663 2890
686 8410.5617995189277281       8.0304324305064298528  2894
687 8390.6007748002120934       2.620491016790041261   2899
688 8420.1829781201395235     3213.5824955948269235     2903
689 8395.8318160451672156       0.11145738609654486095 2907
690 8397.0969128640281269       0.00026424011209852919 2911
691 8399.9473024935741705       0                      2915
692 8399.9909187431367172       0                      2919
693 8396.3307376807733817      69.083048006438772859   2923
694 8400.067241331713376      1549.7470320443469518     2927
695 8401.0326847368341987     1484.2717129295995164     2931
696 8407.1009613757414627     3227.2970950196081503     2935
697 8512.0163778557707701      33.594698673252587184   2940
698 8518.1271857127449039       3.75647922644505039    2944
699 8395.5805564870606759     110.40938936351255961    2948
700 8398.9434096396144014       0                      2952
701 8410.2533524898135511     2391.4051943192675935     2956
702 8397.8775362128362758       0.05837068628543435472 2960
703 8399.2036756645811693       1.6782876126836447916  2964
704 8511.6980312668674742       0                      2968
705 8397.6045152616443374       0.86667365254780504014 2972
706 8395.8070885385732254       0.96710487437249414988 2976
707 8396.9115484617068432       0.86479033329299448418 2981
708 8397.3140176374126895       0                      2985
709 8394.6930817234097049       0.00182323838237378457 2989
710 8508.6344432437254          0.04360764047051619158 2993
711 8390.9006762457283912      94.565195320457718253   2997
712 8393.8242050293210923       0.12126796538910768197 3001
713 8409.3773786621895852     2396.1730914851755188     3005
714 8398.0873390118231328       0                      3010
715 8396.9608514936262509       0                      3014
716 8398.8429234940631432     325.33946758173721037    3018
717 8383.0528914280494064       1.7267129754053158752  3022
718 8510.2832583509079996       0.00093457383527208789 3026
719 8416.322450016366929      2356.9215009155550433     3030
720 8400.7372593174804933       0.0361136248167696905  3034
721 8398.7518736889705906       0                      3039
722 8508.1811395774566336       0                      3043
723 8397.4997394552792684      10.976839037605504501   3047
724 8397.5129127558793698       0                      3051
725 8401.3383592947229772       0                      3056
726 8398.298526753380429       10.485907537991677074   3060
727 8401.9710070872006327     379.65030535361256625    3064
728 8398.1257248462516145     1858.1417975977624337     3069
729 8403.9362142575482721     302.88672634675992867    3073
730 8519.9115056595492206      11.68860640947685603    3078
731 8402.279596331747598      1351.6845174872535154     3082
732 8506.3700389915629785       0.26602411255472074858 3086
733 8389.1916200390023732      71.368350294094028641   3091
734 8387.6518668636472285      60.301545847245385801   3095
735 8417.9050535477599624     3083.0903971443026421     3099
736 8393.8012473331036745       0.12567520034320256439 3103
737 8395.2194584749522619       0                      3108
738 8390.0282508542150026       0                      3112
739 8374.7517776100648916       0                      3117
740 8331.6077868043412309       0.4060950843055640691  3121
741 8498.320136644942977        0                      3126
742 8367.7584941472468927       4.9643153600876264164  3130
743 8375.9638471491216478     103.48215111795437338    3134
744 8500.8713275867667107       3.1805030737090458359  3138
745 8417.4904389704061032     2907.5411437807092625     3142
746 8394.3338499873116234       0.1413775618906027709  3147
747 8365.4816308232839219       0.5222365417086559658  3151
748 8535.4720474750592984     125.5099190180835933     3155
749 8367.0900315244689409       3.7970640385458125365  3159
750 8379.6994377167429775       0                      3163
751 8391.7531564211640216       0                      3167
752 8366.9329264592051913      22.189557131795069722   3172
753 8375.4138157519955712      99.548337586235305707   3176
754 8377.3461650238732545      37.342544153981926058   3180
755 8379.8559385598855442       0.00583305176433165755 3184
756 8498.3233133751709829     1716.2105295027220109     3188
757 8389.1000003117478627     3187.072847645499678      3192
758 8371.0403384959790856     2620.6809795709959872     3197
759 8363.1489316141996824       9.0398854240402641835  3201
760 8541.2837224601989874     1637.789990909816197      3205
761 8413.0914883488858322     2930.2697287664777832     3209
762 8392.5914592199278559       0.17298993422694630695 3213
763 8375.6182674726824189       0                      3217
764 8366.4577911350770592       0                      3221
765 8342.4052799777819018       0.13380009706336271069 3225
766 8334.3232214567287883      13.655317932206145315   3230
767 8501.8510230263000267     1453.4177600973848712     3234
768 8499.0913361065631761     974.61000135697747737    3238
769 8400.0730914221039711     2998.6659993807288629     3242
770 8389.9881602889872738       0.22632534700727305332 3246
771 8355.629345675901277        1.6064606848626157287  3250
772 8355.8559302801259037       6.1204448685427577104  3254
773 8370.2785169936723833       0                      3259
774 8372.989489996652992        0                      3263
775 8351.118039771932672        0.02099694185032011107 3267
776 8360.0371774650175212      58.321312677639667754   3271
777 8363.3526635772741429       0.61183797432082576151 3275
778 8366.2411668184449809      95.228751635636172068   3279
779 8519.2288290434989904     125.40224826339222375    3284
780 8513.7793301201436407     1654.8910302350068378     3288
781 8394.4740514125478512       3.6793450999348089603  3292
782 8352.0626373463401251      64.282385067492384678   3296
783 8352.1786652005703218     206.19340595182245579    3300
784 8492.4712380927048798      37.834580264659571469   3305
785 8391.5818465782595013     3044.8585142995193564     3309
786 8388.2594883239307819       0.26581536329643840055 3314
787 8358.3018988852854818       0                      3318
788 8334.6649973581588711       0.31344356139638157588 3323
789 8508.1778164205643407       0                      3327
790 8340.0738249333080603     144.00972677667149924    3331
791 8337.9665925315184722     120.35168939592882964    3335
792 8536.6795040229299047       0.15870440802131105529 3340
793 8387.3879321161348344     3068.07659419410993       3344
794 8386.5363068924016261       0.30844264868961179804 3348
795 8358.8073891607637051       0                      3352
796 8353.968468199014751       61.009657875441675401   3357
797 8358.0473679912338412      91.401814194719491979   3361
798 8356.7108994312729919     136.7445224092565752     3366
799 8358.3510443419472722       0.54950512651770777595 3370
800 8358.9503172340464516     152.76472886268166462    3374
801 8359.0240834019259637       0                      3379
802 8512.2611673002811585       3.6393779603502594     3383
803 8517.8580741686600959      33.569275502994209148   3387
804 8355.8424777186028223      68.692748135058025127   3391
805 8491.6500996579979983      93.403591270778989042   3395
806 8357.3451364037427993     4613.2078203018700151     3400
807 8496.3243316363113991     171.49977694937769002    3404
808 8376.193849241355565      3362.6631022472520272     3408
809 8383.635272605031787        0.36992230951175036902 3412
810 8350.2843213328887941       0.0291998253404099628  3416
811 8354.0669955538178328       0.99497860122928916127 3420
812 8357.2355908657646069      91.024316892661644829   3424
813 8357.5416558332708519       0.57703516062578164014 3428
814 8362.5581724286566896      23.225077003507227147   3432
815 8358.5038916095072636      21.072479179821169026   3436
816 8360.2372358448192244     138.16547644467880218    3440
817 8511.9327445460949093       3.6614364182478729148  3444
818 8518.1937411895287369      33.568971511235595528   3449
819 8368.2989497823327838     140.7769720883248965     3453
820 8511.5549138175792905     232.73948347627313638    3457
821 8511.6980312668674742       0                      3461
822 8354.6767171347892145     2430.9825655533450117     3465
823 8393.6112934678949387     4083.6258101744751912     3469
824 8359.0910258939165942       2.3954961178604707861  3473
825 8354.0649904236379371      72.978667143477466084   3478
826 8356.6518234522063722       0.00043132469815396278 3482
827 8358.2150252988703869       0                      3486
828 8357.9583882662718679       0                      3491
829 8357.2243255547600711       0                      3495
830 8355.3446402406589186       0.00158935735563683444 3499
831 8323.5598202033761481      15.728974686399515903   3503
832 8493.8959212164063501      86.799156234879390581   3507
833 8494.2235696525931417       0.02391193833236722466 3511
834 8379.4882027162002487     3123.7668898548358811     3516
835 8384.7204755098082387       0.35620503422375116021 3520
836 8318.0559596026851068       1.719383419000259039   3524
837 8336.6306361779279541       5.5814704897815188289  3528
838 8354.0374357158962084       0.30213903254688612154 3532
839 8355.6273225151380757      31.252694472586455277   3536
840 8356.4600302913768246       0.00009468011961068771 3540
841 8357.7686391591214488      91.365393217157986783   3545
842 8354.6277751044945035      45.194651211918717593   3550
843 8367.0083313346040086       0                      3554
844 8540.9150810440314672     238.86617290571584249    3558
845 8497.5664947071600182     2908.229046444551841      3563
846 8358.8719116245174519     1747.5053811205596048     3567
847 8498.1605767921500956     116.59432850834852502    3571
848 8505.0129149858057644       0                      3576
849 8353.3790246430580737     3537.2771860073285097     3580
850 8343.1635743641709269     1721.0659901308720237     3588
851 8341.4087992135537206       0.1496702909916914348  3593
852 8353.6118531359170447       0.00744638305007661472 3597
853 8353.2763929647517216      88.891823838061782226   3601
854 8356.4051572558655607       1.1102024713784806043  3605
855 8356.474329620028584        1.1267591436166963792  3610
856 8357.3567570334525954      91.343379458197205167   3615
857 8358.7034950673605636      30.562439604131999005   3619
858 8359.6497368195941817     182.40443620052587903    3623
859 8508.2991041283748928     1669.8297770567971838     3627
860 8524.8292561628695694     127.89811165818379379    3632
861 8372.1031076001800102     3459.1554989403375657     3636
862 8493.9153835020915722       2.2016701981487698525  3640
863 8338.6891850840511324      89.038054275110141589   3644
864 8496.6725878159559215      98.91565900699178826    3649
865 8371.9388961800832476     3392.3859134799959065     3653
866 8382.4856886046854925       0.37815949412316213207 3657
867 8513.481935136796892        0                      3661
868 8349.7119628931195621       1.2596003917475591116  3665
869 8357.2636800464333646       0                      3669
870 8357.382804096023392        0                      3673
871 8350.7156270220366423       0.41382685478236758136 3677
872 8359.7322518724704423       0.11945507376474089056 3681
873 8363.6407420345749415       0.57125331324162076374 3685
874 8359.8068546799713658      43.45010039158552928    3689
875 8364.616027139727521      2622.2623575969537342     3693
876 8514.3544884110597195       1.94016771891014006    3697
877 8370.01375101429403       191.41992300378581149    3702
878 8358.0296497548388288       0                      3706
879 8361.2817474670882802      74.345428990505240563   3710
880 8506.5028744251576427     176.96251223464551572    3714
881 8510.7242470886485535       0.0106832529424257805  3718
882 8364.0917638111495762     3645.5674359793729309     3722
883 8359.7111224325053627       0.91636771095703928314 3727
884 8356.421775383016211        0.90069980677535799174 3731
885 8353.218470565863754        0.0089220288862255203  3735
886 8353.3626762122858054       1.0487836597355013613  3739
887 8356.7249217632179352       0.00053347508629570132 3743
888 8357.8625487960471219      86.202952381962958839   3747
889 8356.1518008100247243      90.611823240908222488   3751
890 8358.1203655260196683       0.16185915106773068883 3756
891 8512.9577024926384183     181.14432083403420393    3760
892 8519.9100447059754515     1343.5928257323241723     3764
893 8350.4882107617395377       4.107570177077754181   3768
894 8357.5983286177306582      30.656852273075536175   3772
895 8508.4633377835343708     107.11792284026002164    3776
896 8512.9378979516332038       0                      3780
897 8366.7710696850808745     3633.4872014626312193     3785
898 8360.5214960169632832       0.88153321817656182802 3789
899 8355.0086550814121438       0.9575304765920197303  3793
900 8357.0033871272698889       0                      3798
901 8356.3730758158944809       0                      3802
902 8354.7746855779078032       0                      3806
903 8372.2861751079617534       0                      3810
904 8355.2497699012437806      52.842914468155548491   3815
905 8356.9375145538433571      53.608749522664133735   3819
906 8510.6641138775157742       0                      3823
907 8514.1366792434782838       1.8523327096291073435  3827
908 8373.0211036894706922     4125.3812554313981309     3831
909 8355.1107274128335121       3.6391082449629195139  3835
910 8360.749559366822723        0                      3839
911 8350.8248935429455742       0.01304971516229113011 3843
912 8358.1224860557631473       0                      3848
913 8350.6517309737082542       0.5869186207252570231  3852
914 8354.6095426148949628       0                      3856
915 8354.1300487858679844       0                      3861
916 8352.8349439243829693       0                      3865
917 8386.1671901631016226       2.8804823228357041565  3869
918 8321.1238786742542288      16.098118378445228416   3873
919 8472.7020592325934558       4.2190947401717098231  3878
920 8424.03329615795883       6817.436331745937423      3882
921 8380.9196377125026629       9.2942499731858649881  3886
922 8335.3406150814607827       0.14329277816002966572 3890
923 8336.6532267988823151       0.11722358160620161005 3894
924 8346.678047653480462        0.04474070289452019428 3898
925 8351.7673704543558415       0                      3902
926 8348.6064599581150105       0.00000892222074000816 3907
927 8339.5001599926436029       0.03012158622561102173 3911
928 8289.5189782907546032      34.873871963654849537   3915
929 8287.693785307899816       13.398856600600165478   3919
930 8296.5224697177127382      16.120972693620100102   3924
931 8296.706504411462447       23.156632256467126751   3928
932 8481.2533488703484181     4663.1230634197163454     3933
933 8368.3809436912160891       8.5649630268147962653  3937
934 8320.9187271535374748       1.8100097446440510662  3941
935 8332.355952488607727        0.20717443315439604268 3945
936 8347.0417694451953139       1.7594596262225070671  3949
937 8351.9036449693649047      96.714200685034313665   3954
938 8368.725803899080347      104.84413117363659751    3958
939 8307.9934050935407868       2.0988826300285650106  3962
940 8315.6853561651041673       1.3165206220221914446  3966
941 8346.730325858678043      2663.4589456995495311     3970
942 8346.8792258421290171       0.92091636918051733574 3974
943 8391.26694807113563         0                      3979
944 8352.8421241461765021      31.40722403681261099    3983
945 8315.0067171983100707       5.8261098129232173903  3987
946 8312.0316599931902601       6.389691647315408396   3991
947 8302.0288540337860468      11.09187831022811821    3995
948 8302.4868634630875022      37.970823325646222202   3999
949 8410.3461147533707845     6860.4490370626253934     4003
950 8367.7142361551523209      11.226251261436212658   4007
951 8334.9755390965674451      49.228664683468764451   4011
952 8350.802733502792762        0.16733786222300606195 4015
953 8351.1183292925561545       0.69184440069826247388 4019
954 8331.3579434086823312       0.17080021141553669572 4023
955 8337.4944312080860982       0.15802751368332021431 4027
956 8334.357329641808974        0.12045185547808900939 4031
957 8338.0215557342999091       2.2806860530512724772  4035
958 8346.2778447084165236      89.642458170777956639   4040
959 8367.8706196930124861     2600.0073067285893558     4044
960 8341.3288706039493263      86.815601241698928447   4048
961 8379.735058874488459       29.211873485240662518   4052
962 8323.0246040024358081     2804.8200313759361961     4056
963 8312.0209073227979388       7.0920693534671395142  4060
964 8350.1081630233547912     2647.2794225446154996     4064
965 8458.907147167768926      4028.2128522564885316     4068
966 8325.8129907242346235       7.4752055118701008496  4073
967 8340.9926013407912251      27.377027407323385688   4078
968 8347.7281051654063049       1.6450593142758256349  4082
969 8349.3041153024441883       0                      4086
970 8351.4379523659190454       0                      4090
971 8304.105979127352839       15.208087901860404045   4094
972 8304.2165167544899305       5.3760738173252171634  4098
973 8350.142673940570603        0                      4102
974 8385.2303662891936256     7946.3774537110102756     4107
975 8359.3617053528378165      12.369009521975613097   4111
976 8358.3698895105626434       0                      4115
977 8343.1171773024998402       0.28855750302864602297 4119
978 8335.3460261459749745       9.7187733975457906155  4123
979 8343.2631866315623483       1.4460854952365063131  4127
980 8362.9192076996023388       0                      4131
981 8343.2887423334577761       1.4594504832687247298  4135
982 8345.7037492265280889       1.0017645940495101264  4139
983 8337.2966383522634715       1.9933934619404625188  4143
984 8350.6332941566342924      91.800578766022752575   4148
985 8362.1242644126541563      28.510908302708003248   4152
986 8352.9008524177388608     4388.3695956366391329     4156
987 8343.1626331330262474      14.605381266681485286   4160
988 8329.5798733313913544      24.946877313198307036   4164
989 8422.9579928465482226     3759.9622709009354367     4168
990 8326.4553400342119858       5.3522204002990489968  4172
991 8350.9794533913536725       5.5016731504422660137  4177
992 8349.1248469301754085      42.74761179344444173    4181
993 8341.7535488263292791      37.134928373824877212   4185
994 8347.1569650676065066       1.3905434760832113827  4189
995 8346.1547080305881536      26.575858384798166867   4193
996 8347.0473551614668395       0.00219913663206209144 4197
997 8353.1396844358096132     2648.7984405075621908     4201
998 8345.9768955358122184       0.00313499601670514261 4205
999 8338.5925474831165047       7.4301284117771269067  4210
1000 8348.4945192791165027      35.340325432769930103   4214
