1 12255.561625239191926      80515.484447695416748      4
2 12846.563102308675298      72232.720674580326886      8
3 12502.387186511383334      82619.347285110969096      12
4 12500.167894457386865      82702.066616217474802      17
5 12490.86488438777269       82848.762699765356956      21
6 12204.810681164988637      47377.395983371046896      25
7 12150.059463333262102      6440.6641115161437483     29
8 12181.846717625121528      11761.684063987737318      34
9 12169.632547315555712      8508.9243750975092553     40
10 11611.512635635270271      6734.0675349122266198     45
11 11900.824258039010601      3248.6842543909592678     49
12 11264.759705598258734      2346.8701609286540588     54
13 10535.185681260532874      3335.6372417049087744     58
14 10593.381647892798355      4785.240561074224388      63
15 10899.92066518178035       3429.1315034439753617     67
16 10745.69337201847884       1791.0925512778783286     72
17 9574.1792366581576061     5492.1441834570678111     76
18 10743.518207431519841      2115.8796203197989598     81
19 10368.047099153784075      1962.9881579948430499     85
20 9778.9217995508115564     2173.2962335479801368     89
21 11457.801455515455018      2209.0609835260665932     94
22 10496.408315813245281      18131.092074764419522      99
23 10954.276486968628888      2349.4684222382315966     103
24 10544.948296713297168      5592.7630713112530429     108
25 10549.908829936157417      1712.4224822322107684     113
26 10075.480915549989732      5455.1299658362777336     117
27 10696.093777991412935      1738.4731426295875281     122
28 10384.001007872549962      2528.4245619812440964     127
29 10561.480076990350426      2503.8203834217770236     131
30 11432.410910685885028      1748.1678314950122513     136
31 10431.061649973096792      4045.1040355893542255     141
32 10081.856220347892304      3028.7922208712648171     145
33 10385.149830795566231      1708.6517823914991823     150
34 9955.6476451791095315     1698.9773574976989039     155
35 9883.8090665017662104     1537.159246511172114      159
36 10040.638893618899601      3054.1449123811471509     164
37 10468.256048763048966      669.66729835086414369    169
38 10280.194883380780084      9580.9208019867328403     174
39 11589.483305165444108      499.76587004438590611    178
40 10244.191565024011652      1686.8272193297457306     183
41 10549.956800898340589      3653.9511942713779717     188
42 10133.094130482581022      4153.9836887587398451     193
43 10201.969625229499798      807.1458644654131831     198
44 10239.638181610192987      3217.3043981381356389     202
45 10489.991573805227745      84675.162243797487463      207
46 11167.16895313787245       4337.106596156147134      212
47 12239.219227873971249      450.97420570964260378    217
48 10481.425594443764567      298.67813398152225091    222
49 8600.6945845558457222     1455.0983802527998705     227
50 8399.5357004898614832     735.7327782319397329     233
51 9724.6296216997361626     669.66975510586189557    238
52 12424.052619228896219      282.17295744420152914    242
53 8649.283091220224378      1832.7925215448813105     247
54 10511.683528674344416      2074.7826259026419393     252
55 11104.369819740604726      9199.5387274576514756     257
56 11646.897708794596838      12505.516353500279365      262
57 10119.526718414546849      3297.6335761552136319     266
58 10627.62568965079663       955.49699344261250644    271
59 11221.978653752677928      18360.759046168132045      276
60 11265.037449883411682      579.89959696156722657    281
61 13027.527004674779164      899.98271364482695844    286
62 9468.6453024902948528     1238.2865178008273688     291
63 10706.645443741505005      289.44376073477207001    295
64 9728.6449611009629734     905.00808540941090996    300
65 12073.685036131581001      429.20514544480158747    305
66 12125.418062461489171      2328.4547460635103562     310
67 12097.715090228117333      1393.881121363647253      314
68 12428.868996070450521      324.81147101783574271    319
69 13086.932036172875087      1202.5539231630896211     324
70 11734.824467665932389      898.37633164855787982    329
71 11928.181220335303806      643.5437622754353697     333
72 12616.540241559861897      684.83971922649311637    338
73 11601.043453482841869       14.578460927616843534   343
74 10523.37581419160415       3331.3622155683979145     348
75 10436.591740668874991       21.726579753817659935   353
76 12251.798447941295308      243.57479937954121851    357
77 10169.872355362411326      110.80906564440725504    362
78 10986.409925560888951      1785.1675842867607571     367
79 11572.964946858017356      3073.0115740159940287     371
80 11609.954079920880758      366.84731712094981049    376
81 11763.336631362675689      602.51715095148892942    381
82 11648.162888737020694      4657.6274854085786501     386
83 14858.485389048100842      10570.999510671104872      391
84 9543.4935918429364392     13288.853245583557509      395
85 12068.218055618475773      410.77599384869665755    400
86 10507.451570938745135      3338.6161852714708402     405
87 11605.39026275742799         0.00089101760255182964 411
88 11654.302342858083648      1075.8367793034003626     416
89 11129.388322718454219      114.29580743860374525    420
90 10493.24753069407052       204.22485143646517258    425
91 11433.782886896915443        5.9820413479216618668  430
92 11522.991783268193103        2.9992177222516662738  435
93 11609.14416622961653       862.08943088358569184    439
94 11858.18812337685813         0                      444
95 12896.703937807265902      1226.9818294945787329     449
96 11607.060167936539074       69.990490529901236982   454
97 10755.629610823667463       97.788554411554414969   459
98 12544.9366790461645          0                      464
99 12760.113105468832146       19.431733266291370654   469
100 12546.313765070104637        0                      474
101 12254.877684718856472        0                      478
102 11604.481144365145155        3.619298011700263995   483
103 11431.756062594595278        4.0035928545790255839  488
104 10773.178416044447658      113.81910340274600912    493
105 11444.333446457774699      469.75771579193076377    497
106 11605.992200963442883      119.82370483298446118    502
107 11650.872273092303658      4184.9754780558623679     507
108 11960.657938764761639      1156.0792515416505921     512
109 14409.030718867043106      10421.179752492405896      516
110 12778.102296511751774      891.15012682147232681    521
111 11622.355890515136707       69.18248982192267249    526
112 12449.500970805278484        0                      531
113 11848.626940318899869        4.9044005490546398462  536
114 13041.408422385944505      226.05674057026138257    541
115 11260.053793833887539        0                      545
116 9822.4628596731836296      33.460974875150327534   550
117 11212.430267721241762       56.514706336819941157   555
118 12861.718023239745889       42.062953000173287421   560
119 13014.311176544008049      187.39780995690438203    565
120 12956.185735567038137      1244.4094695542544287     570
121 9946.6913815106581751     231.10867783147881482    574
122 10804.767267616402023       43.882656284072112385   579
123 11451.897999669714409        0                      584
124 10886.130731564617236      137.81030015707349889    589
125 10888.726694217240947      158.02580312473310187    593
126 11266.150000182748045      433.15433428675316918    598
127 11370.276045118322145       33.706430338668610602   603
128 13019.096570495912601      1568.8922756411429873     607
129 11480.115418264173059      4542.817162619161536      612
130 12257.276680535538617       33.584418510822985127   617
131 9906.9805475933098933      20.732597743451442796   622
132 11621.364935509813222        1.1407178772406818545  627
133 11617.163963044227785        0.02684013559467457108 631
134 12223.245434930417105        0                      636
135 12286.915634908322318        0                      641
136 12892.104741344010108       62.973866127277531746   646
137 12565.901436790396474        0                      650
138 10711.924342972899467        3.8017345929140695659  656
139 11537.761998476997178        0                      661
140 11350.158679826045045        0                      665
141 12014.773623889032024      195.97099886612753039    670
142 10834.48870319625712       174.01463227611645834    675
143 10849.376328942904365      268.66272268220950536    679
144 11267.379000398152129      317.08208664999443727    684
145 12139.212594895492657       90.745421051260564127   689
146 11605.885663316128557      107.26877330903460006    693
147 10781.635249328372083      851.3208454306790145     698
148 11785.082003323244862      1485.9265694884134064     703
149 10252.331295866664732       11.125351052272019814   708
150 11605.085173016539557       27.289567597654912134   713
151 13223.762405322788254      797.71775718899982621    718
152 10969.867383486798644        9.0425715845287584216  722
153 10972.083031717349513        1.395034471004504617   727
154 11564.953051476957626        0                      731
155 11309.035135518011884        0                      736
156 11678.049749235713534        0                      741
157 11262.308451217657421       52.21543119384627829    745
158 11266.815826573929371        0.27325407342808760713 750
159 11262.33774264305066        32.143546089899743379   755
160 11813.22344766360402       161.45828486185521911    760
161 11265.347288588633091        0                      764
162 11567.140517724374149       84.941039796044222498   769
163 10805.873866021483991       23.93746031365740734    774
164 10954.33030800979941         6.209402860232636101   779
165 11586.712112114180854      171.85832954543894857    784
166 11665.429880997533473       92.603528651957901729   788
167 12985.523063403008564      1217.9901401851134324     793
168 10840.89782348654262         7.743822769200615852   798
169 11204.826799723054137        0                      802
170 11042.054736083055104        0.24388423022266242368 807
171 10981.968413768123355        3.9216563243787194715  812
172 11544.352323953300584        1.1136239163173493605  817
173 11550.497257551789517        1.0507091678321911488  822
174 12922.290454757643602      1151.9615722327855565     826
175 10824.586387767181805        8.2365184479877324719  831
176 11108.803706969332779        3.7130122368119087284  836
177 11054.429347445044186        0.4014223172996859712  840
178 11180.205426209766301        0                      845
179 11106.96413301078428         0                      850
180 11091.389708488693941        0.01237831885662694052 854
181 12235.744755063686171        0                      860
182 12243.000568097964788        0                      864
183 10620.804346984756194       99.118126527472483644   869
184 10619.429942439695878       99.753465717807301871   874
185 12637.418714442135752      818.26988588782012357    878
186 10950.880133798511451        4.9460746178399253026  883
187 11121.060140827075884        0                      888
188 11700.663944504209212        0                      892
189 10896.393520622343203       13.071430960662704379   897
190 11088.597349364201364        0.74104015596445516056 902
191 11086.744969155757644        0                      906
192 11074.965986681314462      166.57192772187241303    911
193 10856.837262180311882       20.66284964830965265    916
194 10832.340441787697273       24.041722606155026654   921
195 11582.068957084269641        0.11009639106895630078 925
196 11578.499907324832748        0.14300279935877477366 930
197 12287.185832624032628      158.39429416828599528    935
198 10955.482322720252341        4.6003678408088157781  939
199 10924.95998437432354         5.015092453897766589   944
200 10997.876488342522862        0.12418893197806846196 949
201 11071.535096572510156        0.13371469192983045926 954
202 10519.757935089955936       68.369892156660000637   958
203 11094.695789768215036        0                      963
204 11274.755386111797634        0                      968
205 11515.266856069305504        3.4292718824499113239  973
206 11717.246862522477386        0                      977
207 11698.776166410047153      132.88578267124691479    982
208 11640.136811231130196        3.1506511568733421846  987
209 11906.534340509859248        0                      991
210 11029.296509921949109      165.91980258175848917    996
211 10601.825506174864131       20.820411338799338807   1001
212 10603.421723842608117       20.546299601737967322   1006
213 12313.770639027057769        4.6314643371131039018  1011
214 12318.726705371311255        4.4658191967599751848  1015
215 12410.426033669002209      353.75242776580159898    1020
216 10697.423532655349845       21.523795401695689833   1025
217 10820.327801557083149        0.40306847354628122515 1029
218 11180.329916458837033        0                      1034
219 10988.731805653455012      109.98345436581978163    1039
220 11052.055721020900819        0                      1044
221 10949.354754393196345        0.22300074678891909641 1048
222 10442.416535588943589      107.34842398879195002    1053
223 10490.034670067771003      100.96674812280326705    1058
224 10917.915668638317584       19.841335746793156147   1063
225 10923.462524057884366       19.5933101058086514     1068
226 12249.099138668774685      188.67518574314578927    1072
227 10665.83340424983362        24.720545246120387617   1077
228 10826.069707784456114        0.14430041852822109161 1082
229 11111.858372443273765        0                      1087
230 11064.666162528412315        0                      1091
231 10983.364511437690453       16.15205424460665995    1096
232 10990.305827686217526       24.988321124440876275   1101
233 11039.389584622214898      101.43929708303095083    1106
234 11324.472284867330018        8.1272160624520388694  1110
235 11007.729380271041009        0                      1115
236 10938.805626835583098       65.972696021956295453   1120
237 11755.314659494062653        0                      1125
238 12047.68490632222165         0                      1130
239 11139.840240060670112        0.6645775221100870267  1135
240 11163.496242148696183        0.36408706695968318101 1140
241 12077.580113321304452       72.302162660797648641   1144
242 10602.858458908571265       32.092833192992642921   1149
243 11291.21452670722465         0                      1154
244 11086.673000832575781        0                      1159
245 10757.557786259447312        5.7407069476064132019  1164
246 10900.067458243214787        8.4153532844300649174  1168
247 11006.766746992001572        0.06771724259059536122 1173
248 11013.227999932660168        8.7080608163504606978  1178
249 11224.477325879548516        0                      1182
250 11014.54375520254689       168.53216597131972776    1187
251 11359.855322675839489       10.853173450795082999   1192
252 11902.793847804454344      189.5121473263473888     1196
253 11302.49380599372671         0.62096744375982015907 1201
254 10877.737629928775277       67.168979362989503556   1206
255 10829.533039428995835        2.5944807866921246742  1211
256 11598.32486830635753         0.20743545314138578384 1216
257 10923.417604922229657      161.44537621182712428    1221
258 11161.970191013080694        1.7485108701916585172  1226
259 10908.012377088829453        0.01036943981789700819 1231
260 10925.802426419890253        5.8845945721382779681  1235
261 10943.847530706751058        0.19339942793615622074 1240
262 10986.847904080275839        0                      1244
263 10924.909813879712601        0.56114229670081017254 1249
264 10873.141441375279101        5.7052165328656583299  1254
265 10874.714518818360375        5.6966157617857593465  1260
266 11396.857062789387783       12.413283456648576575   1265
267 11403.640118503513804       11.881075737774310142   1270
268 12070.364850320214828      110.88613874749518118    1274
269 10632.225062386300124       27.792545117919313924   1279
270 11089.803917978533718        0                      1284
271 11115.251486083556301        0                      1288
272 10905.284194360559923        1.0619681185946161506  1293
273 10973.695998871255142        0.11184232834029006476 1298
274 10963.862909703826517        1.5992448004959236574  1302
275 11010.471380099461385        0.68304767247376718675 1307
276 11051.64739005024785         0                      1312
277 11000.154586859947813      103.89905059117967312    1317
278 11424.179987857016386       14.057341675449997354   1321
279 11808.534599069029355        0                      1326
280 11049.879701122583356        0                      1331
281 10779.117544151378752        7.4088620971857217512  1336
282 11736.621779703835273      117.09817229285060591    1341
283 11742.916102226938165      117.76542846273297016    1346
284 10866.577431214978787      160.67343704774657454    1351
285 11149.274447237794448        2.127497306573708169   1355
286 10883.984920119211893        4.2393412007557573773  1360
287 10955.887746814545608        0.26253423801175962415 1365
288 11023.834915353680117        0                      1370
289 10948.532432048676128        1.9349964487007715874  1374
290 10987.71668139024041         0                      1379
291 10985.90498189869686        93.656424977071395688   1384
292 10993.170138458506699        0.13404616672418329104 1388
293 10991.044862606226161        0.92932672578383646034 1393
294 11604.582728650717399       92.923393203705998644   1398
295 11618.447854799225752       14.292542438848379049   1402
296 11072.613396868069685        3.5300066004685142218  1407
297 11032.62036921788058         0                      1412
298 11037.48688598193803         0.2083277665996607908  1417
299 11606.191372350320307        0                      1422
300 11062.85034387576161         0                      1426
301 11006.343316064043393        0                      1431
302 10948.141062686079749        3.0959204982737813516  1436
303 10977.670501862099627        0                      1441
304 10950.946787273047448        0                      1446
305 10878.026801002024513        0                      1450
306 10695.184174199948757        4.1212620049669759226  1455
307 10985.383716741944227        0                      1460
308 10989.08297830749143         0                      1465
309 11701.330234408782417        0                      1470
310 12040.156097784427402      241.4709600818009676     1475
311 10598.402843160532939       15.881960309798570208   1479
312 11148.582493689891635        0                      1484
313 10755.323114781498589        0.07835460860420062623 1489
314 10822.704829247417365        0                      1493
315 10871.029249593730128        3.8491013566735245988  1498
316 10014.431486602519726        8.762523922132036347   1504
317 11288.45719623160403         0                      1509
318 12277.569182013170575       53.085375054561048103   1513
319 10637.854517947384011        5.5202838165977095031  1518
320 10479.96325628734121        15.057784222870733259   1523
321 10511.136920893823117       31.926823118273709667   1528
322 10826.141722192440284        0                      1532
323 10812.957535413088408        0.01348090597506826881 1537
324 10809.93729877374426         0.73401967299256243304 1542
325 11378.438367578597536        0                      1546
326 11155.54119524402995         0                      1551
327 10818.968071774736018      107.16868051964716813    1556
328 11565.182895752042896        6.6221769762440416685  1560
329 11811.379407255713886        5.7073002608137182179  1565
330 11196.661260579645386        5.2317609396275157607  1570
331 10701.682157491828548        8.3495385477496135707  1575
332 11030.808412046873855       88.90590440550488438    1580
333 11059.956406607663666       89.022527974110033711   1584
334 11503.498213392700563        0.02173816178020410161 1589
335 12095.407200331659624       30.590465182512346587   1594
336 10476.171695966084371       10.924496654886237224   1599
337 11093.155589466136007        0                      1603
338 10665.382765007194394        5.3929750497468793569  1608
339 10626.528919538861373        7.9062916039543029711  1613
340 10805.597206510392425        0                      1617
341 10755.044437653799832        0.08444124493040844337 1622
342 11180.058402289780133        0                      1627
343 11192.836753159512227        0                      1632
344 11903.291330540036142        0                      1636
345 12089.285521735358998       29.37637351272571351    1641
346 10474.609095529034676       11.081851838406112876   1646
347 10722.541516575978676        0                      1651
348 10815.524727834696023        7.0299254934201309553  1655
349 10412.413451408046967        0.11945154591623075024 1661
350 10606.113026241853731        0                      1665
351 10193.648029101806969        4.8716000098565048759  1670
352 10730.223129024796435        2.2772920243103298432  1675
353 9630.9069349379569758      29.638030133555176349   1680
354 11536.18445472415624        25.606534667769174973   1685
355 10384.812826781797412       15.354636191318661531   1689
356 9797.6360651943323319      15.541865060476238725   1694
357 9805.8913741615215258     165.28652091572521954    1699
358 10418.694056297428688        0.03256759964629744181 1704
359 10570.39978616415101         0                      1708
360 10473.997543248387956      409.55175281054027892    1713
361 10289.474196551509522        1.3979529711252538515  1719
362 10584.609397718992113        0.06885029465163187978 1723
363 11729.576349032346116      103.67010787230427127    1728
364 10380.188815667836025       15.97344583392776407    1733
365 9770.528152574745036      173.41574461284858444    1738
366 10763.934418962651762        0                      1743
367 10798.168886580531762       53.180354485933179376   1747
368 10377.681416576209813      788.12839764703232959    1752
369 10689.603849417475431      179.4727583747541928     1757
370 12345.375157410217071        0                      1761
371 11084.339598005370135        3.0353990543400835023  1766
372 11602.380301310846335        5.2702323137530058261  1771
373 11398.982707942852358      637.34137300426164074    1776
374 10476.988367385265519      798.46860083080537152    1780
375 10940.33815272215179         1.9704345686626554279  1785
376 10180.377878068498831        8.0386520724422894091  1790
377 10156.497799371931251        9.964203105345449174   1795
378 11629.138755379652139        0                      1800
379 11534.771974895498715      267.87190709415727952    1805
380 10451.257280953243026        9.0729298139683489666  1809
381 10122.109805472036896        3.8085468623819362932  1814
382 10212.48159497782035        11.985883774435082572   1819
383 10104.325975720108545       14.35896372731272308    1824
384 10572.953274025894643        0.01557670067185130958 1828
385 10675.198293829249451        0                      1833
386 10575.443591751061831        7.0272481787332985448  1838
387 10568.664432535853848        0                      1843
388 10563.472886265175475        0                      1848
389 10548.029031676005616        0                      1852
390 10371.985486417010179        0.02839423162445846305 1857
391 10104.472703453255235        8.8634011245450796679  1863
392 11353.974296909851546        0                      1867
393 11352.153701178936899        0.92309928072808578037 1872
394 11869.530077426414209      924.76235619523140485    1877
395 10349.842024025843784       21.03312944143257468    1882
396 10115.642391539528035        0.62150524684514552032 1887
397 10126.507441901336279        0.25182858755404219364 1891
398 10198.476870036680339       10.084475956651658635   1896
399 10192.96541985996555        14.364522661494367739   1901
400 10547.31414832576047         0                      1906
401 10548.754222477446092        0.08143244933974866373 1910
402 10843.20883368615614         0                      1916
403 11368.077547569464514        0.05039779884806386973 1921
404 11127.89319207437984       102.68714296292839094    1925
405 10038.154353175455981       26.236659806942700612   1930
406 9787.507427378801367       84.60185341741556897    1935
407 9947.3245519044958201     135.20685654305734147    1940
408 10548.377155897664124        5.242498382492138731   1944
409 10547.888989291941471        1.4820107336434689138  1949
410 10676.57201101064129       187.35886871765950445    1954
411 10747.667623486871889        0                      1958
412 10954.293852505661562        3.9399571905395993632  1963
413 10115.282972125960441      140.97010682521406011    1968
414 11352.527748054277254      200.82296393621652442    1972
415 12079.679285110214551        6.826929772332966273   1977
416 10192.626738798760925       20.055793966406774587   1982
417 10624.765406697320941       63.508516628398126613   1987
418 10638.070299032082403       63.684290319356506416   1992
419 12086.383459143826258        2.0215848983340385381  1997
420 11342.041249254834838      225.3590677921682186     2001
421 10345.575374078800451        5.6655613817706642621  2006
422 10317.892338995119644        0.50515635897891075778 2011
423 10452.87318754095395         0.17986713316738486834 2016
424 10453.756465199277955        4.3899207429922135759  2020
425 10542.119128327214639        0                      2025
426 10561.483652564327713        0                      2030
427 10312.319439869033886        0                      2035
428 9687.2273130337016482     6479.9178779357889653     2040
429 10125.155196037769201        3.515679352990133566   2045
430 10938.15409021465166         0                      2050
431 10868.477694201699705       23.71617562297055315    2054
432 10418.399561452783018        7.1739620827211965093  2059
433 10718.961706882846556        0                      2064
434 10321.25515369997629         0.12644409843549961336 2068
435 10311.376651498621868       97.73416034410955433    2073
436 10312.048887176706558        8.5976776504317058425  2078
437 10692.370365470800607       12.124492307681629555   2082
438 10970.997810021353871        1.0649867372942340982  2087
439 10512.920419622330883       22.949807183382688436   2092
440 10093.139939832968594       65.461133356125287719   2096
441 11576.719169935604441        1.3949168064021086888  2101
442 11820.20957763135084       435.17429392859719428    2106
443 9980.6392574226138095      38.090364698428928136   2110
444 9810.400920638556272      6328.6624914916919806     2115
445 10384.811849959211031        1.0169533162406485527  2120
446 10420.469286603040018        0.8011429632056391581  2125
447 11525.752566205335825        4.0742097884139418795  2129
448 11922.521544775077928        0                      2134
449 10959.786786999489777       49.906238862138792456   2139
450 10350.737122449088929        7.8930016211728037945  2144
451 9984.6684634543962602      18.323424011189690219   2148
452 9874.9782625680581987     267.10220238190669306    2153
453 10556.193111317026705        0                      2158
454 10164.687755740576904       15.798739827218106768   2163
455 10371.690549251774428        0                      2167
456 10229.824315561316325       44.38854475017897272    2172
457 10255.227151336088355        0.42082492694641621123 2177
458 10252.804704611740817       87.481373998850457951   2182
459 11250.885852765713935       11.327077226583673664   2186
460 12150.733489120364538        0.21589049542752122846 2191
461 10775.449101520858676        2.6162116517392024484  2196
462 10567.047419339520275      239.95427857189631027    2201
463 10571.397664269637971      240.91469635077763201    2206
464 11499.029823716417013        0.02055493595584980543 2211
465 10802.151473885278392        0                      2216
466 10382.797843771513726        0                      2220
467 10292.727877183931923        0.14777722466800585766 2225
468 10387.135364151119575        0                      2230
469 10233.254945155060341        1.6339130348795596337  2235
470 10216.509770178106919        1.103533271726372611   2240
471 10299.179186560868402        0.00716975909639281251 2245
472 10406.828900121825427        0                      2250
473 10295.867362061333552        3.301623293724554653   2254
474 10374.407329197207218      127.55955308732558251    2259
475 11597.869672355614966        0.04824990467476077127 2264
476 11661.735474983221138        7.3245211317256950778  2269
477 10438.68624627146346         0                      2274
478 11611.895747816208313        0                      2279
479 11625.397965295574977        0                      2283
480 10225.684433663162054        0.379279931693307093   2289
481 10244.583083498324413        0.14397257524868245504 2293
482 10600.9588012355307          0                      2298
483 10336.476182000486006        0                      2303
484 10276.407012073184887        0.2051742431908666342  2308
485 10350.742486868319247        0                      2312
486 10359.458119867818823        0                      2317
487 10295.37197630423907         0.01267386966725291865 2322
488 10309.646559370923569        0                      2327
489 10302.627056265875581       42.754172752329921536   2331
490 11899.012691857284153        0                      2336
491 10250.261541468418727       13.432226606591671114   2341
492 10252.152172286059795       13.419499030954261443   2346
493 10530.338067491476977        0                      2351
494 10458.973206371434571        0                      2356
495 10398.972765795473606        0                      2361
496 10244.273193455808723        0.11659628180345525672 2365
497 10282.011705337567037        0.00080800088857743094 2370
498 10201.322734999492241        1.3255445148464219951  2375
499 9997.0138458248929965      71.282934456948112256   2380
500 10402.587037099838199        0                      2385
501 10320.073174498405933        0                      2390
502 10371.26754847299344         0                      2394
503 10180.956823735750731        2.5000895680909782648  2399
504 10281.222092709029312        0.0990399338342652924  2404
505 10372.359151426726385        0                      2408
506 10278.000723407581972       98.694209728131710335   2413
507 10283.763117673748638        0                      2418
508 10290.812396634106335      126.05789261257208977    2422
509 10354.117949159006457        0                      2428
510 10369.296138138637616        0                      2433
511 10229.219640085670108       53.558127706614371277   2437
512 10221.713040777005517       53.618820584333150236   2442
513 10408.846745469438247        0                      2447
514 10290.881608999710807        0.00438825577092980066 2451
515 10277.290547425265686        0.09666115492882364213 2456
516 10283.328569183366199        0.25865089998783324932 2461
517 10286.206838309648447        0.00037686783102239822 2466
518 10237.488983877743522        0.71441542985044059755 2470
519 10203.190301315489705        3.5913956409176859275  2475
520 10249.280405293609874        0.1680249596499545639  2480
521 10202.930596681831958       39.85709954304530811    2484
522 10105.166935014141927       49.07172190233550424    2489
523 10326.135978107309711      110.62131353771951581    2494
524 10368.599521009249656        3.0577962353982424126  2498
525 10353.317416380003124       50.73020451982048229    2503
526 10308.332594110146601        0                      2508
527 10244.953746973589659        0.11072387262234280325 2513
528 10194.287050042039482        2.571767285521042723   2518
529 10276.109286533172053        0.54548767238285289505 2523
530 10280.404986370913321        0.54543813031462295982 2527
531 10395.111728088922973        0                      2532
532 10288.084728965925024        0.00062300578543221866 2537
533 10385.115631471002416        0                      2542
534 10365.76914549135472         0                      2547
535 10373.31967937947411         0                      2551
536 10359.599955007086464        0.37288270028292458402 2556
537 10200.685271150832705        1.1554562275759541201  2561
538 10211.06750084462692       178.88805468775609597    2566
539 10260.516218458906224        0                      2570
540 10402.908954331443965        0                      2575
541 10250.18987674597156        29.557129882077695981   2580
542 10193.430243183674975        0.50042817633779501652 2585
543 10202.60895317606446         0.06408145142469677535 2590
544 10307.567009683316428        0                      2595
545 10541.301289038268806        0                      2600
546 10368.117759816290345        0                      2604
547 10220.226832670488875        0.85983653436067120079 2609
548 10345.872886665141777        0                      2614
549 10159.729358194472297      111.45039057136473559    2619
550 10209.892430448555388        0.0741765312271724514  2624
551 10375.622205660811233        0                      2629
552 10367.244136360006451       14.830215885492838979   2633
553 10422.334302881388794        0.89547657725868989864 2638
554 10204.734858591205921       14.093570015157009578   2643
555 10256.425847059967055        2.2613609445189073455  2648
556 10286.836410575177069        0.11508355736882859566 2653
557 10287.929820256051244       27.949921739888573313   2658
558 10131.060583574737393        8.6490206251805474835  2663
559 10199.317880559010518       34.238369369333987891   2668
560 10059.634592859360055        5.7647849110955933227  2673
561 10383.772356867419148        0                      2678
562 10317.730549349122157        0                      2683
563 10339.454548526136932        0                      2687
564 10347.16198430275108         0                      2692
565 10276.435284007176961        0.01128580271273742219 2697
566 10176.972672179956135        0.0808278426309007314  2702
567 10216.386398433605791        0.19778123383131693269 2707
568 10227.046562365447244        8.4216995624546804322  2711
569 10348.548692401865992        0                      2716
570 10235.186133014894949        0.9992706979790825228  2722
571 10314.521483294620339        0                      2726
572 10243.154292289518708        5.9042143400006343867  2731
573 10271.11643904052471         8.1805929263361978343  2736
574 10249.913472625301438       91.04488653837830725    2741
575 10400.189883670032941        0                      2745
576 10281.27398533403175         5.001206792498307685   2750
577 10249.77287224486281         2.231234146929057971   2756
578 10247.89810026851228         2.270871365269057307   2760
579 10249.51564449487887         0.29809543741248489823 2765
580 10311.231638955592643        0                      2770
581 10350.743722553082989        0                      2775
582 10277.995422405698264        0                      2779
583 10238.987772714815947        0                      2784
584 10175.294469897806266        0.10349797277261703343 2789
585 10302.929602516549494        0.14621316613147211649 2794
586 10167.837187904260645       21.176499565551424098   2799
587 10176.485400978248435       21.244907888800760531   2804
588 10295.834553117598261        0.23215041242595738091 2808
589 10322.637579713820742        0                      2813
590 10272.960341596663056        0                      2818
591 10281.210755732352482        0                      2823
592 10181.528510966019894        0.38050398424348030879 2827
593 10201.126053094347299        7.1855361516452340709  2832
594 10227.963627926410481        1.7772337547052363682  2837
595 10238.740579458199136        1.8165748715618068587  2842
596 10250.82295312478891         0.00095328521787688852 2846
597 10238.808136813368037       96.856919149712723538   2851
598 10248.756369302178427        2.2134974030966603209  2856
599 10298.393516466119763        7.1032027909132287036  2861
600 10276.374698787803936       52.913516507907509379   2865
601 10253.913230385604038        0                      2870
602 10184.017442756932724        2.0364032174344837145  2876
603 10174.546784394386123       13.05095988623973291    2880
604 10338.41167715823758         0                      2885
605 10347.13778211117824         0                      2890
606 10294.441500163751698        8.2895232077327918319  2895
607 10283.155256191301305        0                      2900
608 10240.760244051096379        0                      2905
609 10221.349642589342693        0                      2910
610 10169.240572465609148        0.08121849480534712451 2915
611 10131.13167633537887         8.5179343820369766149  2920
612 10136.229012786034218        8.4304893069456277033  2925
613 10359.365516980800749       41.477653708000367772   2930
614 10361.147049112214518       41.486657058455982394   2935
615 10267.016592208936345        8.2868428851374371646  2939
616 10264.43561809138555         0                      2944
617 10240.132023573838524        0.00135579881747638006 2949
618 10238.554226946691415        0                      2954
619 10262.179948559485638        0                      2959
620 10222.273544295658212        0.10229536316411505514 2964
621 10227.357606969046174        0                      2969
622 10195.219955930420838       18.973085740147478617   2973
623 10215.147940369108255       93.603836072240440558   2978
624 10216.679104264034322       23.312522881139290831   2983
625 10297.32125867488503         0                      2988
626 10275.137263335824173        0.03794649153062798486 2993
627 10202.340102171061517       26.071426531840049989   2998
628 10270.717046355457569        0.4040882624801943046  3003
629 10301.364723003225663        0                      3008
630 10236.906565652931022       37.162225052908638645   3013
631 10232.65160177148573        37.297083176900656554   3018
632 10247.116544478156356        8.3021647356313934552  3024
633 10246.482924557003571       64.984988303243170549   3029
634 10197.703639428718816        0.03986816029048892429 3033
635 10213.057007000566955        0.00115690434676624446 3038
636 10217.025235073913791        0.00076341116393269356 3043
637 10221.924202299234821        8.231226836999754326   3048
638 10225.494048998447397       95.892253673725335261   3052
639 10241.562733418790231        0                      3057
640 10227.35872575950998         0                      3062
641 10224.452705281573799        2.5124668277713757547  3067
642 10311.316511676741356        0.2194674913393072635  3071
643 10262.52990069243242        53.638681592199468184   3076
644 10230.62785937595072         1.5114861604701466113  3081
645 10209.476881061742461        0.00673876727861335168 3086
646 10239.452271231371924        8.2947813842126052464  3091
647 10235.718192402011482       64.972413867693177281   3096
648 10223.122246709448518        0                      3101
649 10224.780337872845848        0                      3106
650 10225.096237341353117        0                      3110
651 10218.015653013088013        2.5760500752397428315  3115
652 10220.876680255174506        1.82560259296565075    3120
653 10229.824379034707817        0                      3125
654 10224.684327584302082      121.49064349345854907    3129
655 10217.133063024610237       88.461529761511982883   3134
656 10287.855040430009467        0                      3139
657 10285.712404527086619        9.3018637483489339246  3144
658 10215.250653985416648        0.00067670326062847753 3149
659 10211.029046655008642        0.00319299677872430902 3154
660 10240.752556890784035       38.435538282505760321   3159
661 10233.855716212392508        0                      3163
662 10225.584042014408624        0                      3168
663 10219.478199145905819        0                      3173
664 10213.871287082976778        0.00436615535657047717 3178
665 10202.013614468427477        0.03101073795328378527 3183
666 10237.101513813069687       38.312998129010004789   3188
667 10223.064351081950008        0                      3192
668 10223.711682052206015        0                      3197
669 10218.864726917503504        0.08865876925435471623 3202
670 10223.222322058278223        0                      3207
671 10219.278129209906183       94.334880129574443686   3211
672 10218.503134664315439        2.6172410760291562326  3216
673 10216.855655494302482        6.4516144871641918357  3221
674 10220.199198119267749        5.0818363730830258262  3226
675 10284.43964859127118         0.00195812665570068703 3230
676 10287.037598993607389       94.705329590626050162   3235
677 10213.381363469887219        0.00245386363170812171 3240
678 10208.690499349395395        1.6770520136475535189  3245
679 10210.12965363767762        33.65419977565860421    3250
680 10232.749136861484658       38.17917827608576431    3255
681 10227.736406902755334        0                      3259
682 10215.250653985418467        0.00067670326061868122 3264
683 10219.378659903179141        0                      3269
684 10219.083884141351518        0                      3273
685 10218.234129863260023        0                      3278
686 10215.995901043836056        0                      3283
687 10212.077486858579505        0.00885766233441907108 3288
688 10277.183636408442908        0                      3293
689 10278.988782672859088        0                      3298
690 10248.496000190923951       12.021536081316755329   3303
691 10244.736108984381644       11.9290073162986765     3307
692 10239.057468357368634       35.981656777399763314   3312
693 10232.680123263207861        1.3440268142210900493  3317
694 10220.663111738822408        8.6847987768483321247  3322
695 10217.711411200378279        0                      3327
696 10215.298050658544526        0.65150675392490897675 3331
697 10251.977692303258664        0                      3336
698 10253.443943616428442        0                      3341
699 10219.346878274398478       94.775374941891527669   3345
700 10217.892468198042479        0                      3350
701 10228.650020333187058        2.1525838965632564381  3355
702 10215.087648017070023        2.3457079485250043049  3360
703 10346.01670398994429        59.367438533966179648   3365
704 10167.385238784439935        0.11291613851680014358 3370
705 10239.389612545177442        0                      3375
706 10270.17355880148898         0                      3380
707 10203.337042911816752        0                      3384
708 10173.233033121112385      913.6844056147547235     3389
709 10185.550549207044241        0.00670661857998683299 3394
710 10187.322337263574809        0.00266121435494772515 3399
711 10264.626103164529923       64.031564748724548508   3404
712 10268.760552634748819       64.085577378468059351   3408
713 10185.95685878254335        10.128193737284929554   3413
714 10198.47475307339846         0                      3418
715 10191.48611722561327        20.223554958194711162   3423
716 10270.498538195011861        0.16349602230726870133 3428
717 10167.286740008379638        8.674510168151135403   3433
718 10165.386919295488042        5.2824936130564630332  3438
719 10211.984269525511991        8.8250571816365095401  3445
720 10195.89513775449268        65.099402070079733562   3450
721 10156.32066445863893        62.668203483751611316   3454
722 10198.62737770512831         0.00000009361214662606 3459
723 10199.100630037361043        0.00175699493067559931 3464
724 10152.869021729713495        5.3575981758026909318  3469
725 10212.78094983338633         0                      3474
726 10174.103345398089004        5.3811049563227859593  3479
727 10209.725594590858236        8.8733463109515309242  3483
728 10192.39890299936269        55.540304814843651116   3488
729 10198.399401827520705        0                      3493
730 10198.177192152261341        0                      3497
731 10197.545155495605286        0                      3503
732 10179.298717866846346        0.03004797290319807801 3508
733 10182.076730070433769        0                      3513
734 10144.518587479877169      961.36987884710129038    3518
735 10162.99443982408593        62.857116424260333076   3523
736 10159.772062496989747        1.1578462135935572164  3527
737 10165.808031307398778        0                      3532
738 10119.707202477129613      1750.5110954915849106     3537
739 10175.121876102635724        0.92212663712630593693 3543
740 10173.420109362570656        0                      3547
741 10017.018433590559653        7.2872176226470131155  3552
742 10178.004168719584413       51.884997568169325177   3557
743 10132.387695306821115        0                      3562
744 10035.218222006933502        0.93983795066114228511 3567
745 9946.1812747517360549       7.8872570995871322808  3572
746 9869.3156288225891331      24.920261531390607956   3577
747 10175.756382829922586        1.6448312184614211073  3582
748 9983.7811775830487022      74.605878903255643309   3587
749 10118.748385808114108        0.20183192220284798535 3592
750 9878.2435263530314842      37.719031118067825048   3597
751 10042.400890574794175       22.242748151468681783   3602
752 10082.895482830559558      2156.2806974438417456     3606
753 10154.540987144984683        9.1421128241552054305  3611
754 10163.910972765253973      474.64023817595204946    3616
755 10106.677799725670411       71.506586107865217627   3621
756 10407.011209235839488      1884.0542559981308841     3626
757 10520.854213971228091       34.172418020215616252   3631
758 10501.047111191957811        0.14211368912036631551 3635
759 10215.62469889341628       468.40362265967019084    3640
760 9932.1327557462846016       8.0374364355494201106  3646
761 10108.852630249650247        0.03251185022815061831 3650
762 10378.377749205415967       58.738927945019952404   3655
763 10307.592166676289708      246.12472310435654776    3660
764 10150.180721380518662        0.01053234337318831315 3665
765 9963.2135707524375903       6.2790406272668866094  3670
766 10099.481519958128047        0.00059522444131924221 3675
767 10131.846491258018432        0.0454692489516306253  3680
768 10138.239656520214339        0                      3685
769 9994.3979842414300947     3276.5116776461709378     3690
770 10043.368303237206419       13.332230499645939759   3694
771 10131.647401892605558      119.13306629695681238    3699
772 10133.638686816275367      103.16085357315681392    3704
773 10131.900415008538403        0.01500388691060998078 3709
774 10368.934639128521667       45.901876961407729993   3713
775 10314.148536158427305        8.7845003165241504206  3719
776 10134.140123514105653        5.650514331228390752   3724
777 10137.161367385044286        5.6171604536662345097  3729
778 10159.724224144491018        0.04938520290726807621 3733
779 10270.848399046106351      321.15520949717671328    3738
780 10144.371315754806346        0.06321772769708268458 3743
781 10098.281386210155688        0.00614233231476995871 3748
782 10146.750683499949446        0                      3752
783 10136.343835345876869        1.1199103137752226544  3757
784 10201.66716107706452         1.6405337779347284322  3762
785 10226.742793050107139        1.2882215249338471175  3767
786 10048.15516855903843         0.38936943592741890541 3772
787 10116.578254703137645       98.725029416503758739   3776
788 10170.332632981408096       11.541256161692373894   3781
789 10173.503306997050458       13.449129936149690323   3786
790 10226.472775600661407        0                      3790
791 10053.505211463274463      396.27608989948038243    3795
792 10101.639770892608794        0.00846554991678362227 3800
793 10101.658854995099318        0.00982486488323744758 3807
794 10183.987369457368914        0                      3812
795 10256.787318677910662      363.92209423324777617    3817
796 10139.360596618449563        0.06899669292202650905 3821
797 10141.921500377688062        0                      3826
798 10098.687103177162498        0.60391480788848250771 3831
799 10115.259225563662767        0                      3836
800 10064.53910891401938         0.31863606450864401243 3840
801 10094.846685930166132      102.08153008157137265    3846
802 10143.854446385970732      106.54709685079977532    3850
803 10185.889896304885042        0                      3855
804 10231.34013019498525       379.26705797603136716    3860
805 10135.791669474565424        0.07963196687523345363 3865
806 10080.013546674843383        0.06646487708127599148 3869
807 10107.587034201953429        0                      3874
808 10084.867433971496212        0.17722022226194850125 3879
809 10109.867196677891116        2.1422235290549260789  3884
810 10113.278152121254607        2.0962929975383768344  3889
811 10208.187688242851436        0                      3894
812 10214.18282689951775         0                      3898
813 10217.380490472602105      370.95353840983801774    3903
814 10132.019469857637887        0.12026483723080282073 3908
815 10092.845492230651871        0.01469391092512329841 3913
816 10106.078185867167122        0                      3917
817 10101.566555305551447        0.00321244662613178735 3922
818 9957.2659712883360044       8.6532424533729770388  3928
819 10182.607594785287802        0                      3932
820 10170.520598422830517        0                      3937
821 10053.892600615687115        1.5767579004926473019  3942
822 10210.374983801069902      369.43749188712934028    3947
823 10130.360526514485173        0.13701799330295810764 3952
824 10097.189252452209985        0.01709458288746171922 3957
825 10084.415863023245038        0.95302542310427262873 3961
826 10099.48789714211307         0.00016284569196786908 3966
827 10136.366300348159712        0.33284308107296439738 3971
828 10082.406046965928908        2.5257995541195965572  3976
829 10119.546612180263764        6.0305722313909280174  3980
830 10174.892119826890848        0                      3985
831 10113.450137886015          97.778274039186939603   3990
832 10210.437984042207972        0                      3994
833 10189.015359266435553       79.665615544792828473   3999
834 10120.740537208150272      108.13994064595735267    4004
835 10180.945440905528812        0                      4010
836 10175.50367629957691         0                      4014
837 10102.98446949555364         0                      4019
838 10094.657445544631628        0.00332622202561767963 4024
839 10123.585903285498716        0.05281545669734605958 4029
840 10163.492936909533455        0.00013248955540043342 4034
841 10217.775424027813642        0                      4039
842 10221.997645291547087        0                      4044
843 10203.008210657642849      370.18003183403982348    4049
844 10128.570029412167059        0.15446944179697885691 4053
845 10094.823651250377225       66.021431548568529024   4058
846 10107.315774224631241        0.02151006932746429151 4063
847 10127.412610487541315        0                      4068
848 10196.004935417931847        1.1534721345856333574  4072
849 10066.289675495587289        0.14417749342278260438 4077
850 10089.526482303630473        0.53805605701087644288 4082
851 10112.648344386390818        0                      4087
852 10091.074042085598194        2.0290284904643995922  4092
853 10120.575603487912304       83.188372223239113623   4096
854 10282.337001944524673        0.52891276918096208348 4101
855 10057.970384074202229      123.44499399906771941    4106
856 10075.141765589660281        0.0490157721335539448  4111
857 10068.601539947982019        0.10021614619676816327 4116
858 10166.246460900249076       29.928076151174433761   4121
859 10179.596284326898967      117.3796420584301643     4126
860 10117.573458663047859        0.1454359643157553672  4130
861 10083.637088223504179        0.02525339177674448474 4135
862 10101.997051653874223        0                      4140
863 10099.100008277820962        0.01322650775939969089 4145
864 10110.947045264689223        0.04290205094114319523 4150
865 10125.277213618632231        0.05028543500181295589 4155
866 10158.347585910953057        0.12961872436603150138 4160
867 10170.21366131749528         0.03391294836655441014 4164
868 10201.733882619064389       13.698936892421333056   4169
869 10176.039602866292626        0                      4174
870 10108.614625890122625        0                      4178
871 10118.481673295142173        0                      4183
872 10101.989953782665907        0                      4188
873 10101.972537476694924        0                      4193
874 10101.955181564426312        0                      4197
875 10054.884164564580715        0.22463207685479649744 4202
876 10209.753295260701634        0                      4207
877 10061.942476643191185        4.8634604287867526651  4212
878 10065.973561991733732        0.84222537378572048805 4217
879 10219.673028356588475        0                      4222
880 10156.76490335057315        75.107062689814910073   4227
881 10182.421967530803158        2.3816141804387269687  4232
882 10093.619383863280746        0                      4236
883 10068.754565639290377        0.01079484273869944951 4241
884 10088.235042366508424        0                      4246
885 10009.862439973636356        0.22078450969809318427 4251
886 10108.971967381039576        0.52061654527083189858 4257
887 10201.091941394603055        0                      4261
888 10203.566808654708439        0                      4266
889 10159.592066280072686       75.340613742611054704   4271
890 10138.42434235415385         3.1706746038831008505  4276
891 10045.532222643627392        0.03267632859219093966 4281
892 10085.992139333702653        0.28814355002038016806 4285
893 10087.578178418210882        2.0904886246086498147  4290
894 10271.268588199111036        8.8973341055750658768  4295
895 9915.420934428286273        5.6126740869437146131  4300
896 9917.3983498342568055      52.856964905949688216   4305
897 10108.901069972720506        0                      4310
898 10272.245186028139869        0.50562582653510890207 4314
899 9979.1992961719752202       7.4190165318507608205  4319
900 10433.908742552786862      157.25664836923547796    4324
901 10131.266048920986577        6.1573385232396624644  4329
902 10073.586123493843843        0                      4334
903 10028.236162039744158        0.02099551471024808588 4338
904 10188.009585578691258        0.03319901796695066964 4343
905 10088.690963740706138        0                      4349
906 10086.90320566571063         0                      4354
907 10153.170976553430592        0                      4359
908 10170.148148155802119        0.00018639975489724968 4363
909 10418.081069847770777        0                      4368
910 9952.7077574495106091       4.2411968118917560133  4373
911 10037.296878410190402      109.49188410170773977    4378
912 10041.119785325194243       76.071731150782881059   4383
913 10097.900579341152479        0.00032210972681394204 4387
914 10107.695468928421178      129.65240785681271518    4392
915 10243.303522880178207        0.0066079434679998765  4397
916 10048.327113184805057        5.1432885876741982756  4401
917 10057.196353396466293        5.8901286278809852348  4406
918 10165.111803898176731      125.09265370190453837    4411
919 10230.380782114059912        2.6688203988047867199  4416
920 10168.526926498876492        4.9097441432658284199  4420
921 9811.0817358143031015      13.977079774318056593   4425
922 10043.145161788046607        0.02882345787455324951 4430
923 10162.156769666667969        0                      4435
924 10119.983043192873083        0                      4440
925 10130.445435254667245        0                      4446
926 10379.555355606309604        0                      4451
927 10021.940248480284936        1.2204814269724022502  4456
928 10003.585948016851034        0.51596979635103068507 4460
929 10072.915708428859944        0                      4465
930 10103.366142157641661        0.01752815616644529464 4470
931 9896.0351911599427694       5.3452831574927586189  4475
932 10247.625291887006824        0                      4480
933 10380.076183342753211        0                      4485
934 10107.274531697041311        0                      4489
935 10084.977679120111134        0                      4494
936 10037.58946498493242         0.0551770532788376164  4499
937 10050.515986135960702      104.11674242784577871    4504
938 10055.618758999844431        0                      4508
939 10004.349577120425238        0.27037308196114134828 4513
940 10004.04044841022187         1.6506553403209949238  4518
941 10199.774372245716222        0                      4523
942 10199.546993463000035        0.75232942942345748527 4528
943 10390.14835629537265         0                      4533
944 9938.2759904054000799       4.7313770651523148203  4537
945 9832.377072988629152       23.362940237942481758   4542
946 10078.151643985396731        0                      4547
947 10096.381681602866593        0                      4552
948 10052.200690494173614        0                      4556
949 10041.974308621081946        0.00531878403063490695 4561
950 9976.7433973545594199       3.0415655961815222241  4567
951 9979.9130028086765378       2.8824988000787237219  4571
952 10179.695716646912842        0                      4576
953 10201.028854005588073        0                      4581
954 10366.643854011412259        0                      4586
955 9931.7537211767394183       4.891379319783122348   4591
956 9996.7847230900661089      80.081123615422114881   4595
957 10043.879949381054757        0.36346738604792211413 4600
958 10238.331308704424373        0.03929960448558601771 4605
959 10082.658141227260785        0.00511879390520913417 4610
960 10068.960924339400663        0.0608787974403866422  4615
961 10058.119946339285889        1.9940717993627314897  4619
962 10106.880724046472096        5.8451339010056448942  4624
963 10114.445364349849115        1.2769935085321379997  4628
964 10182.542221495801641       11.232178603269424855   4633
965 10217.165490683282769       68.100126459535346157   4637
966 10068.150132893120826        0                      4642
967 9947.1368938079231157       1.5127669606818474612  4647
968 10208.265949752389133        0                      4651
969 10213.667853791273956        0                      4656
970 10342.709078311616395        0                      4660
971 10016.403341815461317        1.1310491303743035463  4665
972 10051.048743178920631        0.00163855671720074714 4669
973 10036.038651317194308        0.01085651736196829517 4674
974 10075.571652253742286        0                      4679
975 10025.0301729544517          0.83044108941830485637 4683
976 10027.373396765140569       90.33450421320272028    4687
977 10060.634689039332443        0.22896764907426636615 4692
978 10088.742049666367166        1.8930401962556020479  4696
979 10097.526240824689012        0                      4701
980 10178.343202454379934        0.05967759558581305773 4705
981 10218.820067789552922       99.113562336488698179   4709
982 10082.353054757599239      114.26407310933703343    4714
983 10013.123471203334702        0.17708410949479871932 4719
984 10022.986462670907713        0.07977193313151242915 4723
985 10149.227753609588035        2.1947585076292286388  4727
986 10145.587807384807093        2.3111012091549638647  4732
987 10092.534906393455458      130.8656766736479824     4736
988 10051.267779724254069        0.51775301998465284026 4740
989 10070.617018552013178        0                      4745
990 10057.622889172611394        0                      4749
991 10086.391249926809905        0                      4753
992 10036.908338041492243        0.33221386026909044409 4757
993 10040.871146954728829        5.9545017196524900882  4761
994 10043.109082716408011        0.4595690949160124994  4766
995 10053.995585609005502       97.158384507574680811   4770
996 10056.717858742693352        2.0991184261179194337  4774
997 10187.616716057274971        0.01812021355965428085 4778
998 10209.423479718294402       96.913605355490929583   4782
999 10046.420196581279015        4.7283350946893492051  4787
1000 10008.720791031260887        0.64827417475079285314 4791
