1 10322.392081869418689      9444.2886343389091053     15
2 10766.437840355507433      6414.6056272575888215     25
3 10494.95211378764543       10590.563028901482539      30
4 10506.236292467532621      10205.602518762256295      35
5 10477.791722471831235      9756.9291658258025564     40
6 10325.487066499506909      8308.6661265207385441     45
7 10789.228348830525647      17460.050091515971872      50
8 10319.071612078470935      7583.2043171335262741     54
9 10317.380493150916664      6518.6893204863217761     60
10 10319.577717831989503      7031.6605870904359108     64
11 10330.104227902324055      12482.878352256588187      69
12 9925.6401137047068914     5073.989928853674428      73
13 9591.979598523092136      6568.297217614096553      78
14 10315.443525560429407      5017.9766768954532381     82
15 10149.813681535979413      2399.2018982429412972     87
16 10063.455540925115201      1691.8591115671881653     91
17 10049.760373648890891      2307.349328298472301      96
18 10037.581497448696609      2057.3621409913412208     100
19 9879.5042247292512911     6489.0087792260928836     105
20 10203.723163143231432      1883.1858030066587162     109
21 10214.641685810052877      6073.2418558871313508     114
22 10212.600572286555689      5319.131492861550214      119
23 9696.3503320074250951     9048.5621437592435541     124
24 10207.046350011019967      2305.4661810701090872     128
25 10215.24925980844273       4124.3037936742539387     133
26 10211.119454869554829      2709.9702632847979658     138
27 10224.73246680498778       5803.3658677185085253     142
28 10205.766907391356654      1503.6184759629495602     147
29 10488.715953506614824      162.4896585042080801     152
30 10653.316453057259423      578.09914526343959551    157
31 10052.710282332718634      587.66607508530216819    161
32 10065.096947840555003      5341.5676272256587254     166
33 10052.119311476220901      1875.5601370808267347     171
34 10215.631792285616029      296.11569760326574396    176
35 10215.012871755834567      296.11766401509896696    182
36 10050.872674956177434      1807.0112394727532319     186
37 10050.058211862127791      1796.7121062297578646     191
38 10184.593478286949903       96.73937722223566027    196
39 10181.756514338034322      581.74146802389122968    200
40 10013.967812177694213      1161.1792108864435704     205
41 10194.028464385679399      1868.3227530880492395     210
42 10012.843994959583142      196.86389388069457596    214
43 10012.597780505633636      779.50066131235143985    219
44 10015.84436546059078       1030.9314721288524197     224
45 10009.313520161271299      636.88851604129160933    228
46 10005.44588310733343        48.499583695678985862   234
47 10001.843832954862592       21.584840561577969709   239
48 10010.564657155620807      799.18343322674923002    244
49 8967.0442590284383186     16816.022930734692636      249
50 10631.777964228293058       22.741828433079295024   254
51 10008.341545077575574      355.02925585123318797    258
52 10458.057366165607164      260.76915919083126028    263
53 10451.085284658989622      105.31484770131832818    268
54 10001.082872225160827       22.104931848359637314   273
55 9619.9365709858866467       2.8117343619078360994  277
56 8832.181902212476416        0                      282
57 8730.9213995344471186     114.90459404244009534    287
58 8554.7102071864319441     27235.129690295641922      292
59 8513.3107694803729828     38502.714579795087047      297
60 8632.1602640292021533     25160.477105212397873      302
61 9295.9919692051789752       2.3842534733925067059  307
62 9037.0223421169266658     270.88935432044956997    311
63 12130.356705400048668      2137.3949361504310218     316
64 11773.921050732504227      11660.407471752472702      321
65 8561.6325355122789915     38334.859347584730131      326
66 11944.987341064601424      12365.799183861390702      330
67 9297.5487844787821814     126.83546593471456276    335
68 8575.6192096197228238       2.767056758592884691   340
69 8715.6173030900772574     8060.5216120967024835     344
70 8795.4818763883104111     660.05749686171770918    349
71 8693.7036367672699271     1557.0780714313327735     354
72 8831.3851801727396378       0                      359
73 8842.2440480281074997     906.80990647301132412    363
74 8515.0381833639985416     4706.5810371998422852     368
75 8355.749497376018553      5381.8160364942168599     373
76 8610.6173185828338319     2926.0543975574123579     378
77 8691.3411134765574388     425.26331636587951834    382
78 9032.8636878184879606       0                      387
79 8650.6955018617773021     3176.3896240705389573     392
80 9044.829673202972117      480.55802061811169779    396
81 10026.9011468966346        6567.1958487699557736     401
82 8731.843999790984526      135.14975384927103619    406
83 8939.2593933689677215       0                      411
84 8576.2787136397200811     677.28950736570629942    416
85 8686.6259470065087953     568.50153717914690787    421
86 8809.9246003767293587     430.50557863549789772    425
87 8590.5636057609117415     2230.5698299367609252     430
88 10649.476428022731852      19715.613685938609706      435
89 8606.4423122190110007     1209.2386223483199501     440
90 8418.0885472550253326     364.12760794390158026    444
91 8518.0821822434918431     3222.0145018842672471     449
92 8846.8063733334529388     21084.088743471766065      454
93 8762.4068817404640868     3161.3135325934636057     458
94 8590.1263017909623159     1110.843707421012823      463
95 9724.5715784208368859      21.108884340295741566   467
96 8495.4099303577277169      25.584935522447221246   472
97 9706.4926408477476798      47.594968426803490047   477
98 8865.3207357983883412      22.562707122147109828   482
99 8945.1879157352705079       0                      486
100 9965.123646275676947       58.01303023753624899    492
101 8833.3848529524511832       0.0220844190629387177  496
102 8844.416389204627194        0.29615247153191032181 501
103 8408.3209856050743838       0                      506
104 8523.6002820405246894     1804.8397480176279259     511
105 8831.7123186891258229       0.58741307315480706386 515
106 8328.8083402868178382       0                      520
107 8414.7015096223040018       0                      525
108 8331.2431814731608029       0                      530
109 8337.3914911540559842       0                      534
110 8165.7201242502223977     333.79392868008875439    539
111 8373.854666296436335      8930.9323812707316392     544
112 8286.0057435555700067      14.566616974902228066   549
113 8604.0052873808290315      11.588505947957372655   554
114 8343.9854440011386032     191.35405198558575535    559
115 8405.3802526178405969      15.284410865748562003   563
116 9363.1795880255522206     3350.7626209783356899     568
117 8268.343603295586945        0                      573
118 8218.6346560089441482       3.3746354421286048897  578
119 8126.1358238672492007       0                      582
120 8398.1609484276796138       0                      587
121 8094.6326271516127235     3425.3673654001731848     592
122 10893.124106555649632      1622.9254605468643149     596
123 8094.8187073434282865     3454.1514363644878358     601
124 8492.0780755441082874     1630.5246341310137268     607
125 8192.2937001126556424      25.145684162088070224   611
126 8481.681264219165314       28.706198799526863041   617
127 8121.7576224719814491       0                      622
128 8137.9536619032087401      79.112125486581192035   627
129 8095.6780609612769695       0.38957951583789496297 631
130 8089.4233478799769728       0                      636
131 8382.3309631743286445     8134.6692882880743127     641
132 8139.5635920839667961     3645.769563415821267      646
133 8092.2213551571976495     341.02152243116518093    650
134 8095.0610612405816937     258.68368340216539991    655
135 8171.7270448594890695      43.591451376359209746   659
136 8385.8795372392723948      58.440617197717593001   664
137 8111.8608079792566059      17.07842542516761597    669
138 8680.1812378762224398     117.11057341346052851    674
139 8828.1467054725690105     1155.984418743948936      679
140 8917.6515644109440473     7991.6445088457066959     684
141 13662.878172985940182      2765.8903643235485106     689
142 8096.4678531162826403       0.33859963017033639643 695
143 8510.6875015251225705      40.975445391090872249   700
144 11269.197652727745663      282.02277765365096229    705
145 8106.114442396137747      6690.9119542857051783     710
146 8652.6777428184832388     290.16221704509729307    715
147 8119.6337217570571738     3301.3987532970627399     719
148 8092.4728413853827078       0                      724
149 8095.1428319031865612       0                      729
150 8108.745246292369302        0                      733
151 8122.5420506289974583       0                      738
152 8104.7097835847316674      79.503102148248771641   743
153 8361.1191634594215429      49.837267336566021925   748
154 8088.527630392051833        0                      753
155 8096.0787292502509445       0                      757
156 8090.0087565756948607       0                      762
157 8096.195971957276015        0                      766
158 8099.5504087761009941       0                      771
159 8098.5202205296664033     125.45199989261303131    776
160 8332.4851485653707641      60.325746432844283618   780
161 8103.7041039442210604       1.2778353417085637211  785
162 8100.5611987686970679       0                      790
163 8524.9272483611366624      55.378218526757891027   795
164 8938.9101810557731369      14.418272489257605073   800
165 8098.7192397665303361       9.0256245150403202615  805
166 8379.8377837099105818     1192.3675970836659417     809
167 8109.0745895691625265     216.94660452827406516    814
168 8125.7949059304537514     1877.9787810150435234     819
169 9264.8274903908950364     6931.6668041459033702     824
170 9715.6072589898085425     11211.077950715669431      829
171 8228.0238627681355865     404.9872145114774753     833
172 8180.3650283390579716       0                      838
173 8359.451854395945702      6496.7857148177581621     843
174 8162.3323685781178938     137.88132437334212455    848
175 8261.9695779841822514     111.41964818908500945    853
176 8088.0382298644990442       0                      858
177 8089.8627341637402424       0                      863
178 8157.1276520661467657     290.76080607655893573    868
179 8177.5762683730281424     1157.4019970006456788     872
180 8160.2060490365111036     114.02858367933056627    877
181 8262.9255955391345196     110.33842566957019926    882
182 8125.9736986066354802       0                      887
183 8154.1957648811066974       0                      891
184 8154.3486957423729109       0                      896
185 8118.3376925864267832       0                      901
186 8123.9717170152271137      10.486749252252188569   905
187 8118.9397450487404058       0                      910
188 8089.5575270960898706     543.12834106607533613    915
189 8111.3532375176655478     1184.6233931343811037     920
190 8520.4077389349386067     7147.9473263915624557     925
191 9322.5577447369378206     2524.5093077565957174     930
192 8098.2328867267442547       0.04626463490764214093 935
193 8087.2076659382473736       0                      940
194 8093.938506381586194        0                      945
195 8099.4644515895834047       0                      949
196 8119.9030091492313659       0                      954
197 8337.8000469758553663       5.9042168255918987541  959
198 9314.094587844927446      406.96999600774182682    964
199 8117.0007103434145392     224.26208818655442201    968
200 8274.8886835449538921      97.748028036601326107   973
201 8095.8303265996937625       0                      978
202 8097.9774520445362214       0                      983
203 8139.7215431367194469       0                      988
204 8094.7055369861100189       0                      993
205 8088.7698770913202679     494.98577205319276118    997
206 8089.7437906440900406       0.41856754260423534308 1002
207 8095.2852838988092117       0                      1007
208 8097.0116271768665683       0.16497346844954918765 1011
209 9029.5079670369359519      35.051710425577319086   1016
210 8698.9323716784238059       3.4313010650849080641  1021
211 8090.4090716023574714       0                      1026
212 8096.2841283165926143       0                      1030
213 9074.7619979082410282     791.90436057448130214    1035
214 9068.3245300962407782     801.33958316158748403    1040
215 8299.6073220605212555      61.902306553274925704   1045
216 8101.5795029380833512       0.77932729458786731414 1050
217 8086.4309439641247081       0                      1055
218 8089.9378666974680527       0                      1060
219 8851.7877534387571359       0.17227222172187470206 1065
220 8692.5273380993894534       0                      1070
221 8097.8945243480220597       0                      1074
222 8089.9687553143285186     267.24901162864620119    1079
223 8316.9691889067325974      56.516633586897036423   1084
224 8108.3199933885425708       1.7929588073810138749  1088
225 8087.8748624439231207       0                      1093
226 8088.3588514753055279       0                      1098
227 8098.7989616225277132       0                      1103
228 8089.3841283828578526       0                      1108
229 8101.0577977188531804       0.00332271005432250568 1113
230 8504.8539898403178086      46.662814596221224406   1118
231 8085.6591570925811538       0                      1123
232 8511.1875719096951798      48.454925432237871519   1127
233 8085.8939294066731236       0                      1132
234 8091.069127724241298        0.00008840032362370281 1137
235 8611.7976197123261954     3749.8839785386876429     1141
236 8090.0349429464695277       0                      1146
237 8091.3914996318972044       0                      1151
238 8091.6960381391945702       0                      1155
239 8100.2604368699430779     215.07265463166697828    1160
240 8271.4248027513203851      79.435745639802007645   1165
241 8088.6540923465008746       0                      1170
242 8095.42583054257193         0                      1174
243 8105.4603300590315484       0                      1179
244 8471.1604629012817895     7052.6046409693117312     1184
245 8858.7481133884939482     1123.3145971469070901     1189
246 8085.5931272462139532       0                      1194
247 8091.1950767927328343       0                      1199
248 8085.6395271645506          0                      1203
249 8267.2375921337807085      81.66601655711207286    1208
250 8093.5732708344621642       0                      1212
251 8096.4743940222961101       0                      1217
252 8111.3666989792336608       0                      1222
253 8387.6791820520975307       0                      1227
254 8088.2354196022179167       0.99703452819747029334 1232
255 8239.9330411457303853     133.69103068163869352    1237
256 8150.3492120927821816     797.52502814356103045    1242
257 8917.8774169064545276      24.871170099127912323   1246
258 8327.4851917565101758     2772.3869997613442138     1251
259 8313.0606744168253499     1101.4095745615115902     1256
260 8117.4316671548676823     7298.1016932388520218     1261
261 8090.4025679878259325       0                      1265
262 8085.5979907259852553       0                      1270
263 8166.8128959207397202      84.625156447384341618   1275
264 8318.8506239870221179      66.846184669540662071   1280
265 8092.0798170880725593       0                      1285
266 8094.404333141479583        0                      1290
267 8099.0808970070593205       0.32271021422441792392 1294
268 8134.1432897207341739       0                      1299
269 8215.8903121417897637      26.728403637374881896   1305
270 8087.3302117958228337     535.19424403521452405    1309
271 8133.6359812292739662       0                      1314
272 8100.7704156769086694       0                      1319
273 8100.9455566927172185     523.19511009448262939    1323
274 8090.9050533171803181     260.55183775242250022    1328
275 8106.1116891735700847      82.756730736385989644   1333
276 8097.1903033649796271       0                      1338
277 8086.5382046391378026       0                      1342
278 8086.0174695029536451       0                      1347
279 8094.2934626008336636     367.26041980899066175    1352
280 8280.7153165371109935      86.400926633487344475   1357
281 8106.6855282085425642       2.1170147352232815408  1362
282 8085.4515795643810634       0                      1367
283 8127.1711672659739634       0                      1372
284 8087.448732936974011        0                      1377
285 8094.1658591181258089       0                      1382
286 8088.5700134447715755       0                      1386
287 8290.0330018959466543      77.133836218991547184   1391
288 8116.6194818194298932       6.203454223380823862   1396
289 8084.8981497280619806       0                      1401
290 8088.1229394301690263       0                      1405
291 8084.7870541729853358       0                      1410
292 8084.7870541729980687       0                      1415
293 8084.8595988035685878       0                      1420
294 8084.7923268562872181       0                      1425
295 8090.7036649955398389       0                      1430
296 8091.8378689029877933       0                      1435
297 8088.3901655815498088       0                      1439
298 8132.5604139096330982       0                      1444
299 8088.4179522084641576       0                      1449
300 8086.9212300665576549       0                      1454
301 8090.6228130541339851       0.74183100315640382316 1458
302 8096.3017527134952616     324.18261258460961471    1463
303 8098.3337098705333119     104.27556951823319764    1468
304 8098.17772194886129       193.76256901880825012    1473
305 8132.9767214354915268     262.38337680690466414    1478
306 8112.4208698221864324     397.33495177212603267    1483
307 8084.2853853142732987       0                      1488
308 8130.3169326029283184     510.60101506907250268    1493
309 8082.1137682308708463       0                      1498
310 8103.7318238385905715     1002.1294330460847277     1502
311 8085.9701019347376132       0                      1507
312 8087.1757431195374011       0                      1512
313 8087.3286022516376761       0                      1516
314 8243.4148463298606657      95.126593032619268797   1521
315 8114.6122020857219468       1.2178986808231664352  1525
316 8089.791060832398216        0                      1530
317 8090.5087458431717096       0                      1535
318 8104.1830122162900807     430.66596286726991138    1540
319 8088.8791814547239483       0.20126911154676030424 1545
320 8083.1813537206435285       0                      1550
321 8082.265601409080773      337.29939058105867389    1555
322 8091.1175783372027581       8.4609604603134336287  1560
323 8100.8829825558177617       0                      1564
324 8105.7978173820229131     1047.3328637294923737     1569
325 8124.2170016909331025      95.224111124143050233   1574
326 8098.5868341388468252     679.36363555963737326    1579
327 8081.919250560978071        0                      1583
328 8085.2185841771797641       0                      1588
329 8081.9337801701203716       0                      1593
330 8081.9234840269691631       0                      1598
331 8085.1911170488365315       0                      1603
332 8084.8341545066359686       0                      1608
333 8264.1076157085590239      66.865465338862847489   1613
334 8101.4922810157659114       0.18506863257769612385 1618
335 8081.9210796729985304       0                      1623
336 8082.3977211055143925       0                      1628
337 8082.9316620228282773       0                      1632
338 8089.4002272659481605       0.08792200823656846909 1637
339 8089.5137799411877495       0                      1642
340 8085.8733072757795526     433.74940696608132384    1646
341 8089.1173397143475086       0                      1651
342 8088.642257995381442      157.50224806653380938    1655
343 8090.996635410791896      288.96439695709949547    1660
344 8108.0847756778157418     362.51969949619206091    1665
345 8088.1320694946680305     130.74398849411471701    1670
346 8083.523145278467382        0                      1675
347 8081.9432354235796083       0                      1680
348 8081.9447972469697561       0                      1685
349 8089.8770836115327256       6.9130657267243007524  1689
350 8088.656152072488112      395.32911780150845971    1694
351 8225.5954533298590832      88.244277817085603033   1698
352 8108.097006887805037        1.5957089844943570522  1703
353 8082.0712515357645316       0                      1708
354 8082.8102357949928773       0                      1712
355 8083.6549754019806642       0                      1717
356 8083.0530596989374317       0                      1722
357 8083.7321001255959345       0                      1727
358 8086.9379823640429095       0.66819495188711897082 1732
359 8082.1591511230135438     333.90855555797838861    1737
360 8083.7647459134586825       0                      1742
361 8094.63195369184632       224.30066459845602367    1746
362 8099.6946864154297145     453.48129917470004102    1751
363 8085.7655958390414526       0.17950503727772051943 1756
364 8083.4931186321391579       0                      1761
365 8083.4219821107744792       0                      1765
366 8085.3575876896602495       0                      1770
367 8092.4073685129269506     986.3731545254017874     1774
368 8102.0076251763321125     247.06014084698051647    1779
369 8086.4087838777613797       0                      1784
370 8081.9847604919104924       0                      1789
371 8083.9966656856304326       0                      1794
372 8084.40756632987177         0                      1799
373 8082.5232248864958819       0                      1804
374 8082.273470477985029        0                      1809
375 8082.1876491614175393     332.58122714325077141    1814
376 8082.9646778418491522       0                      1818
377 8083.2408980654736297       0                      1823
378 8088.4907078439191537     267.03881683673148473    1828
379 8100.5604281060286667     409.405367333959191      1833
380 8082.6240930957937962       0                      1837
381 8085.9663269751745247     666.86583022796321529    1842
382 8086.452530811196084      702.93014127608842045    1847
383 8085.8609498994055684     390.58877668520057114    1852
384 8082.2774460227492455       0                      1857
385 8081.9280880794322002       0                      1862
386 8081.9601157013557895       0                      1867
387 8082.0025020855291586       0                      1872
388 8082.0193785767669397       0                      1877
389 8082.9268316318057259       0                      1882
390 8084.010084990215546        0                      1886
391 8082.7587919063807931       0                      1891
392 8086.7395118138401813     128.57411373988364289    1896
393 8092.7543690755164789     147.797842805032559      1901
394 8096.2833928898999147     443.9968589282875655     1906
395 8081.9466150702510276       0                      1911
396 8085.9986311677657795       0.19865493743134604587 1916
397 8082.5782159424643396     363.56174664529333995    1921
398 8081.9942587927553177       0                      1925
399 8081.9303293035818569       0                      1930
400 8081.9513336660129426       0                      1935
401 8081.9519037255986404       0                      1940
402 8081.9583895984842457       0                      1944
403 8082.7587772263877923       0                      1949
404 8085.0574919707005392     611.43003817797693955    1953
405 8086.6833764260909447     126.41031806639728075    1958
406 8090.1400247370511352       0                      1963
407 8092.1588969889708096     261.94735267606085927    1967
408 8093.3567834923342161       1.0778911557599208937  1972
409 8082.5239292081168969     358.06587290376882038    1977
410 8083.4607719877658383     353.03436100125782104    1982
411 8084.8025639137504186     317.93901354036302109    1987
412 8082.524808666984427      361.23099728825502552    1992
413 8082.0087549176987523       0                      1997
414 8081.9167177763920336       0                      2002
415 8081.9451893177711099       0                      2006
416 8082.2364874822096681     335.39455507763432252    2011
417 8082.5186587706057253     360.65410809743804066    2016
418 8081.9201980625457509       0                      2020
419 8081.9211737546747827       0                      2025
420 8081.9618910585249978       0                      2030
421 8082.0179893531167181       0                      2034
422 8081.9844697470152823       0                      2039
423 8082.7561559052601297       0                      2044
424 8085.2029863762036257       0                      2049
425 8082.1580908333908155     333.65910565694917977    2054
426 8099.0144508967932779     403.67724323552772603    2059
427 8089.7802207954464393     269.52632121807772592    2064
428 8083.9880840832229296       0                      2069
429 8084.7254584722040818     311.71857967071690609    2073
430 8083.6627808226721754       0                      2078
431 8095.6131136730527942     106.68444736840289977    2082
432 8106.8256022834584655     988.81967394292325935    2087
433 8082.5097478200668775     360.632477104063355      2092
434 8082.0103101891427286       0                      2097
435 8081.9220174798010703       0                      2102
436 8081.9493971212714314       0                      2107
437 8082.9217348223573936       0                      2112
438 8088.7075108452227141       0                      2117
439 8081.9822569468869915       0                      2121
440 8082.7857319959011875       0                      2126
441 8084.7677852969918604     582.94214780833021905    2131
442 8088.3227803968929948     110.80761250078899138    2135
443 8095.5744628945103614      99.22940217425947651    2140
444 8085.9683217234223775       0.12003812853472162203 2145
445 8096.2951055188650571     197.11848644486275361    2149
446 8082.1568494591383569     334.19238507218653922    2154
447 8081.9177064189634621       0                      2159
448 8081.918787448196781        0                      2164
449 8081.9445026055864219       0                      2169
450 8082.7990708324095976       0                      2174
451 8084.8729857384241768       0                      2179
452 8085.9332851875606138       0.13812559075602756642 2184
453 8085.2103372501678678       0                      2189
454 8090.8814951038984873       0                      2193
455 8091.2635561388196948       0.00167891056145534514 2198
456 8081.9306614884753799       0                      2203
457 8081.9188363476514496       0                      2208
458 8087.2093996262428846       0                      2212
459 8090.6779896018542786       0                      2217
460 8081.9162446564741913       0                      2222
461 8081.9246942478057463       0                      2227
462 8081.9172030415002155       0                      2232
463 8088.436183212657852        0                      2237
464 8086.929344554160707        0                      2242
465 8082.1596588948004865     332.82145692804937198    2247
466 8081.9186943880213221       0                      2252
467 8082.7540234446432805       0                      2257
468 8082.9199087543902351       0                      2261
469 8090.8053013767339507       0                      2266
470 8081.9454536193707099       0                      2270
471 8082.8088681471790551       0                      2275
472 8083.9885393426411611       0                      2279
473 8084.0367255283454142       0                      2284
474 8088.3182922318183046     111.29895686043430203    2289
475 8093.696444852620516       80.260688560871031427   2294
476 8081.9956714638619815       0                      2298
477 8081.9473663165499602       0                      2303
478 8086.9428117728693906       0                      2308
479 8081.9208200243074316       0                      2313
480 8081.9172324014280093       0                      2317
481 8081.9213485773270804       0                      2322
482 8081.9451968483263045       0                      2327
483 8082.8011949651890973       0                      2331
484 8083.9884955984316548       0                      2336
485 8084.0031011924520499       0                      2341
486 8091.0433716644229207       0                      2346
487 8091.0963971620458324       0.00041215510850318705 2351
488 8084.1934729130443884       0                      2355
489 8081.9205588636204993       0                      2360
490 8087.8619265482757328       0                      2365
491 8089.3966730039992399       0                      2370
492 8081.9174166122047609       0                      2375
493 8081.9905077558069024       0                      2380
494 8082.4941786254139515     358.58784839152116319    2384
495 8083.9933429395086932       0                      2389
496 8089.1880999086233714     118.41575714629863114    2393
497 8093.9727684138761106       2.6941887097541736829  2398
498 8089.239397225643188        0                      2403
499 8086.9911949901143089       0                      2408
500 8087.1680693988892017       0                      2413
501 8081.9184407918983197       0                      2417
502 8081.9870893957768203       0                      2422
503 8082.1628673016548419     331.98469205455342035    2427
504 8088.3466866656417551     111.59871657404376322    2432
505 8088.3518103761070961     111.4313308911769127     2437
506 8083.4266142560454682     324.08390565075075074    2442
507 8082.9960901041586112     321.88493714808834056    2446
508 8090.0974638792749829     268.75810550271290822    2451
509 8099.3074885467412969     442.86451288446983199    2455
510 8081.9447176600388048       0                      2460
511 8093.7305563375957718     225.70178499818018736    2465
512 8081.9155516068603902       0                      2470
513 8081.9224936411892486       0                      2475
514 8087.3024787367203317       0                      2480
515 8081.915516104035305        0                      2484
516 8081.9252775892764475       0                      2489
517 8089.0693998669630673       0                      2494
518 8089.0301793062990328       0                      2499
519 8081.9203839055498975       0                      2503
520 8081.9191705067687508       0                      2507
521 8081.9203794707837005       0                      2512
522 8081.9248437405867662       0                      2516
523 8081.9441515629632704       0                      2521
524 8082.7533523686151966       0                      2525
525 8082.9191081758044675       0                      2530
526 8081.9888256743861348       0                      2534
527 8082.1625053116522395     332.53839088270393631    2539
528 8096.9769228486384236     327.46341478478660747    2543
529 8092.9356497383359965     262.06211902126358382    2548
530 8088.3201471701650007     111.62393578967753172    2552
531 8081.9210796729976209       0                      2557
532 8081.9842657931976646       0                      2561
533 8086.9184521034958379       0                      2566
534 8086.9448463510179863       0                      2570
535 8082.166148232764499      331.70201113351868116    2575
536 8081.9151187665493126       0                      2579
537 8081.9229484476300058       0                      2584
538 8088.8480498350108974       0                      2588
539 8090.0107307528141973       0                      2593
540 8082.1660826803517921     332.25535806025959573    2597
541 8081.9172638838745115       0                      2602
542 8081.9206495070820893       0                      2606
543 8081.9472534606557019       0                      2611
544 8081.9472691634073271       0                      2615
545 8082.9199913934398865       0                      2620
546 8082.1636453991786766     333.09223647733989537    2624
547 8082.7535575608608269       0                      2629
548 8083.9899556892496548       0                      2633
549 8090.0213664500533923     268.42758093601480596    2638
550 8098.773488810094932      405.38085532925060761    2642
551 8081.9186758322175592       0                      2646
552 8088.8573851094097336       0                      2651
553 8081.9155207554531444       0                      2656
554 8081.9163619098035269       0                      2660
555 8081.9162248666279993       0                      2665
556 8081.9171294087445858       0                      2669
557 8081.9429209166828514       0                      2674
558 8082.7986017235534746       0                      2678
559 8088.3138388602483246     111.14183705929168866    2683
560 8088.6991618119345731     291.56540730471954248    2687
561 8100.9033230886152523     489.21124750542622905    2692
562 8081.9206835495597261       0                      2697
563 8089.3631800657203712     366.55235115273137581    2701
564 8089.8119423098260086     281.05571357741752081    2706
565 8082.1703909955294876     331.97235854717024495    2710
566 8081.9428681556437368       0                      2715
567 8084.1368537411426587     352.05818460722423424    2719
568 8088.341083783270733      111.4411895012863738     2724
569 8088.3152882093845619     110.81799840984875516    2728
570 8087.8231320100976518     302.32572174322905312    2733
571 8101.5326867294324984     532.27287112575299943    2737
572 8082.4915085665943479     357.40441088859716956    2742
573 8081.9472932199550996       0                      2747
574 8087.0034137527054554       0                      2752
575 8091.2405485695680909       0.00008556521735269907 2756
576 8090.9037688380822146       0.00009128525785343422 2761
577 8082.1612705532816108     331.6806402587827165     2765
578 8091.7911818684760874       0.00007735713690203411 2770
579 8081.929597999635007        0                      2774
580 8082.9235310366757403       0                      2779
581 8089.3889441407345657       0                      2783
582 8092.1989255286644038     168.16459228145032512    2788
583 8081.9858504820695089       0                      2792
584 8081.9973591352600124       0                      2797
585 8082.0216019743111246       0                      2801
586 8083.9945086721381813       0                      2806
587 8084.0130638181562972       0                      2811
588 8084.0256304312815701       0                      2815
589 8092.1916990124636868       0.39722034007259837685 2820
590 8092.0086933242046143       0.00038195664314446566 2824
591 8088.5792988994799089       0                      2829
592 8093.7703954310281915       0.00005536776643911423 2834
593 8084.8793063875618827       0                      2839
594 8081.9887097762302801       0                      2843
595 8082.017206981234267        0                      2848
596 8084.8581728794060837       0                      2853
597 8082.0199838555035967       0                      2858
598 8082.8024899778747567       0                      2863
599 8084.0183672156708781       0                      2868
600 8090.8628546058516804     290.15267579007831955    2873
601 8103.3707860525473734     501.61342718875880564    2877
602 8102.6532334560888557       0.00001204048440462031 2882
603 8081.9842304234816766       0                      2887
604 8100.78982851037199         0                      2891
605 8089.1565572583158428     117.2779062962932386     2896
606 8089.1807516724711604     117.91883851510948489    2900
607 8106.6654336201463593     100.44104995552291371    2905
608 8089.0743423934136445     4486.4106152371241478     2910
609 8155.791692710917232        0                      2914
610 8083.9929198818872464       0                      2919
611 8087.1945633278564856     148.61933112125393563    2923
612 8093.0053079723411429     293.56523348929459871    2928
613 8083.3553610336739439     346.95272471427045957    2933
614 8083.9778798264223951     548.1610270499733133     2938
615 8100.9535445856181468     239.77445192779012473    2942
616 8110.9482966024497728     445.12216607044655348    2947
617 8087.9341522599761447     904.44426969695905427    2951
618 8082.0001393699831169       0                      2957
619 8082.9193661255876577       0                      2961
620 8088.3114969337775619     111.95921709217090267    2966
621 8089.0635994487947755     131.79090548512292003    2970
622 8083.4376949147626874     329.23441936662180751    2980
623 8103.706529412578675      343.82355649433043254    2985
624 8114.9263395200168816     806.96971811832247568    2990
625 8087.6707922578689249     3629.2991776210656099     2994
626 8085.0519401290557653     614.83139772916024413    2999
627 8086.6461067866357553     126.43516629327585576    3004
628 8092.1592595925158093     262.76611555574095291    3009
629 8093.07346602938469       331.15484876905316014    3013
630 8083.9783152727914057     550.3822947269644601     3018
631 8083.9852644520506146     322.98702607489690308    3022
632 8103.0709869753545718       0.00211057247049627628 3027
633 8102.2417097091365576       0                      3031
634 8087.9436015382598271     907.55062335551826891    3041
635 8081.9438584510317014       0                      3046
636 8101.1348391673272999     272.66940943700416256    3051
637 8101.0766547071389141     274.10618363441517431    3056
638 8081.9164202459787703       0                      3060
639 8081.9193024226451598       0                      3065
640 8081.9193173883704731       0                      3070
641 8081.9932133078846164       0                      3074
642 8081.9907422604719613       0                      3079
643 8084.8590974210492277       0                      3084
644 8083.9933251506845409       0                      3088
645 8105.4828257669887535       2.6966606976629998726  3093
646 8100.883936829749473        0                      3098
647 8084.9747617766997791     418.05229879224970091    3103
648 8098.7140973247242073     246.30023649316066781    3108
649 8098.7140973247333022     246.30023649316066781    3113
650 8082.7558430909612071       0                      3117
651 8082.9234475227231087       0                      3122
652 8083.6292459492942726       0                      3127
653 8083.6292198761166219       0                      3131
654 8102.745701968303365        0                      3136
655 8081.9450563938380583       0                      3141
656 8102.5661118052057645       0.00044762595385009293 3146
657 8081.9823397076206675       0                      3150
658 8101.2107563808203849       0                      3155
659 8081.9154192493651863       0                      3160
660 8101.1918328016126907       0                      3164
661 8105.4418581510735748       1.0852403559450216619  3169
662 8081.9815468447695821       0                      3174
663 8099.1959867802379449       0                      3179
664 8081.9201433881307821       0                      3183
665 8082.1721242456369509     332.52550015640815673    3188
666 8081.9444769443598489       0                      3192
667 8082.9494417432724731       0                      3197
668 8104.7002996438059199     171.39563787682374141    3201
669 8107.3591874222420302     407.91517920941356579    3206
670 8082.1648761327587636     331.39796647914954519    3211
671 8085.2169508269689686       0                      3216
672 8101.6373713336524816       0                      3220
673 8099.8068032457540539     268.58208440058484712    3225
674 8104.9435500033605422       1.1228208682947555808  3230
675 8100.9584023249481106       0                      3235
676 8082.1660247780400823     330.84516020889827814    3239
677 8100.583270638344402        0                      3244
678 8082.780377877965293        0                      3249
679 8082.0180616830848521       0                      3253
680 8082.8014668024416096       0                      3258
681 8084.8576839513652885       0                      3262
682 8102.5868975717185094       0.00279502290105550439 3267
683 8103.3294071268828702       0.34367907806405462168 3271
684 8081.9242238314745919       0                      3276
685 8100.0806731749980827       0                      3281
686 8098.4879466786533158       0                      3285
687 8084.6900651597943579     312.70362913150455597    3290
688 8086.674432436531788      126.75401608107836182    3295
689 8089.0847853927007236     132.65377355026828354    3300
690 8093.0008619676309536     293.73554022846002454    3305
691 8083.0007325325213969     322.15116088678820461    3309
692 8085.0789416650222847     612.74463485469914303    3314
693 8102.5170149395216868       0.00355872448091831741 3319
694 8103.4045457283209544       0.33577451140735953272 3323
695 8100.6177766966302443       0                      3328
696 8099.0044256032533667       0                      3333
697 8081.9480346852324146       0                      3337
698 8082.1581563444033236     332.51700487527193673    3342
699 8088.3078040217133093     110.80546265374479731    3347
700 8082.1662878288416323     333.64622800430112193    3352
701 8088.3138943076673968     111.46633333930084575    3357
702 8088.3422985149645683     111.76627899307351299    3362
703 8082.1916465295253147     333.13453252566716856    3366
704 8100.8105397513463686       0                      3371
705 8105.0872064685854639       1.0942208389640231125  3375
706 8121.0159037070943668     8058.6081201506131038     3380
707 8082.010747837695817        0                      3384
708 8082.837759284697313        0                      3389
709 8098.4119440759077406       0                      3394
710 8082.1581563444033236     332.51700487527193673    3399
711 8100.375228654212151        0                      3404
712 8081.9945348779774577       0                      3408
713 8083.9634863903065707     323.79135313335683577    3413
714 8083.9971784219869733       0                      3418
715 8086.6540065165945634     126.62777170536459437    3423
716 8082.1628485197270493     333.92999809756719287    3427
717 8088.3102320428342864     111.63388668983984076    3432
718 8107.0718213136415216     100.43808413624670095    3436
719 8082.5063174009110298     360.6108681050324094     3441
720 8084.876445103599508        0                      3446
721 8081.9194838771300056       0                      3450
722 8081.946999268109721        0                      3455
723 8081.9507148661941756       0                      3459
724 8101.5133654692326672       0                      3464
725 8105.1198078684783468       1.0489392036006845998  3468
726 8082.5040090381289701     359.76166651751157133    3473
727 8081.9164449962099752       0                      3478
728 8081.9191948144507478       0                      3482
729 8100.8258590474915763       0                      3487
730 8081.9929714388799766       0                      3492
731 8085.9539877303623143       0.11321332930474352352 3496
732 8083.9926486939375536       0                      3500
733 8107.2595572889822506     113.20609058219235976    3505
734 8083.9859596901669647       0                      3509
735 8098.3175491141337261       0                      3514
736 8088.3190959501444013     110.65097358313781228    3518
737 8092.1337129187822939     262.52300470637214858    3523
738 8083.432901804481844      324.36642933763369001    3528
739 8103.2586471389995495       0.40403895442371973168 3532
740 8081.9846017484624099       0                      3537
741 8098.2991468941754647       0                      3542
742 8081.9429966318448351       0                      3547
743 8083.3626660852560235     347.54039655325789226    3551
744 8086.6818768079083384     126.76779435439671317    3556
745 8082.1937655521196575     331.74426693540056021    3560
746 8089.1603061441037426     117.10598967768279977    3565
747 8089.1777624533206108     118.42590340523869941    3569
748 8086.6751858403613369     128.04028064586555047    3574
749 8082.9190409795255619       0                      3579
750 8086.6464135569767677     125.56764699567867183    3583
751 8087.1937446537940559     148.79997683451244939    3588
752 8082.4952145646175268     358.57644185340143395    3593
753 8083.4318791422310824     325.93745783201933364    3598
754 8085.1908267250810241       0                      3603
755 8083.9520095124580621     322.1201049501187299     3608
756 8102.851098914049544        0.40422388772725725836 3612
757 8103.0670514547973653       0.00001105904386723894 3617
758 8084.9701403796143495     416.57285794240851828    3622
759 8104.3448524681898562       0.00000837159201907084 3626
760 8098.9506958721140109     246.9161382941024101     3631
761 8086.6428960883968102     125.89801050905950319    3635
762 8092.9996688861619987     292.92239436098191163    3640
763 8083.3556404658593237     346.64284924243048636    3645
764 8083.9756112238474088     547.48827181239278161    3650
765 8092.1412482571267901     263.29295427996277112    3654
766 8084.7988992853297532     587.21429759035265761    3659
767 8103.4947462360114514     285.01846756364852808    3663
768 8117.9196192738791069     929.3482668354577072     3668
769 8108.505355576099646        0.00000258291922070659 3673
770 8081.9981772858291151       0                      3678
771 8082.9225979244638438       0                      3682
772 8108.4556984890068634       0                      3687
773 8088.3101768115966479     110.96212734689930812    3691
774 8089.0570496759073649     132.32695756910345608    3696
775 8083.0002963538563563     321.85136794614425071    3701
776 8111.640097643993613       91.968985545901489331   3705
777 8081.9171255172268502       0                      3710
778 8123.9301429082070172       0                      3715
779 8082.9263065260911389       0                      3720
780 8105.025301904148364      260.22742759381281985    3724
781 8119.0815007150458769     590.62998748618736045    3729
782 8082.4910330404263732     357.11141423587446297    3734
783 8081.9922663708675827       0                      3739
784 8082.7552682246505356       0                      3744
785 8104.6647235221089431     238.01392931354590132    3749
786 8124.9220636229483716     1071.7933900080568037     3753
787 8083.9841287306526283       0                      3758
788 8081.9442720986398854       0                      3763
789 8081.9506722852647727       0                      3767
790 8081.9469002222749623       0                      3772
791 8081.9904444413541569       0                      3777
792 8084.0181931527149573       0                      3782
793 8110.3200761942653116       1.1635673220351288037  3786
794 8107.2907131650390511       0                      3791
795 8081.987953059823667        0                      3796
796 8106.1971936966119756       0                      3801
797 8104.6122479506993841       0                      3805
798 8106.0944394480820847       0                      3810
799 8082.8019485329887175       0                      3814
800 8082.8274601360517408       0                      3819
801 8084.854596975844288        0                      3823
802 8113.6558035254838614     111.96121968398090019    3828
803 8082.4929449819328511     358.29446369836659869    3833
804 8104.5065406080575485       0                      3838
805 8108.9491688943116969       0                      3843
806 8082.7989988746348899       0                      3847
807 8087.877663787831807      156.10374485202083861    3852
808 8093.8043490674435816     366.30411486888812078    3857
809 8083.980252568438118      552.60855529719447077    3862
810 8110.3959545945290301      80.125418156165821415   3866
811 8089.0639199553324943     4478.1263670458083652     3870
812 8081.9459477452182909       0                      3875
813 8082.0247795777231659       0                      3880
814 8109.5283734469303454     286.39121226001299192    3884
815 8081.9953417875658488       0                      3889
816 8084.8643512088483476       0                      3894
817 8106.7271786394367155       0                      3898
818 8110.8686222902970258       1.0816110756221062328  3903
819 8082.9204963539596065       0                      3908
820 8104.2794944249371838     238.59101561737401198    3913
821 8106.1264899617062838     247.88704181837587726    3917
822 8082.9225881520123949       0                      3921
823 8083.6263736010196226       0                      3926
824 8084.8623771691200091       0                      3930
825 8106.6597466769180755       0                      3935
826 8110.9343647482528468       1.002962966527131794   3939
827 8104.7411189140539136       0                      3944
828 8089.0597156272988286     131.97335757710820303    3948
829 8082.1901625482769305     332.58070078198488773    3953
830 8106.781669822821641        0                      3957
831 8110.8114362483365767       1.0729998742549569091  3962
832 8082.1686751920406095     330.29250216410923713    3966
833 8104.2467354307782443       0                      3971
834 8104.2467354307746064       0                      3976
835 8081.991707836941714        0                      3980
836 8081.9912796822918608       0                      3985
837 8082.0224145480606239       0                      3990
838 8083.9929471824361826       0                      3994
839 8083.9952070911176634       0                      3999
840 8111.4070638665107253       2.6681797022099900119  4004
841 8082.0114637995575322       0                      4009
842 8082.0115347993505566       0                      4013
843 8104.1381844809211543       0                      4018
844 8106.8072576714466777       0                      4023
845 8088.3104717646374411     111.30921465429506156    4027
846 8082.1605025784774625     333.37565450306823323    4032
847 8089.1585425034736545     117.43899251072761558    4037
848 8082.1666969831730967     334.48448687743047003    4041
849 8083.4625580414085562     324.55959744281676649    4046
850 8112.9097689809004805     100.06367606038791962    4050
851 8092.1224549970929729     262.17176908356719878    4055
852 8104.1720446666813586       0                      4060
853 8087.2024964813381303     149.57864977551554375    4064
854 8085.0613229246018818     617.89948814094179852    4069
855 8093.0725701785813726     330.29131273571300653    4073
856 8107.1703826958773789     268.59748689559262402    4078
857 8122.5360078844196323     944.04135230580277494    4083
858 8082.0343910885703735       0                      4088
859 8104.1058293400283219       0                      4093
860 8107.9339440498570184       0.00007280988947213409 4098
861 8109.0864561910448174       0                      4103
862 8104.5656467112376049       0                      4107
863 8082.82801291816304         0                      4112
864 8082.8321255262053455       0                      4117
865 8084.8575725453383711       0                      4121
866 8084.0165625339195685       0                      4126
867 8085.1871582844369186       0                      4130
868 8109.7917168962267169       0.33344265556492114211 4135
869 8107.8436708376775641       0.00335630682048683113 4140
870 8084.2049733257290427       0                      4145
871 8082.0083894133895228       0                      4150
872 8104.0786697102403195       0                      4154
873 8104.1720446666859061       0                      4159
874 8106.1576099165540654       0                      4164
875 8087.4587857098949826     132.24681148871860614    4169
876 8093.0354653356353083     293.72208894923880962    4173
877 8082.5190877204158824     356.58062835449624117    4178
878 8083.9839121741160852     545.46361783738097984    4182
879 8112.9693205192807         99.289860357030548244   4187
880 8082.1660247780446298     330.84516020889492438    4192
881 8082.759582473019691        0                      4197
882 8104.227860257015891      238.50215363202431718    4201
883 8082.8022053214581319       0                      4206
884 8106.125271692266324        0                      4211
885 8082.8036507160504698       0                      4215
886 8112.9981168799495208      99.070975874316943077   4220
887 8082.4915085665988954     357.40441088859370211    4225
888 8081.9256943218169909       0                      4230
889 8081.9175917182537887       0                      4234
890 8082.7553443563374458       0                      4239
891 8082.757334491147958        0                      4243
892 8082.9237054621398784       0                      4248
893 8105.0952873749347418     259.47941682282407783    4253
894 8118.5450553915361525     546.70604007168685712    4257
895 8105.3667800062066817       0                      4262
896 8088.3225361445511226     111.64644903179197399    4267
897 8082.1720281186780994     333.95146206974601455    4272
898 8089.1544967543732128     117.61108264801966072    4276
899 8108.0400225784715076       0                      4281
900 8110.2981495167250614       1.0960843300805345191  4285
901 8081.9233698682837712       0                      4290
902 8103.9371152637468185       0                      4295
903 8082.7958251769123308       0                      4299
904 8082.8043723298596888       0                      4305
905 8083.9843793784175432       0                      4309
906 8083.9994351151608498       0                      4314
907 8085.1935468103811218       0                      4318
908 8106.7057533648894605     230.33438427787777414    4323
909 8116.8775946078048946     458.26576002481812111    4327
910 8081.9193024226551643       0                      4332
911 8081.9525801311638133       0                      4336
912 8104.0070761750821475       0                      4341
913 8082.7534164636772402       0                      4346
914 8084.013266126596136      546.38248303404930084    4350
915 8093.0132274288444023     294.27966654947397274    4354
916 8109.1080227471820763       0.40166048495742456836 4359
917 8088.2346226585341356      79.518191848689767198   4363
918 8081.9307360790680832       0                      4368
919 8104.0207145305594167       0                      4372
920 8082.9482133359324507       0                      4377
921 8082.4929041814511947     357.97956503492900993    4381
922 8086.6701613008899585     126.21607565035671428    4386
923 8110.504366344135633      336.84966092633464996    4390
924 8112.3729651063731581     206.34764688178046299    4395
925 8082.9206324697279342       0                      4400
926 8082.9247527445622836       0                      4404
927 8082.9520684453500508       0                      4409
928 8082.9540892527793403       0                      4413
929 8081.9443438167600107       0                      4418
930 8108.536993455022639        0                      4422
931 8108.4752241513670015       0.00015646894194964078 4426
932 8081.9191705067632938       0                      4431
933 8081.9863458419313247       0                      4436
934 8082.9223788947847424       0                      4440
935 8082.9487096250149989       0                      4445
936 8083.9888614348774354       0                      4450
937 8104.0383194755686418       0                      4454
938 8089.1504996832209144     117.42620992452121698    4459
939 8083.4318002393183633     325.42248674353339766    4464
940 8083.0137154835101683     323.54166759261443076    4468
941 8089.0651423705303387     133.23279127704768143    4473
942 8089.0586847345757633     131.42474728150838814    4478
943 8109.1865742776553816     287.24472437777785672    4482
944 8120.6828692501021578     825.25283284924159943    4487
945 8087.6581906935380175     3618.3574951411583243     4491
946 8104.1111170934145775       0                      4496
947 8082.9323403208472882       0                      4501
948 8082.7579632074566689       0                      4505
949 8089.1634059399384569     116.25783969145626884    4510
950 8082.1698047463150942     333.3970770596634452     4515
951 8082.1758738120615817     333.66771823267225727    4520
952 8088.3229051073922165     111.321773216005667      4525
953 8089.1669349456587952     117.95772756411008686    4530
954 8110.2798873051388        193.06998936215128992    4534
955 8114.8595637838070616     375.85411699579623246    4539
956 8089.1345718211659914     4499.1477822876631762     4543
957 8082.0028727405942846       0                      4548
958 8083.62492096636106         0                      4553
959 8106.6059162826586544       0                      4557
960 8110.9922147165007118       1.0113012899880329254  4562
961 8082.9496423698228682       0                      4567
962 8082.0240816926998377       0                      4572
963 8108.5377320159641386       0.4104967567628879932  4576
964 8082.9314648971367205       0                      4581
965 8083.6295900616260042       0                      4586
966 8108.0188492648940155       0.00000306006503106952 4591
967 8108.9979186056816616       0.00000214674476572745 4595
968 8110.5119470193276356       0.0000010824409295933  4600
969 8104.6526252818703142       0                      4605
970 8105.4472068459826914       0                      4609
971 8085.9234034404225895       0.09892628586108746791 4614
972 8109.4683193578848659       0                      4619
973 8112.8713768082780007       1.0804152467418679517  4623
974 8115.3810631332480625       0                      4627
975 8082.8003667208822662       0                      4632
976 8104.4218837871076175       0                      4637
977 8104.5608316016832759     239.19974016014316476    4642
978 8081.9438694486516397       0                      4646
979 8082.1613274428182194     332.23394583497565691    4651
980 8088.3112017078110512     110.63846833698090677    4655
981 8111.4171473118703943     307.70826062962311198    4659
982 8122.8725289694148159     830.57340528624945364    4664
983 8082.016074004969596        0                      4669
984 8104.421883787110346        0                      4673
985 8082.161327442804577      332.23394583497912436    4677
986 8084.1461442757963596     354.38043944856144662    4682
987 8108.7369712097843149       0                      4686
988 8082.0160941931308116       0                      4691
989 8086.6460843988606939     126.25655311042001472    4696
990 8092.137540482980512      262.36211275582695635    4700
991 8116.3636107125366834     238.76026935918915228    4705
992 8110.3384225450654412     333.75803911903733479    4709
993 8082.0277099978984552       0                      4714
994 8083.9870840959092675     553.2839825856524385     4719
995 8089.0652219329203945     132.87766760837052971    4723
996 8093.0081153872606592     294.54998344220052786    4728
997 8083.0093909940869707     322.9962376806608404     4732
998 8108.7568042121511098       0                      4737
999 8113.333310980969145        2.9382621152344214899  4741
1000 8082.7921653513258207       0                      4746
