1 12596.603996625879518      40108.867571099952329      4
2 13237.199069495180083      33388.408634152561717      9
3 12015.458880632826549      49187.289436911101802      14
4 12824.886647092600469      42114.587843324436108      19
5 12822.047535270598019      41662.058578025287716      23
6 12836.246227047789944      41953.238527878100285      28
7 12569.505458180228743      20133.732079085595615      33
8 12555.583332647867792      6456.9470864373861332     37
9 11954.228975309015368      6235.4512404141823936     42
10 10504.858260164079184      6895.167149950253588      47
11 10921.373656372570622      3589.6512884189191936     52
12 9253.8697391697260173     4894.9406628989690944     57
13 14016.646346660356357      66256.208209915013867      62
14 11387.104195571731907      2762.1034103698375475     66
15 9367.7656733893545606     1016.1172222139427959     71
16 8743.7870029290788807     200.33541181736518411    76
17 8510.7786222388749593     1608.7334469716529384     81
18 8837.7924612220613199     771.59583769829976063    85
19 8689.9209527132861695     2184.4125115067113256     90
20 8745.2876081197464373     681.75028371238408909    95
21 8681.3397775519806601     5705.6219853515931391     100
22 8755.3200369885198597     877.64342677806280335    104
23 8792.4347262272804073     2066.5270782447064448     109
24 8755.8115591367586603     1001.6080748952375643     114
25 9230.784843452163841      5565.1624928510427708     118
26 8587.2913455040943518     14644.716241823074597      123
27 12865.548914183909801      962.92534510707014306    128
28 9033.5374029728482128     3367.9025962018249629     133
29 8776.469482351667466      3301.6394664082645249     138
30 8671.2892402440938895     1199.1372613460521279     142
31 9551.2088082527461665     8537.9338559957286634     147
32 8571.227294310418074      286.47062479163713533    152
33 8903.8280660648197227     232.89362785395306332    157
34 8604.470766199652644      482.25887889070020265    161
35 8721.5764738977668458     191.20410279507021301    166
36 8740.8995500797536806     830.98373171459911646    171
37 8845.5285850916388881     1120.1754432135314801     176
38 9667.4573842129811965     256.3151517294209043     181
39 8540.6776615861708706     2175.425655144816119      186
40 8724.2440688951010088     330.42106272907011544    190
41 8744.2164894927082059     1054.3234089025202138     195
42 8749.852802591964064      255.69957974978157722    200
43 9010.3873548778647091     795.81462327092810938    205
44 8647.7202865270992334     233.38218724173788132    210
45 9340.2216790102283994     442.81281058854216326    214
46 8559.4839353000970732     265.47746752458311903    219
47 12846.256645536470387      162.38551685952450043    224
48 8630.1617165413808834      53.503853257295688195   229
49 8746.3433018938521855     1622.6288056920311647     234
50 8660.5570582745804131     327.90526337211463215    238
51 9668.2158798048149038     248.69528363210642397    243
52 9219.8289831789734308      96.753312012571655032   248
53 8620.6271693248891097     2572.7732954862549377     253
54 8600.4490370373678161     2484.2864707596190783     257
55 8715.5001183226595458      49.393049159345700616   262
56 8668.021571475041128      1456.4964557990870162     267
57 8606.552120381315035       26.358412313138735783   272
58 8754.1543731254678278     661.00306420505876304    277
59 9206.9714595833520434     312.46701226010628716    282
60 9822.338545502301713       53.922716170756430643   287
61 9217.6364753470479627     175.39080232490522349    292
62 8742.485192861793621      335.23457824116087522    297
63 8745.4357843525831413     2255.5755292498356539     301
64 9204.3665759644718491     345.0087165773205129     306
65 12849.936298173723117      684.72832182699301029    311
66 8423.674754172881876       66.469085385878386774   316
67 8912.0598929325169593     912.07541724524401161    321
68 8745.9050063479880919      62.452008346130938321   325
69 8744.5022829805857327     468.5225944709407031     330
70 8786.3874915690794296     2012.9650086835254115     335
71 8452.815216303057241       38.249977426229364141   340
72 9308.6022602472366998     189.43191477540483447    345
73 8607.6352776827952766     103.29303243475776242    350
74 8847.4515992766355339       0.49759802829815857894 355
75 8465.4725477296378813     182.030169290472287      360
76 8857.4319693943652965      61.2193283704643747     364
77 9355.003896547759723        0.69880877170584332347 369
78 8986.6996872092076956      12.324971296610630844   374
79 10014.532398569710494      270.74936923289294555    379
80 8601.4000090043446107      23.843313143674272681   383
81 8697.9955984519801859       2.2031474544919635861  388
82 8641.3000469196904305       0.44377134626666248085 393
83 8579.9625980589880783     273.6714515531455163     398
84 8683.1232151433287072       1.191066873580364005   403
85 8515.7984130680160888     2740.6164882938001028     408
86 8635.6602066584309796       0.03001159940486252536 413
87 8642.1022260681529588       0                      418
88 8690.0428977503870556     2364.2004438396120349     423
89 8596.7182623073422292       0                      428
90 8566.5107867933056696       0                      433
91 8575.8490368536677124      16.110848609913499985   438
92 8501.8839858169794752       2.5901365981455248821  443
93 8577.3969124537998141      54.768405102253439054   447
94 8414.546965369139798        0                      452
95 8423.8770760877287103     403.88137525392642146    457
96 9749.6675228297372087     520.0776270076326        462
97 8567.1396259256162011       1.8640546382356280031  467
98 8526.2031622518206859       0.0014043449385367497  472
99 8580.8372632513328426     264.35205425242992305    477
100 8595.1212249194013566      17.572933772222540938   482
101 8459.1322023182892735       0                      487
102 8554.8507058630075335     249.67080948690329478    491
103 8490.6120782217913074      27.378152406271492936   496
104 8550.1980078097640217     529.02368357501677565    501
105 8932.7032574209315499     256.66132369362344434    506
106 9290.6002578642965091     269.95596626467983015    511
107 8600.8731431476517173     1072.1271403544722034     516
108 13219.657995886494973      3572.3823179446098948     521
109 8299.3163148763924255     1635.5507996516198546     525
110 8490.6147599713876843     2973.0979896457433824     530
111 8496.4454611571782152     18623.297288457048126      535
112 8640.3564853571388085     1446.7834979772869701     540
113 9725.668541994982661      18221.942433775235259      545
114 8618.9153690217372059     4488.1807501857401803     550
115 8568.2211022325391241       0.38706299113024794645 555
116 8473.1279303238170542       0                      560
117 8582.2638096536375087       0                      564
118 8375.3183678342902567     211.65474455858699798    569
119 8517.3256842371120001       0                      574
120 8417.2532336796393793       1.7129565153289068036  579
121 8367.4740241794643225       0                      583
122 8371.4510097472266352       0                      588
123 8469.608240571064016        0                      593
124 8582.6785110095879645       0                      598
125 8589.2587585435940127       0.18505614327455616186 603
126 8587.5068381066776055       0.15158894042197951224 608
127 8557.8090701217970491     138.70825437402586999    612
128 8480.0683627884100133      15.531860183857473245   617
129 8563.943679721771332        0                      622
130 8368.7252163188713894       0                      627
131 8318.7173294601925591     464.85813270264600305    632
132 8435.8467802402810776     361.94574809863377141    637
133 8421.8423250597916194       1.1541817007759775926  642
134 8576.5208137529134547     523.59930047147372534    646
135 8425.0824327438258479     647.81266565899863963    651
136 8737.6420757111100102     312.83654935145040099    656
137 10989.728198496966797      616.59932913535556054    661
138 10559.137242350458109      3078.8318247368911216     666
139 8377.0366643813977134       0                      671
140 8720.0701917914248043     1580.6804083070205706     676
141 8364.5154767917429126       0                      680
142 8524.286839211885308      1554.8363937582776089     685
143 8554.866978449115777        2.9982835432824548327  690
144 8381.0682110458510579       4.4552805081985500379  695
145 8398.7147501798226585       0.0353835391066097682  700
146 8546.6446834416819911     107.45260477094434748    705
147 8412.7202589067219378      45.366353495792651529   710
148 8341.6177342945211421       0                      715
149 8318.4087634044990409     912.54773378369122838    719
150 8405.6446327173907775       0                      725
151 8910.9027167070762516       0                      729
152 9163.6640717534282885       0                      734
153 8518.9493640554137528     118.31785721183378257    739
154 8522.0198773776101007      13.709972543515018373   744
155 8316.3385969227456371       0                      748
156 8326.3648838987464842       0.15950653625853819517 753
157 8442.9090494508109259       0.46760319749659218225 758
158 8543.1125062671962951       0                      763
159 8541.7710852637246717       0                      768
160 8521.9491689431088162     131.77823826677749253    773
161 8521.3347849767123989       6.5730111489220703902  777
162 8296.7927148360540741     853.62166569835312657    782
163 8299.5635462884056324      63.347879913349132153   787
164 8346.7999211075766652     328.32541964434005877    792
165 8341.0748536176506605     1473.985513084615377      797
166 8738.8548093553508807     149.11873746594821455    802
167 11028.855537540883233      829.51900604967352137    806
168 8276.3345262738312158     1643.2178412021091845     811
169 8356.5211815174734511       2.1857005375470652808  816
170 8393.3671829168542899     144.90910225857845717    821
171 8651.9305443168923375     195.63253270490531577    825
172 8405.0898929777868034      20.762525583980295352   831
173 8349.2033879486771184       3.4569274273383667762  836
174 8366.068276963171229        7.8523278578601667377  840
175 8366.8673766705960588       7.9678833317678972037  845
176 8522.8009870875957859     133.03026258542462301    856
177 8511.9327995493113121      15.350310613264833037   860
178 8524.4659827837022021       0                      865
179 8291.3831715600426833       0                      870
180 8320.3571372838123352     910.54120619334639741    875
181 8389.882343586650677        0                      880
182 8323.2101520536889439     135.625682889835673      885
183 8330.462376491217583      129.97326299065579747    890
184 8508.7627776758508844     102.19564179933037451    895
185 8515.5857356244796392      12.601654755595658841   900
186 8373.1812425680727756       0                      905
187 8393.3964563890276622      19.76580533916001059    909
188 8496.2059968839748763      14.5873360185990677     915
189 8293.6155188080683729     263.32426291672504703    919
190 8306.3556247799479024     1515.8066556232702169     924
191 8432.5229410694882972      92.06728404564505297    929
192 8874.744585309188551      243.80220594067804996    934
193 8524.9732295642897952     241.47866561475706249    939
194 8531.7956703640084015     1721.0895776644795205     944
195 8809.8988593217363814     218.06061069869718949    949
196 8372.5960918575583491     4148.9375391991843571     954
197 8456.4999077601842146     331.63588867416302719    959
198 8391.2370923989674338       1.9335635600394480704  964
199 8518.112683826673674      130.65783338626661703    968
200 8499.4496029742040264      14.983504345375155964   973
201 8290.458501724726375        0                      978
202 8287.7147398498382245       0                      983
203 8279.7560115972173662       0                      988
204 8314.7552439330484049       9.8281926213620511845  993
205 8483.7145689027183835      36.585550775986803274   998
206 8420.4867910624670913      11.235929368396876171   1003
207 8183.1360289608928724       0                      1007
208 8660.406528530344076      462.63573732791076054    1012
209 8417.6526974431126291       1.9797054393241066972  1017
210 8447.4631635680871113      34.520062546672747317   1022
211 8508.5179964033395663      79.320365489856968111   1027
212 8497.4944549563442706      15.340332824617084029   1032
213 8183.5011610193068918     875.62245393832859008    1037
214 8256.594714953460425        4.9071444541483240087  1042
215 8592.2472939836497972       0                      1046
216 8905.606699410276633       69.903577910506498938   1051
217 8209.5850837599809893       0                      1056
218 8196.4183533398791042     1447.64642432585606       1061
219 8269.0122609542031569       6.5075382997395845308  1065
220 8171.9415244123538287      80.4957994897641953     1070
221 8171.4921707913217688       0.1439465794313049829  1075
222 8557.9854223183574504      16.859607293907032499   1080
223 8347.1150698036108224     281.52078055731408313    1084
224 8250.8126905645258375       0                      1090
225 8289.3856730348597921       0                      1095
226 8287.2308042702861712       0                      1100
227 8237.3612319271232991     500.98332910099895798    1105
228 8508.856743132306292       97.792673499844440244   1110
229 8404.1752907544341724      41.777435009394899623   1115
230 8162.0141118437923069       0                      1120
231 8130.5718104186216806       0                      1125
232 8124.8095556671541999       4.3321665508893314467  1130
233 8361.110037914088025        0.0004909261116211015  1135
234 9588.1589456389719999     447.3445064163764755     1140
235 8343.4490762998339051       9.0054159543584297865  1145
236 8187.7709194554045098       0                      1150
237 8219.7932688827331731       0                      1155
238 8508.0344664317144634      49.8166817526721033     1159
239 8359.152217232662224       57.034351402543940424   1164
240 8469.4342348771187972      19.398268192815748989   1169
241 8141.610456806858565        0                      1174
242 8140.4932259449769845     137.70744473606532665    1179
243 8154.6621671022558075     821.65934156531579902    1183
244 8173.4099721071315798     1474.4473123589266379     1188
245 8247.3013560602557845       0                      1193
246 8172.0527427047800302     1432.0796554855505747     1198
247 8186.5707675263038254     1868.9607249814353054     1203
248 8626.8176219836132077     1035.7791365947575741     1207
249 8488.7977640835688362     1752.4116130371362487     1212
250 8191.1593086074153689     715.69645815482681428    1217
251 8135.355587027562251        0                      1223
252 8396.6867967021225923       0.33718769641919099644 1227
253 8452.8520506992517767      10.42191711053481562    1233
254 8203.6174010822978744      65.088800690928380277   1238
255 8254.6246811137079931     143.74052036891538364    1243
256 8130.4073011662230783       0                      1247
257 8129.9227565611099635       0                      1252
258 8128.5500390238430555       0                      1257
259 8130.1138636067744301       0                      1262
260 8420.8460062915837625       3.7506021309429757871  1267
261 8481.6758894666781998      43.308909578453679501   1272
262 8348.7621216668412671      60.779007322417506032   1277
263 8127.1673526943077377       0                      1282
264 8683.6745066296243749       7.1536755862415892793  1287
265 8206.4971425189960428       0                      1292
266 8710.8161729817074956      29.115587031874525792   1297
267 8340.1947547034997115      68.651751139951358027   1302
268 8133.3471770725291208       0                      1306
269 8149.1417596671462888       0                      1311
270 8199.4138456604723615       0                      1316
271 8143.8954826757935734      63.115180515389234017   1321
272 8128.5645814687950406     318.34156635708478689    1325
273 8139.0619461934902574       0                      1330
274 8278.0618813507880986      69.31593071457075439    1335
275 8339.9821776657645387       9.5179974290325457531  1340
276 8369.5361550542165787     280.37294658589655683    1345
277 8592.1456102304964588     1299.0934792007476517     1349
278 8138.7030337095338837       0                      1354
279 8139.9797914800856233       0                      1360
280 8273.705415989001267      146.44924366143550287    1365
281 8389.7063090360043134      99.637792887983337664   1369
282 8140.2273209894701722       0                      1374
283 8117.9162593933288008      87.593611250422966918   1380
284 8226.2809009823358792     171.11217044066515314    1384
285 8118.5978852314274263       0                      1389
286 8110.8764474636909654       0                      1394
287 8165.853914915803216       15.398232822176156631   1399
288 8122.4549188742239494       0                      1404
289 8212.885752407466498        0                      1409
290 8353.1385599225304759      28.687614529782127448   1414
291 8343.4882551227092335      61.351395424796336897   1419
292 8102.8629181270252957       0                      1424
293 8441.9800531542077806       0                      1429
294 8268.7098245189517911       0                      1434
295 8267.4571212514219951       0                      1439
296 8097.3651795454234161       0                      1443
297 8132.3003444953783401       1.7684104882298834482  1448
298 8102.2577031834853187       0                      1454
299 8109.2676655911618582       0                      1458
300 8484.6366138888151909      32.258974572114645696   1463
301 8420.6014505423736409       7.1871944426151062046  1468
302 8382.377132141520633       23.449330705990110602   1473
303 8342.7301326626475202      66.182544601150269159   1477
304 8098.0283069752076699       0                      1482
305 8120.4774954432496088       0                      1487
306 8126.7699189658233081       1.0560167748106212837  1492
307 8164.8537701279547036      14.304574871135237402   1497
308 8095.775377761994605        0                      1501
309 8121.5476532297216181       0                      1507
310 8140.5341522744165559       0                      1512
311 8457.0255682603801688       0                      1516
312 8455.7946876985952258       0                      1521
313 8228.1653808198225306      40.554140200761345625   1526
314 8276.1081251747364149     101.20607683640020014    1531
315 8097.1246720094368357       0                      1536
316 8099.8820267907267407       0                      1540
317 8240.7734891594845976       0                      1545
318 8094.8423776207037008       0                      1550
319 8347.7093689077719318       0                      1555
320 8092.3287556401228358       0                      1560
321 8183.8346090491695577      56.861957049864003011   1565
322 8381.605976210323206        0                      1570
323 8096.4814908491862298       0                      1575
324 8226.7560656939476758      36.815431768789906641   1580
325 8092.6391796584412077       0                      1585
326 8119.2867490790740703       0.4677760623205836632  1589
327 8108.3326633411452349       0                      1594
328 8092.3652660649986501       0                      1599
329 8097.7539753970131642       0.00350725422953105824 1604
330 8171.8241472368263203       0                      1608
331 8093.5055241169902729       2.8358374563553678804  1613
332 8301.0438655832149379     339.64648784901550016    1618
333 8689.4103064412884123     276.12311860291868015    1623
334 8462.3013725773780607     227.94150146151230274    1627
335 8091.7906999031138184       0                      1632
336 8529.1814390624022053       0.11177864949130496275 1638
337 8274.0637343052876531       0                      1643
338 8227.8412100537061633      49.360580275399549066   1647
339 8092.9185230627044803       0                      1652
340 8090.850563544261604        0                      1657
341 8096.7433371718307171       6.1906067751668008015  1662
342 8121.3727065407656482       0                      1667
343 8334.1339366890479141       1.9302430568331110372  1672
344 8191.9272638455877313      84.832025873564958829   1676
345 8148.4320073067392514       0                      1681
346 8171.3002917510448242       8.1537442322698314712  1686
347 8089.2964242546804599       0                      1691
348 8155.5315717356406822      44.98692975692051732    1695
349 8462.5403399113674823      22.162259113889483331   1701
350 8089.6583550210316389       0                      1706
351 8406.5625482855884911      31.640074042720581105   1711
352 8089.0407861612948182       0                      1715
353 8176.890469819612008        0.02483104719197133312 1720
354 8214.0700746747279481       0                      1726
355 8163.5217062067567895       0                      1731
356 8476.5361965872689325       0                      1736
357 8086.9422219385214703       0                      1741
358 8093.1491446671352605       0                      1746
359 8146.6821158013071908       0                      1751
360 8171.1092228733323282     103.63808284767796408    1756
361 8099.33592749615309         0.39115773669128367507 1761
362 8256.8114933501856285       0                      1765
363 8175.9794050568179955      32.379284088038765788   1770
364 8193.1453513202541217     101.28544238573614678    1775
365 8138.7902282536697385       0                      1780
366 8109.9046186930636395     192.76575436947507569    1784
367 8119.7104665949664195     114.95911824390188372    1789
368 8136.9741438632099744     803.31246182517941179    1794
369 8251.4378436699535087     2270.3575054711814118     1799
370 8639.1716839347354835     285.60835737519721533    1803
371 8129.7191699991999485       0                      1808
372 8306.9098855522934173       0                      1814
373 8127.240641532988775        0                      1818
374 8105.4561940934245285       0                      1823
375 8406.0520435603993974      35.138025465568865968   1828
376 8148.0542955588407494     242.35012252034920266    1833
377 8248.6679943265444308       0                      1837
378 8095.0641767284214438       0                      1842
379 8093.920421118809827        0                      1847
380 8132.9641515945286301       0.00464166511067270852 1851
381 8100.7869667807553924       1.0365942955664813052  1856
382 8133.7213789999086657       0                      1861
383 8195.6798004786869569      64.469836076029693572   1866
384 8195.8807019445048354       0.58732992274275153122 1871
385 8750.2653957619186258     119.25396097388917838    1875
386 8123.1594556893614936       0                      1881
387 8122.9320795037956486       0                      1885
388 8403.3626066029792128     104.84600174753755653    1890
389 8401.4639864285945805     159.53214076239791552    1895
390 8108.2060849795980175     155.76896932867518331    1899
391 8210.303336587809099      130.77998706639397142    1904
392 8089.9903049444501448       0                      1909
393 8087.3022382616227333       0                      1914
394 8088.1758040174827329       0                      1918
395 8089.7263629045537527       0                      1923
396 8102.8815048223086706       2.0413595581172132576  1928
397 8134.2571201328701136       0                      1932
398 8137.3479344227243928       0                      1937
399 8088.3930184617229315     279.40267391590458601    1942
400 8291.7611118210461427     190.62765678458660545    1947
401 8459.4842706816380087     564.30596670702607298    1951
402 8125.7146386899312347       0                      1956
403 8087.6201961879150986       0                      1961
404 8089.8363351370244345       0                      1967
405 8491.6750939877365454      18.101187274067370936   1971
406 8166.3389544248484526     142.16549922426781905    1976
407 8131.8332644407337284       1.3433645879232027909  1981
408 8089.3993718052870463       0                      1985
409 8089.2741921344713774       0                      1990
410 8092.9017675965251328       0                      1995
411 8103.359690339611916        0                      2000
412 8093.3228144460690601     173.40776074163579779    2004
413 8094.3203692379338463     109.63184011527590656    2009
414 8103.9556674246414332     230.67131683479146886    2014
415 8106.0060434255201471     217.89932746831951249    2019
416 8360.8273448321997421       0.17868974695291497956 2024
417 8363.0918392051098635       0.34895914726527954564 2028
418 8087.8945928948660367     335.81205645084776279    2033
419 8092.594990701885763        0                      2038
420 8092.7036976640665671       0                      2043
421 8362.3179261622444756       0                      2048
422 8363.9707685008725093      97.055020896992019175   2053
423 8137.144355585662197      134.63345227824549966    2058
424 8090.6203896429105953       0                      2062
425 8085.4627073420842862       0                      2067
426 8093.3595758858409681       0                      2072
427 8093.8791281234534836       0                      2077
428 8091.8055716367161949       0                      2082
429 8348.6557279870357888       0.16709093456692192259 2087
430 8349.408629250840022        0.18284701492561913905 2092
431 8159.684501378233108      132.70371019717268268    2097
432 8111.867051658422497        0                      2102
433 8085.4424695797633831       0                      2107
434 8085.3907607161409032       0                      2111
435 8085.31673617531942         0                      2116
436 8082.7740733193204505       0                      2121
437 8098.0545551841541965       0.24267437515564782569 2126
438 8082.7309773066717753       0                      2131
439 8083.5115247469975657       0                      2136
440 8083.6257874726670707       0                      2141
441 8091.1308253439128748       0                      2146
442 8348.5033266883619945     408.01468724004951127    2150
443 8348.4493880065874691     409.00640374119450371    2155
444 8574.2965800530491833      60.714909863316272265   2160
445 8172.1910363853494346       1.5442995655509510478  2165
446 8298.7389881593608152       0                      2170
447 8090.1795662773565709       0                      2175
448 8082.9327605866010344       0                      2179
449 8087.2178267164545105       0                      2184
450 8083.8924118390796139       0                      2189
451 8091.7526781706628753       0.03833309382167771062 2193
452 8095.5647149926198836       0                      2198
453 8099.0606877999398421       0                      2203
454 8084.6537406271827422     376.66338534481542411    2208
455 8509.6502820922451065      24.952305782995772176   2213
456 8116.1443169589911122      50.25266303304366744    2218
457 8082.262089301710148        0                      2223
458 8090.3124370793093476       0                      2227
459 8085.5884354669424283       0                      2233
460 8085.8112449762138567       0                      2237
461 8307.2098789268802648     291.70364646400611264    2242
462 8425.7557661033442855      41.412702369022511562   2247
463 8156.5842916003657592       0.88131775302799597593 2252
464 8083.227001297019342        0                      2256
465 8088.8612122270524196       0                      2261
466 8082.3104894967927976       0                      2266
467 8083.223719725009687        0                      2270
468 8112.8431066798229949       0                      2275
469 8088.5509342238292447       0                      2280
470 8082.3150310954251836       0                      2285
471 8084.20350496615265       355.04598792144031449    2289
472 8364.15022575036528       366.90406152939897311    2294
473 8364.5955555256696243      83.657044318679311345   2299
474 8095.6430502061830339      83.441624852426699022   2304
475 8089.2371929686651129       0                      2308
476 8085.167928935998134        0                      2313
477 8083.5518721944617937       0                      2318
478 8370.487877079332975      416.4674464518884065     2323
479 8113.4167219231630952     252.36591175932343845    2327
480 8089.3231020311459361       0.57745478166352781635 2332
481 8082.2460838863817116       0                      2337
482 8083.0877103900929797       0                      2342
483 8089.1000904933998754       0                      2347
484 8089.0899392368000917       0                      2352
485 8329.6058414806320798       0.02620547845908841045 2357
486 8329.9451890280051884       0.04097300835085220666 2362
487 8357.6545226740490762      69.391871271420598077   2366
488 8159.1237889599287882       1.4197147878154499079  2371
489 8084.0744287246398017       0                      2376
490 8084.6114430954557974       0                      2381
491 8085.3372391949096709       0                      2385
492 8082.4147306139839202       0                      2390
493 8083.1197794947192961       0                      2395
494 8084.7291910709227523       0                      2400
495 8094.8248602000167011       0                      2404
496 8084.8718241317628781     378.06511702071708214    2409
497 8358.9383178539774235       0                      2414
498 8379.1588871527619631       2.0877956381955917742  2418
499 8090.9692591558359709       0.06595226379294337471 2423
500 8361.6600757069300016       0.99060583189752826616 2429
501 8085.2637273851314603     303.93940252486208919    2433
502 8085.5173185922321863     292.64106560048270467    2438
503 8114.4307269687806183     248.61739539705263269    2443
504 8089.150502560154564        0.53019595302414812554 2447
505 8082.4059645368206475       0                      2452
506 8082.329954383576478        0                      2457
507 8082.42324590321914         0                      2461
508 8082.800744955031405        0                      2466
509 8084.3538558396776352       0                      2470
510 8086.6049747575434594     320.59789610312338937    2475
511 8087.5360795734168278     112.11592758575021378    2479
512 8088.6600540423542043     121.55056386128124757    2484
513 8359.4934998230692145       0.25921483974398501493 2489
514 8365.279862764171412        0                      2493
515 8086.4635858280225875     332.6525941459075284     2498
516 8082.2810667003477647       0                      2503
517 8082.314082727612913        0                      2508
518 8357.7944954027934727       0.13123921503558264035 2512
519 8356.9183917115624354       0.00136200541005032237 2517
520 8084.2461292803109245     334.8931802302485039     2521
521 8082.4398422494359693       0                      2526
522 8082.6333394074536045       0                      2531
523 8082.276072229876263        0                      2535
524 8082.2887516048867838       0                      2540
525 8082.4620482979180451       0                      2544
526 8083.0828095414308336       0                      2549
527 8082.2488980198540958       0                      2553
528 8084.1139573984955859     344.73740627004980297    2558
529 8085.6789087208499041       0                      2563
530 8359.1958745951105811       0.50155735472280482679 2567
531 8364.2027856726854225       0.09592055294961600309 2572
532 8084.3902532827323739       0                      2576
533 8082.3650664893502835       0                      2581
534 8085.5937529785533116       0                      2586
535 8357.519549177155568        0.2109380498589109032  2591
536 8365.9942456743228831     181.03465635942023937    2595
537 8084.5686026634084556     324.37393960015543826    2600
538 8082.3598060572712711       0                      2605
539 8082.3808113860395679       0                      2609
540 8082.2003638160913397       0                      2614
541 8082.259947016958904        0                      2618
542 8082.0728820584981804       0                      2624
543 8082.5615834348991484       0                      2628
544 8082.012714584268906        0                      2633
545 8082.3298050013208922       0                      2638
546 8084.3752257421519971       0                      2643
547 8084.643341907994909        0                      2648
548 8372.2319816966228245     178.45785999172602487    2652
549 8115.7657224446429609     242.48262299245899953    2657
550 8089.135190954085374        0.50726517734597620368 2661
551 8082.8700635233626599       0                      2666
552 8083.0761873198916874       0                      2671
553 8082.0506896553306433       0                      2675
554 8082.2483560557402598       0                      2680
555 8081.9870479475039247       0                      2685
556 8094.8417730099645269     367.41107127890398942    2689
557 8084.9326386262846427       0                      2694
558 8081.9756325880352961       0                      2699
559 8082.5313866237238472       0                      2704
560 8358.5790411060370388       0                      2709
561 8359.2506225076231203       0                      2713
562 8088.9023826393495256       0                      2718
563 8091.5550958561580046       0                      2723
564 8108.3126605277657291     209.606139502777296      2728
565 8085.9336289048742401       0.02340104657304530392 2732
566 8082.1294235794002816       0                      2737
567 8081.9329697091206981       0                      2742
568 8082.1007812701036528       0                      2746
569 8085.6207077579547331       0                      2751
570 8099.5349762450341586       0                      2756
571 8303.3771675625393982       0                      2761
572 8109.5441247295912035     205.40336446458630348    2765
573 8085.781304489158174        0.01150345202129238881 2770
574 8082.7228735530270569       0                      2775
575 8093.5676025294378633       0                      2780
576 8082.2654837576401405       0                      2785
577 8084.7772190536279595       0                      2789
578 8082.1302701799049828       0                      2794
579 8082.9620721744204275       0                      2799
580 8090.6289579218037034       0                      2803
581 8082.2020409015085534     328.28023167907360857    2808
582 8370.5316176479445858       0                      2813
583 8354.9533587415462534       0.08509322064953543652 2818
584 8082.26227363205453         0                      2823
585 8081.9186758322175592       0                      2828
586 8082.0311965524097104       0                      2833
587 8081.9184407918983197       0                      2838
588 8082.0619381966471337       0                      2842
589 8081.9824356872268254       0                      2847
590 8342.3864909157618968       0                      2852
591 8342.4994947369450529       0                      2856
592 8110.1696366400947227     216.09424477373008244    2861
593 8088.8642328838186586       0.3614551579877051668  2866
594 8082.0067371271597949       0                      2870
595 8083.1564379624605863       0                      2875
596 8081.9305115652414315       0                      2880
597 8082.998975031644477        0                      2884
598 8082.2241821193174474     336.85342417551868266    2889
599 8082.2801877117390177       0                      2894
600 8082.7856119066036626       0                      2899
601 8083.3021822315549798       0                      2904
602 8332.5463632331156987      99.374316075581333507   2908
603 8398.9833014245195955     424.8274849393114323     2913
604 8085.4710125164410783       0                      2918
605 8346.2482298477934819       0                      2923
606 8347.5837820301712782       0                      2927
607 8084.4460643366783188       0                      2932
608 8085.6065684017539752       0                      2937
609 8108.9873054824001883     218.01353712433586907    2941
610 8082.3753726296290552       0                      2946
611 8081.9866217286380561       0                      2951
612 8081.9251834864644479       0                      2956
613 8082.3859520046780744       0                      2961
614 8082.7822815250183339       0                      2965
615 8082.8430315621935733     313.15035795184712697    2970
616 8083.9786056692719285       0                      2975
617 8090.3349307388052694     127.86096406939871883    2979
618 8361.411229387325875        0                      2984
619 8362.4440346755891369       0.09877560413787779547 2988
620 8084.6105824989463144     314.64938600328736129    2993
621 8084.1090559481399396       0                      2998
622 8355.7756888723724842       0.42821913333552980019 3003
623 8357.2869229167590674       0.61701279125200669817 3008
624 8083.2543246195882602     337.37813312725000969    3012
625 8082.1777084057712273       0                      3017
626 8082.0085256290258258       0                      3022
627 8081.9475359718317122       0                      3027
628 8081.9201980625457509       0                      3032
629 8082.1579426674898059       0                      3038
630 8082.793962525639472        0                      3042
631 8082.9208250857391249       0                      3047
632 8084.9271150160684556       0                      3052
633 8088.3154542824195232     111.79148802950035702    3056
634 8360.0345303351641633     383.25953966348794211    3061
635 8368.9787408846859762      76.342211668703299665   3066
636 8082.5347273060024236     346.72412415247038098    3071
637 8086.0718290019694905       0                      3076
638 8357.2525354543540743       1.1596167282092437745  3081
639 8082.1659214186220197     337.29478642031034497    3085
640 8081.9177064189634621       0                      3090
641 8081.9253762152229683       0                      3095
642 8082.0204561285790987       0                      3100
643 8082.0237868245003483       0                      3104
644 8359.3042193100445729       0.11920285594320451095 3109
645 8081.9414747267019266       0                      3114
646 8081.9186172812906079       0                      3118
647 8081.9433476984213485       0                      3123
648 8082.6209323548946486     366.81078563379207935    3128
649 8082.7556207978359453       0                      3132
650 8082.9214427212982628       0                      3137
651 8086.7497852758488079     131.556566861121496      3142
652 8083.9474469097003748     347.07279000410909475    3147
653 8367.6847849366131413      75.705227823491426875   3151
654 8364.4435258578632784     387.39229429230346113    3156
655 8092.1637757437692926     138.34371764903690405    3161
656 8082.96121440240222         0                      3166
657 8082.1045470895578546       0                      3170
658 8082.1643008216124144     337.03136348533797673    3175
659 8081.9186943880213221       0                      3180
660 8081.9378231229620724       0                      3184
661 8081.9466498569454416       0                      3189
662 8081.9905077558069024       0                      3194
663 8081.9155516068603902       0                      3199
664 8081.9260590988424156       0                      3204
665 8086.194961323923053        0.58367426269492284074 3209
666 8085.4777896712093934       0.01984682714574409826 3214
667 8359.7585922269354342       0.37543360749896009798 3219
668 8082.1610228625768286     336.47426489549542339    3223
669 8081.919573888456398        0                      3228
670 8082.0624395752056444       0                      3233
671 8082.0700067233883601       0                      3237
672 8082.1125110049233626       0                      3242
673 8081.9167177763920336       0                      3247
674 8082.1636453991786766     333.09223647733989537    3251
675 8082.9199913934398865       0                      3256
676 8082.7550401520165906       0                      3261
677 8360.7790602725399367     106.03419016928638996    3266
678 8366.6285432179647614     413.88369490478203261    3270
679 8081.918787448196781        0                      3275
680 8082.2596492395450696       0                      3280
681 8081.9242238314745919       0                      3285
682 8367.6204943639877456       0.72881468119914138981 3289
683 8082.1706045068040112     337.87369535848580426    3294
684 8081.915516104035305        0                      3299
685 8081.9252775892764475       0                      3303
686 8082.0360613598713826       0                      3308
687 8358.7818130929590552       0                      3313
688 8082.7918766134516773       0                      3318
689 8081.9285153120172254       0                      3322
690 8081.9252775892764475       0                      3327
691 8081.9514460902228166       0                      3332
692 8081.9472534606557019       0                      3337
693 8082.1783531546207087     330.03190598414511214    3342
694 8082.9282126005682585       0                      3347
695 8084.0021683262339138       0                      3351
696 8363.4256504874920211       0                      3356
697 8364.250014107376046        0.40780139234212547938 3361
698 8081.9248437405867662       0                      3365
699 8081.9163619098035269       0                      3371
700 8082.06844421101232         0                      3375
701 8360.1145906085475872       0                      3380
702 8360.9014692052187456       0.00126584734000031182 3385
703 8082.1690812412016385     337.58860620159299515    3390
704 8081.9400048198604054       0                      3394
705 8081.9444769443598489       0                      3399
706 8081.9151187665493126       0                      3404
707 8081.9229484476300058       0                      3409
708 8083.6582626884119236       0                      3414
709 8083.6587543017394637       0                      3419
710 8082.1632132303111575     336.74665908846623097    3423
711 8082.0114490271080285       0                      3428
712 8081.9171294087445858       0                      3433
713 8081.9335725211622048       0                      3437
714 8081.9451968483263045       0                      3442
715 8081.9168212659114943       0                      3447
716 8082.7535575608608269       0                      3452
717 8088.3138388602483246     111.14183705929168866    3457
718 8360.9798642533223756       0.09577131290488992421 3461
719 8361.3918138073313457       0                      3466
720 8081.925473930094995        0                      3471
721 8357.0682296358991152       0                      3476
722 8356.3395591954431438       0                      3480
723 8082.1569177777828372     334.7815067507200979     3485
724 8081.9191705067687508       0                      3490
725 8081.9175675008182225       0                      3494
726 8081.9429209166828514       0                      3499
727 8081.9162248666279993       0                      3503
728 8086.6461067866357553     126.43516629327585576    3508
729 8082.1881997533846516     333.4180184888665508     3513
730 8360.8214441072977934       0.00048520337556641003 3518
731 8360.5035418936058704       0.00230485631438819179 3522
732 8083.6353091213904918       0                      3527
733 8081.9292845302197748       0                      3532
734 8081.9888256743861348       0                      3536
735 8081.9252025324840361       0                      3541
736 8081.9377933222631327       0                      3545
737 8082.1660826803517921     332.25535806025959573    3550
738 8083.9899556892496548       0                      3554
739 8088.3190959501444013     110.65097358313781228    3559
740 8362.4794091685835156      89.642346098216563632   3563
741 8366.384523330920274      382.09878980042969943    3568
742 8081.9488789668521349       0                      3573
743 8081.9498642284361267       0                      3578
744 8364.7741060007538181       0.54277449770401853257 3582
745 8366.7640055500960443       2.219413733446022885   3587
746 8082.1581634886670145     334.49763755722869973    3592
747 8081.919250560978071        0                      3597
748 8081.9945348779774577       0                      3601
749 8081.9155207554531444       0                      3606
750 8081.9429966318448351       0                      3610
751 8083.9971784219869733       0                      3615
752 8359.5022690322184644       0                      3619
753 8364.341043680355142        3.7431851588919689     3624
754 8083.9880840832283866       0                      3629
755 8081.9207105081804912       0                      3634
756 8081.9845115751841149       0                      3638
757 8363.0622960339151177       0.56525601608831976819 3643
758 8368.3786526921685436     383.7962314110768034     3647
759 8082.1581563444033236     332.51700487527193673    3652
760 8089.7603643230922899     139.01183244710105669    3657
761 8089.7829067179454796     139.03921429093529127    3661
762 8082.1613274428182194     332.23394583497565691    3666
763 8082.1723362665898094     332.55979830471932246    3670
764 8082.7558430909612071       0                      3675
765 8088.3112017078110512     110.63846833698090677    3679
766 8365.8217625735487673     380.09822484741397375    3684
767 8367.0269345423748746     154.5509034070389589     3689
768 8081.9923873095940507       0                      3694
769 8354.9787419499771204       0                      3698
770 8357.0682296358936583       0                      3703
771 8082.161327442804577      332.23394583497912436    3708
772 8082.1901625482769305     332.58070078198488773    3712
773 8088.341083783270733      111.4411895012863738     3717
774 8358.7117171253266861       0                      3721
775 8365.1345688387791597       3.6924707263193674578  3726
776 8081.9233698682837712       0                      3730
777 8359.6049015533735655       0                      3735
778 8360.6156787927538971       0                      3740
779 8082.7814043760936329       0                      3745
780 8361.3086964426875056      95.419553876866160635   3749
781 8366.1939252366191795     391.28212370707831269    3754
782 8083.9884955984316548       0                      3759
783 8354.9787419499807584       0                      3764
784 8081.9734388200486137       0                      3769
785 8092.1261813237551905     137.01832495083709773    3773
786 8083.9855062337128402     342.34388026977467234    3778
787 8083.9977137221640078     342.70096545055378101    3782
788 8082.5000498271510878     359.74007184602783127    3787
789 8086.6454968109428592     125.91176585546750744    3792
790 8359.9788582704404689     102.08683655116863065    3796
791 8366.3864197295879421     445.26248648346495429    3801
792 8356.451050693893194        0.02580502246797472185 3806
793 8082.7534164636772402       0                      3810
794 8081.9154192493651863       0                      3815
795 8081.9433451492432141       0                      3829
796 8082.7552682246505356       0                      3843
797 8359.998028160955073        0.45069233406741820991 3851
798 8362.4624502908191062       0.11864385057541895763 3858
799 8081.9191705067632938       0                      3863
800 8357.2200534051444265       0.03225605059711865452 3868
801 8082.1648761327533066     331.39796647914954519    3872
802 8361.4371960312000738       0                      3877
803 8362.2223944295965339       0.12575837729943489807 3882
804 8081.9997902212689951       0                      3886
805 8081.9172030415002155       0                      3891
806 8363.2886125519362395      79.791402830707966132   3896
807 8364.8158851966927614     378.68861107797260956    3901
808 8081.9190864448510183       0                      3906
809 8081.9238556177615465       0                      3910
810 8357.8380122913513333       0.7330993684364806029  3915
811 8081.987796503825848        0                      3919
812 8081.9953417875658488       0                      3924
813 8083.9994351151608498       0                      3928
814 8083.9859596901687837       0                      3933
815 8083.0011526911403053     320.48470640026130241    3937
816 8088.31756993027102       110.14882465697995428    3942
817 8358.8187853247072781       0                      3947
818 8362.9796876874024747       0.13751677362534087123 3951
819 8088.3151921288817903     110.44666671260321777    3956
820 8357.2403888856024423       0                      3961
821 8358.1442550889205449       0                      3965
822 8081.9676806002698868       0                      3970
823 8082.1648761327587636     331.39796647914954519    3974
824 8088.3078040217133093     110.80546265374479731    3979
825 8088.3223852268274641     112.46588875373876704    3983
826 8089.1698080905653114     117.29070479506118829    3988
827 8082.1772748996854716     335.34514820870504082    3992
828 8362.5264662473091448      89.552349752023076235   3998
829 8364.8036910632981744     378.7482971133817955     4002
830 8092.1519347317589563     137.73808458962625423    4007
831 8356.9806284874102857       0                      4012
832 8082.9191081758044675       0                      4017
833 8082.9225979244638438       0                      4021
834 8081.9912796822918608       0                      4026
835 8082.8047455051364523       0                      4030
836 8085.1967691812751582       0                      4035
837 8084.0168102825718961       0                      4039
838 8359.9466302491982788     102.23751266666970139    4044
839 8366.2450010478369222     405.3481088946865043     4049
840 8082.7733794249697894       0                      4054
841 8081.9171255172268502       0                      4059
842 8082.1916465295253147     333.13453252566716856    4063
843 8088.3104717646374411     111.30921465429506156    4068
844 8089.1539430984257706     117.94492261263771127    4073
845 8082.1605025784774625     333.37565450306823323    4077
846 8359.7509551288785588       0                      4082
847 8363.8256123497249064       0.93259762843203242166 4086
848 8356.2500432244414696       0                      4092
849 8082.9249325361197407       0                      4096
850 8082.9237054621398784       0                      4101
851 8081.9164202459787703       0                      4105
852 8081.9443231457807997       0                      4110
853 8082.930985263185903        0                      4114
854 8361.7540427453968732      89.928975374564743106   4119
855 8365.9056017133571004     418.40834584500100846    4124
856 8081.9164449962072467       0                      4129
857 8082.8226852286725261       0                      4134
858 8082.170064681184158      330.56287170565661881    4138
859 8082.0159328048575844       0                      4143
860 8086.645815696313548      126.09020824818806261    4147
861 8086.647902027388227      126.78079346880450373    4152
862 8082.1625053116522395     332.53839088270393631    4156
863 8082.4994063634376289     359.44597617525300848    4161
864 8082.5199273883299611     357.76290871010462524    4165
865 8088.3413736756720027     111.11675832724492352    4170
866 8359.8339812308367982       0                      4175
867 8361.8183540492245811       0.00472812340455625296 4179
868 8082.4919684207870887     357.71891229166817538    4184
869 8081.9474311678477534       0                      4189
870 8357.7814833052161703       0                      4194
871 8081.9613202445489151       0                      4198
872 8082.7979317021618044       0                      4203
873 8084.8503264827877501       0                      4208
874 8083.9843793784175432       0                      4212
875 8084.0009842928275248       0                      4217
876 8357.9663833281210827       0                      4221
877 8365.5177506902909954       0.55978117934484339369 4226
878 8083.9841287306526283       0                      4230
879 8356.2533733801265043       0                      4235
880 8081.9206495070911842       0                      4240
881 8082.9247527445622836       0                      4245
882 8082.9236464548612275       0                      4249
883 8083.6292198761166219       0                      4254
884 8081.9193173883704731       0                      4258
885 8364.5678113719459361      88.233944299168058478   4263
886 8363.0977732790161099     414.85603481405769344    4267
887 8356.8480850896448828       0                      4272
888 8081.9269196227887733       0                      4277
889 8081.9206495070820893       0                      4282
890 8088.3229051073922165     111.321773216005667      4286
891 8082.1662878288416323     333.64622800430112193    4291
892 8082.1698047463150942     333.3970770596634452     4295
893 8088.3138943076673968     111.46633333930084575    4301
894 8362.8087073370170401      89.539691563641298444   4306
895 8364.5400882370740874     378.68299964470878649    4310
896 8082.9234475227194707       0                      4315
897 8360.615678792772087        0                      4320
898 8082.0240816926998377       0                      4325
899 8081.9847604919104924       0                      4329
900 8082.8030234908374041       0                      4334
901 8082.8235175980380518       0                      4338
902 8085.1994687622336642       0                      4343
903 8085.2119707820493204       0                      4347
904 8084.0226160387019263       0                      4352
905 8361.7855337575347221      95.05424314242446826    4356
906 8365.6940856457913469     390.53289998899396096    4361
907 8082.8022300063867078       0                      4366
908 8084.854596975844288        0                      4371
909 8084.8138678937420991     344.56981527338444948    4375
910 8092.1288349640672095     136.93023956481300729    4380
911 8359.3210925359217072       0                      4384
912 8362.3372514239799784       0.00905257663514408284 4389
913 8081.9973591352600124       0                      4393
914 8081.9201433881307821       0                      4399
915 8355.7308667975757999       0                      4403
916 8082.9234475227231087       0                      4408
917 8081.9929714388799766       0                      4412
918 8081.9907422604719613       0                      4417
919 8085.1941693886001303       0                      4421
920 8083.9933251506845409       0                      4426
921 8360.7662216184562567       0                      4431
922 8363.0826909685911232       2.577754256863632687   4435
923 8081.9206835495560881       0                      4440
924 8084.0165625339195685       0                      4445
925 8359.4880289458396874       0                      4450
926 8364.0809082391333504       0.9183318023926303475  4454
927 8084.2326308516830977       0                      4459
928 8081.9228235066302659       0                      4464
929 8082.1628485197270493     333.92999809756719287    4469
930 8088.3102320428342864     111.63388668983984076    4473
931 8082.1733538938633501     333.11368528478089956    4478
932 8088.3266822002269691     111.15436506187459997    4482
933 8360.3833795634291164       0                      4487
934 8361.4165276314943185       0.10485351255993795305 4491
935 8082.0016858128001331       0                      4496
936 8081.9480346852324146       0                      4501
937 8082.8022053214581319       0                      4506
938 8082.80106074935793         0                      4510
939 8085.217795833670607        0                      4515
940 8084.0181931527149573       0                      4519
941 8359.6490299434153712       0.11094253568787607045 4524
942 8364.5357867079037533       0.44798472648435416765 4529
943 8084.2093303282899797       0                      4533
944 8082.7545559941117972       0                      4538
945 8082.1700646811832485     330.56287170565661881    4543
946 8081.9191948144507478       0                      4547
947 8081.9428681556437368       0                      4552
948 8365.4416416014701099     353.47274502103726945    4557
949 8367.3122408420422289     167.2980763400197759     4561
950 8081.9206835495597261       0                      4566
951 8083.6308969077426809       0                      4571
952 8356.4849354068301182       0                      4576
953 8081.9506722852647727       0                      4580
954 8081.9443438167600107       0                      4585
955 8082.519619654575763      357.15527443845058997    4589
956 8086.6429033030262872     125.71978141348651548    4594
957 8360.7958642765261175       0.0031000703968805934  4598
958 8360.8539719739219436       0                      4603
959 8085.2139637894251791       0                      4608
960 8088.3137315308194957     110.31546624938309265    4613
961 8088.3236718480293348     111.97178318651222639    4618
962 8083.4274912048113038     298.14784611955008131    4622
963 8083.4460028994853928     301.0407670792885142     4627
964 8089.0668070126521343     132.52322037976827573    4631
965 8364.0478916743886657      79.328465147939056124   4636
966 8364.0536675089988421     377.88638429921712714    4640
967 8084.8726656590306447       0                      4645
968 8356.7777027689644456       0                      4650
969 8357.0058092831150134       0                      4654
970 8081.9932133078846164       0                      4659
971 8082.5052399604210223     360.31638686560160068    4663
972 8082.7981385499060707       0                      4668
973 8085.1954579953617213       0                      4672
974 8086.6460843988606939     126.25655311042001472    4677
975 8087.1965773428701141     149.94018461577726953    4681
976 8083.9588659387491134     323.2129813385450916     4685
977 8355.4837447324553068       0                      4690
978 8081.9411517227790682       0                      4694
979 8088.3217551453035412     110.32796767586899023    4699
980 8088.3410699609012227     112.25994255722233106    4703
981 8082.1666969831730967     334.48448687743047003    4707
982 8082.166148232764499      331.70201113351868116    4712
983 8082.1937655521196575     331.74426693540056021    4716
984 8082.1870122199479738     332.86383472362217617    4720
985 8089.0536067746206754     132.50976145513874371    4725
986 8367.7710440205064515     166.16462579288651114    4729
987 8364.9511369686897524     352.70323508908734311    4734
988 8082.1594189824818386     333.07080908923359175    4738
989 8355.4837447324607638       0                      4743
990 8085.2284191549788375       0                      4747
991 8082.7582111163319496       0                      4752
992 8082.7846865145529591       0                      4756
993 8082.9260677926413337       0                      4760
994 8083.6263736010196226       0                      4764
995 8359.533159596092446        0                      4769
996 8362.1148920776777231       0.0045393889950130998  4773
997 8357.3939451495061803       0.05733576506219976998 4778
998 8357.9422687772312202       0.05391551465692157735 4782
999 8085.9369365526354159       0.13824897877859787521 4787
1000 8083.9783152727914057     343.38869864967551848    4791
