1 9565.6947226160700666     112690.11376419619774       4
2 9809.385053976360723      100040.55262395863247       8
3 9320.6490696238415694     100846.29390281617816       12
4 8962.5870656644947303     75270.265019868355012      17
5 9059.844431032819557      65271.397095672800788      21
6 9153.6458478276144888     66754.722342224296881      25
7 9004.4042170248176262     51102.032011819414038      29
8 8915.688649427584096      20408.54928107419255       34
9 9040.9943736177574465     16756.812802259635646      38
10 9035.2517494198164059     16031.839698349000173      43
11 9021.0679994361653371     14145.729639022287301      47
12 9005.4291913285305782     11194.137628777067221      51
13 8878.0859924001379113     3836.6633305134732836     56
14 9021.5526854220097448     9430.8331939792806224     60
15 8917.214073344697681      4169.7593102077617004     64
16 8931.4432322398715769     40958.975151154991181      68
17 9056.5487563007609424     64921.534154042266891      73
18 8921.920033587501166      17734.949219790294592      77
19 9012.9561884413269581     12970.122546034592233      82
20 9045.2958718799418421     5479.7222032086328909     86
21 8536.1709127308386087     2444.7687646372846757     90
22 8511.4609649274043477     2321.8749005093386586     95
23 10130.351935665938072      5790.836167868245866      99
24 8786.9610668542245548     9860.7212728501199308     104
25 8508.5651797485825227     2166.177149292811464      109
26 8503.4429425643174909     2059.9385482393126949     113
27 8515.8708354716982285     2625.995280284983437      117
28 9023.5232717000108096     5189.4391965113782135     122
29 8883.9521628863694787     7628.7244369586260291     126
30 8658.5248484407675278     4298.7894141054930515     131
31 8799.2053814283881366     8122.5548621215430103     135
32 8648.5518331402927288     4965.0142914057369126     139
33 8277.3167270492504031     6661.948162130930541      143
34 9102.0433439939242817     2890.0367805717896772     148
35 8726.2868513269095274     4692.9540697954171264     152
36 8543.8613492683962249     1688.0512622746648503     156
37 8581.2329536336965248     4216.6001566879240272     160
38 8439.8079941234536818     3877.9822930991076646     165
39 8634.3495761657759431     4954.7990619403853998     169
40 8813.323028698696362      4844.7820850089765372     174
41 8540.8488084012351464     1413.8812249866982711     178
42 8579.721514205013591      1336.6605743738255114     182
43 8611.9018444132943841     14799.395558299200275      187
44 8428.8986902296819608     2465.6318169409551047     191
45 8594.3988277588723577     2483.6251970568650904     196
46 8383.5100814302422805     2841.8944265557042854     200
47 8245.6473227726964979     3388.5032179029062718     204
48 8538.4574255125844502     1939.8594815763699444     208
49 8540.0168895772858377     1647.9524045220323387     213
50 8702.2096733166054037     3188.846553666548516      217
51 8627.5786623669937399     1762.9202431656774479     221
52 8577.9566546920923429     2619.2536647433057624     226
53 8546.9391276888109132     1242.9174984781111561     230
54 8577.6538720079606719     2568.8116368435303229     234
55 8171.9394440100295469     433.74649584580640749    239
56 10250.673583050784146      1169.5787769051744363     243
57 8616.0827929604256497     1233.7435471972939922     247
58 8255.3634078556642635     2365.4180833449217971     252
59 8225.1619908578213654     868.37480157955485538    256
60 8185.1564822815344087     791.57808616817692382    260
61 8662.027178816659216      10007.583170841791798      264
62 8777.9764658385029179     5863.8648539005134808     269
63 9853.6668744377311668     6078.564341939316364      273
64 8358.0438672396285256     8021.7757610283279064     277
65 8536.2405162964532792     6609.0929852724193552     281
66 8570.4573966035914054     18103.399483824752679      286
67 8174.8225828603299306     2207.6730947550781821     291
68 8411.784315258893912      18855.658509804055939      295
69 8559.5329675670254801     1701.9177209597685305     299
70 8190.1510303809363904     465.38515425323043928    304
71 8301.542379361577332      462.43978522632460226    308
72 8728.8480348762914218     838.19047314517479208    312
73 8325.6002039181767032     343.28403150876653172    316
74 9018.1603207993648539     551.66793572131609835    321
75 8500.3098288107194094     330.92451796808666131    325
76 10295.387256123325642      647.39723171100058607    329
77 8210.7825374778549303     780.0525351426222187     333
78 8546.9359146292936202     2113.2926275842228279     338
79 8522.4407697468741389     752.40310867179084653    342
80 8533.9999546175913565     1795.0961875531515943     346
81 8614.4237098909688939     13690.646554854258284      351
82 8507.8902174778013432     5729.0063195659449775     355
83 8481.5235488413654821     4182.6340574487858248     359
84 9388.1603474743515108     2856.7263323299134754     363
85 9374.2903393224587489     494.58420165814879965    368
86 8766.1436662558753596     2301.4703509039468372     372
87 8775.4432550217661628     1458.7887172320895388     377
88 8536.4821882221804117     779.03642080894826449    381
89 10394.857758505015227      626.42864409658079694    385
90 8206.3288697825028066     777.5191877246390959     389
91 8200.4992464132919849     2212.7782851696906619     394
92 8630.4282208028835157     5352.8273883074652986     398
93 8474.216551381859972       21.043207245394071947   402
94 8494.8920953017550346     1509.3092733915952977     407
95 8693.6712459922764538     1271.7201180204679076     412
96 8307.2065341555189661     373.90850819673130445    416
97 8119.9910625934135169     1586.1329177116997471     420
98 8444.0239973724292213      17.207891835868338148   424
99 8140.2874643871000444       3.1770835690258372175  429
100 8585.4918541719307541     2666.491767333507596      433
101 8550.1348743673843273     1063.3339149582463961     437
102 8495.9139176797707478      92.481767505460538814   442
103 8542.732914666112265      216.87609174582075866    446
104 8251.9058458165709453     702.22807346029048858    450
105 8144.1444533293688437     3438.3308124640752794     454
106 8191.1441977419126488     10064.215246020956329      459
107 8154.7879900381985863     1526.3651760202294554     463
108 8147.6920883983366366     555.93646350512722165    468
109 8198.4249780011723487     1706.5185005537612142     472
110 8153.1186894826478238     663.13073441553103748    476
111 8333.0930714153873851     10330.232419347234099      481
112 8577.000133761230245      2614.0534426407939463     485
113 8490.9765218434040435     2042.2534503249744375     489
114 8485.431840271638066       25.92783927988658732    494
115 8131.9883608754798843     179.57904764025218469    498
116 8135.9477423764146806       0                      502
117 8135.9599982450527023       0                      506
118 8122.1906150272534433       0                      511
119 8485.0834948336814705      84.271067482001853932   515
120 8454.4717942386832874       9.2344789917457177353  520
121 8363.7587928048051253       9.8165344315532099273  524
122 8364.2902432928531198      43.624608247703974939   529
123 8439.1747548927287426      11.034372846736516749   534
124 8449.4978870261202246      17.761342855163125165   538
125 8787.1961636851137882      57.779536830888133636   542
126 8146.5779407543477646     681.63819148729112385    546
127 8149.2899865773288184     2020.2801015825994        551
128 8153.1280791118351772       0                      555
129 8108.5177307074418422       0                      559
130 8164.6464727059374127     927.43782001708200369    563
131 8163.1121057194377499       0                      568
132 8114.7356077656149864       0                      572
133 8439.4243738370460051      17.592813687238205489   577
134 8102.3588311156099735       0                      581
135 8426.5914137372692494     395.08394570298128201    585
136 8119.9534704010493442       0                      590
137 8621.7044783967721742       0                      595
138 8799.7545068953077134      98.658770470739668212   599
139 8341.5037401065419544     272.70284431066346542    603
140 8099.4414603844898011       0                      608
141 8134.2708581141559989       0                      612
142 8817.8759138222121692       0                      617
143 8284.6879371472714411      23.533640279317459942   621
144 8478.5200656543165678     848.41516800671604415    625
145 8103.0515690116562837       0                      629
146 8116.4774535180395105       3.0759460805395111294  634
147 8201.5944648561853683     4457.8190468946349938     638
148 8104.4353516119108463       0                      643
149 8382.3358622957093758      11.14088671493349203    647
150 8546.5669364277873683      98.956621458361553323   651
151 8300.2952983665782085       0.41900395808011958731 655
152 8134.9890688387722548     336.24837438389062072    660
153 8100.1449680963096398       0                      664
154 8282.0772698967903125      11.937653759321420921   668
155 8178.6357683519718194       0                      672
156 8854.9574362120110891       0.07012160679887971537 677
157 8185.5554587867973169       3.1043830643944261283  681
158 8108.4147040486568585       0                      685
159 8105.5830677481862949       0                      689
160 8571.1749474097705388      85.479473902536696528   694
161 8328.4509537390731566     1172.9064758911592889     698
162 11427.30596839921418       512.54201220102811476    702
163 8127.7623282036265664     1085.4607975426431494     706
164 8159.6322749821656544     964.60780962044623266    711
165 8335.9489536781238712     817.77302085895360051    715
166 8443.7107959787499567     326.93166068594763374    719
167 12773.799486366227939      2725.2050852076240517     724
168 8687.335136876332399      428.96003934345242214    728
169 13464.692034372479611      1609.1316943598110356     733
170 8090.5732531498088065       0                      737
171 8119.6625496891128932       0.69306315855594824438 742
172 8155.6810141408623167      12.514552607140617013   746
173 8893.3090449782939686       0                      751
174 8855.9638582403458713       0                      755
175 8204.9171683263302839      10.389540745914926489   759
176 8215.7190132698051457       2.8655995455670555394  763
177 8626.072953811923071      150.63758068552837699    768
178 11552.642737375186698      637.94179067157142526    772
179 8774.0412547008909314     4184.5546200574190152     776
180 8178.2946188573632753      92.919479371008378621   780
181 8380.5723182274159626     756.63867430218886057    785
182 8152.9474720021698886       0                      789
183 8204.630287823098115      6780.2449659290732598     793
184 10788.898839116167437      3794.1167928893601129     797
185 8527.3196832761277619     5847.2395848265905443     802
186 8303.0175393666650052     185.0869073392791222     806
187 8104.2246837827324271       0                      811
188 8423.6557816130061838       1.0964067940857535888  815
189 8773.2571136590759124       4.8182808074919600827  820
190 8201.1833683323275181      15.139642988319005568   824
191 8090.7513596019925899       0                      828
192 8156.3266463122463392       6.6517703630304305662  833
193 8124.7707459810499131       0                      837
194 8116.6257799190716469     108.65927037014807865    841
195 8132.5058073753352801       0                      845
196 8153.3669274353351284     645.10571863992981889    850
197 8251.6836058711087389       0                      854
198 8112.5961194558703937     1078.4008103999710784     858
199 8590.4278964685636311       9.9787054496154734551  862
200 9426.8008758144842432      55.583001926297171735   867
201 8172.6716470537694477       0.00382940171156663685 871
202 8505.0981815501290839      92.599879417472152454   875
203 8372.1497508986685716       0                      880
204 8100.0491854908023015       0                      884
205 8121.8474777953661032       0.8413363284907875439  889
206 8089.5529202177858679     314.79622518982847623    893
207 8097.0307556213574571     225.36886975672604194    897
208 8228.3936413637020451     917.71229800183948555    901
209 8520.5541167874998791     1000.3930485176371121     906
210 11307.359765613393392      284.12430120838831726    910
211 8184.3015161996809184     974.1277170492719506     914
212 8170.2989622081659036     421.61475547615572168    918
213 8353.6061232340562128     2431.706243751900729      923
214 8460.4259058406187251       0                      927
215 8157.6815927456855206     275.46582419995746704    931
216 8122.9440504438352946       0                      936
217 8238.6998610925584217       0                      940
218 8125.3994157076103875       0                      945
219 8090.2897868987211041       0                      949
220 8108.0782078870615805     363.22086192201106769    953
221 8133.9265760254857014       0                      958
222 8091.2198225272713898       0                      962
223 8123.9516850218333275       0                      967
224 8098.3554541432995393       1.061934055368755514   971
225 8104.7517452131623941       0                      975
226 8142.7531248219693225       0                      979
227 8121.7867109212884316     478.32321129018885131    983
228 8144.82238492488068         0                      988
229 8177.3034347400889601     365.77299062922935491    992
230 8146.5249270913109285     444.11948153098722969    996
231 8436.7272676439970382      12.018766416661492258   1001
232 8498.4822803189636033     1123.3211320781704217     1005
233 8347.1046802900546027      42.88025295762793121    1010
234 8113.8050107307226426       0                      1014
235 8850.6895193406235194       0                      1018
236 8194.8879386865937704      12.540238907547374581   1022
237 8095.5844514165046348       0                      1027
238 8098.0719599722342537       0                      1031
239 8094.2017606015870115       0                      1035
240 8112.8635271118946548      23.59195609019942097    1039
241 8088.0471195341415296       0                      1044
242 8087.8513655787473908       0                      1048
243 8088.4900755173566722       0                      1052
244 8117.6915900752501329       0                      1057
245 8847.61306723368034         0.09348765573247000416 1061
246 8203.1192962306558911      15.931595420059169399   1066
247 8100.1550531195853182       0                      1070
248 8087.606848138726491        0                      1074
249 8117.1324663610639618       0                      1079
250 8116.9031548138063954       0                      1083
251 8139.6622250868058472       0                      1088
252 8844.370887895094711        0.14259194823656570761 1092
253 8203.3946496778935398      16.034265523125753816   1097
254 8088.4089870401840017       0                      1101
255 8088.4683143509164438       0                      1105
256 8095.8260398610236734       0                      1110
257 8100.819225660419761        0                      1114
258 8247.6886815519555967       0                      1119
259 8093.3814860910288189       1.662912069989280317   1123
260 8123.2160125769014485      43.996949218420319028   1128
261 8110.4183530585833068     1016.9169963820862677     1134
262 8214.8376015731209918     1731.7048253123689392     1138
263 8186.4095808391912215     603.49345737293594993    1143
264 8089.45679934402051         0                      1147
265 8094.8490523492300781       0                      1152
266 8088.4786338685098599       0                      1157
267 8088.53910939834077         0                      1161
268 8766.2931999838565389      14.049903254287318788   1166
269 8201.0763011835169891      15.011425040366358274   1170
270 8087.6061995254831345       0                      1175
271 8087.6141703801904441       0                      1179
272 8109.6007963916536028     214.10428783990522561    1184
273 8094.7406695821591711       0                      1189
274 8094.2544447392529037       0                      1194
275 8777.6967976548548904      11.905748911321735406   1199
276 8199.9868792072102224      14.575163722641983455   1203
277 8086.6523464631200113       0                      1208
278 8102.8250290545838652       1.2305290544698468391  1213
279 8098.9364302245903673       0                      1218
280 8096.0781316684733611       0                      1222
281 8086.7751209663556438       0                      1227
282 8748.8156422253487108      18.269438963410223664   1232
283 8211.3353006038778403      18.553314481046282225   1237
284 8085.766541484519621        0                      1242
285 8107.7452173572319225       0.115694923328517843   1247
286 8093.7240012178344841       0                      1252
287 8100.4897330883004543       0.18119304954408887998 1256
288 8097.4193035144453461       0                      1261
289 8100.65037749530984         0.08893886342128626277 1266
290 8155.0988585367649648     118.10212962003120651    1271
291 8087.362448362372561      344.21477824136445633    1275
292 8091.6967457862101583       0                      1280
293 8098.2841953994939104       2.1441647064286462054  1285
294 8347.189750350336908       12.918852699148102303   1290
295 8111.2310164956697918     517.07002117416232068    1294
296 8092.9637197686261061       0                      1299
297 8083.35425355467396         0                      1304
298 8127.1278652196779149       0                      1309
299 8197.4620540042687935      20.746624750497247192   1315
300 8168.586615228960909       10.933823053073560061   1320
301 8082.9638630262079459       0                      1325
302 8099.3055710628104862     443.89660598171258243    1329
303 8085.4822082078699168       0                      1335
304 8085.6096506551548373       0                      1339
305 8108.8183307932513344       0                      1344
306 8119.5891092900665171       0                      1349
307 8658.698693093863767       33.231961926285059405   1354
308 8233.6454253976953623      19.887920624266829606   1358
309 8086.9560544515161382       0                      1363
310 8088.2860227537139508       0.08050549978619463143 1368
311 8089.3145447603255889     124.35191133120966356    1372
312 8082.2215304937080873       0                      1377
313 8082.526230008258608        0                      1382
314 8085.9157797871257571       0                      1387
315 8091.4321065782378355       0                      1392
316 8099.6149149029242835       0                      1397
317 8086.4066937583711479       0                      1401
318 8657.493934555686792       33.614107741729014833   1406
319 8233.9351365936163347      20.002338420638576366   1411
320 8082.0896574552407401       0                      1416
321 8083.0030239640964282       0                      1421
322 8116.6803034082840895       0                      1426
323 8729.8698661319904204      10.770956597127698373   1430
324 8084.5005785038165413       0                      1436
325 8082.9224006778986222       0                      1441
326 8083.0807901132429834       0                      1446
327 8085.5931789740452587       0                      1450
328 8087.7348818167120044       0                      1455
329 8109.2822953047589181     316.75973961132382328    1460
330 8120.2598094272607341     152.76124140069296686    1465
331 8117.2732761733614097      63.872634644234949519   1470
332 8163.8092635970333504       0                      1474
333 8198.3465949737674237       1.0165427135059292851  1479
334 8223.6870623953600443       0                      1484
335 8084.6278507638271549       0                      1489
336 8085.1313259161343012       0                      1494
337 8309.5593747594939487     140.9351095747392435     1499
338 8332.5879822958104342      99.683630852048452198   1503
339 8643.9582590198151593      26.774686405321137528   1508
340 8214.0740590369077836      14.886315650157387225   1513
341 8084.5890816638011529       0                      1518
342 8082.5720805752780507       0                      1522
343 8083.1208127302152207       0                      1527
344 8088.4127636702451127       1.3228982813081493486  1532
345 8089.575004883071415        0                      1537
346 8082.8189739336885395       0                      1541
347 8083.7830097019523237       0                      1546
348 8088.6336453396406796     102.63878400195625318    1551
349 8166.1214347970826566       0                      1556
350 8181.0284203123619591       0.04735080215950519117 1561
351 8083.8948122327155943       0                      1565
352 8086.6537217762761429       0                      1570
353 8094.7935844901676319     220.56090358442881438    1575
354 8122.3564427163819346     210.66671054754351644    1580
355 8088.4922138269503193       0.00022040126849559672 1584
356 8206.345622117007224       18.915155365773916429   1589
357 8082.3834498159640134       0                      1594
358 8082.4043850018488229       0                      1599
359 8082.707162887530103        0                      1604
360 8082.8277338538637196       0                      1609
361 8659.7519982024859928      16.862362853428578546   1613
362 8212.2001085675274226      14.706591336684903482   1618
363 8083.1324681173528006       0                      1623
364 8083.2962497424286994       0                      1628
365 8083.5890184271975158       0                      1632
366 8084.9175784157941962       0                      1637
367 8082.2889117135655397       0                      1642
368 8083.2332110543657109       0                      1647
369 8083.0157772183683846       0                      1651
370 8083.0168523605798327     315.94145878858853393    1656
371 8086.000040738655116        0.06611966785239410671 1661
372 8097.7705396289966302       0                      1666
373 8086.373704120444927        0                      1671
374 8082.1257244765183714       0                      1676
375 8082.2452145507904788       0                      1681
376 8084.6244145329246749       0                      1685
377 8084.7821907832367287       0                      1690
378 8123.7289949844807779     199.09807783940823356    1695
379 8088.47498305074987         0                      1700
380 8082.4678563560091789       0                      1705
381 8083.1103121130936415       0                      1710
382 8084.5080328408230343       0                      1715
383 8082.2011162062481162       0                      1720
384 8082.4436386994821078       0                      1725
385 8082.7015110257807464       0                      1730
386 8086.9863607678271364       0                      1735
387 8089.0888097627139359     118.633439570031328      1739
388 8091.2375060142494476       0                      1744
389 8085.2475832448717483       0                      1749
390 8086.2265176681748926       0                      1754
391 8085.2710453779536692     305.7052471260513471     1759
392 8081.9528090892772525       0                      1764
393 8085.3564174005068708       0.03923659554871504473 1769
394 8081.9229929209623151       0                      1774
395 8082.4474395029037623       0                      1779
396 8087.1422726725186294       0.13805514504657309671 1784
397 8089.13134269312377         3.8443257818380098811  1789
398 8085.4596830942728047       0                      1793
399 8083.6643612187581311       0                      1798
400 8126.3886454740668341     188.36340555315365464    1803
401 8090.0713378176506012       0.13640768058699981324 1808
402 8083.6797003257370307       0                      1812
403 8081.9782555205492827       0                      1817
404 8083.9687305644074513       0                      1822
405 8082.0194905619364363       0                      1827
406 8082.8936829485792259       0                      1831
407 8086.6418609015199763       0                      1836
408 8082.2544343317349558     334.35504264895183724    1841
409 8083.0317938617472464       0                      1846
410 8096.5885910769557086      80.05133105386963166    1851
411 8088.0884763851126991     361.13610347630122988    1856
412 8094.7031220877734086     102.74379242673572321    1861
413 8081.9186172812906079       0                      1866
414 8082.1741137692933989       0                      1870
415 8111.1857308157495936      29.660504518480525604   1876
416 8102.1838298216334806       6.9426911811839779887  1880
417 8082.8440259278640951       0                      1885
418 8082.8717441629069071       0                      1890
419 8122.0415511624678402     196.32815541817831217    1895
420 8090.7318776240135776       0.2123991163424686357  1899
421 8081.9800758644023517       0                      1904
422 8081.9631674842794382       0                      1909
423 8082.8432567627332901       0                      1914
424 8082.1609541011484907     331.99589867255048148    1918
425 8082.1956689097214621       0                      1923
426 8082.2310404753125113       0                      1928
427 8083.0507168134490712       0                      1933
428 8083.7610969622928678       0                      1938
429 8088.7197454581337297       0                      1942
430 8097.2389099967740549       0.18262062126771486104 1947
431 8082.2234766002748074       0                      1952
432 8081.9429209166828514       0                      1958
433 8081.9443276142164905       0                      1962
434 8087.6544740839462975       0.12643160569773104207 1967
435 8082.5282007562936997     316.76951416332622102    1972
436 8081.9873110018706939       0                      1977
437 8090.1141979330859613       0                      1981
438 8081.9897400243598895       0                      1986
439 8081.9933946921119059       0                      1991
440 8082.520477429764469        0                      1996
441 8082.5588306474064666       0                      2001
442 8082.1552421078467887     334.50965702293888171    2006
443 8082.9199913934398865       0                      2011
444 8083.280506208560837        0                      2016
445 8084.0368223663099343       0                      2021
446 8089.5632305943954634       0.0534995181685855789  2025
447 8081.9934256970473143       0                      2030
448 8082.0506512328711324       0                      2036
449 8082.1078614541156639       0                      2040
450 8086.7328705286236072       0                      2045
451 8082.4331386205994932     319.25569088219072       2050
452 8082.005273741307974        0                      2055
453 8081.9534087247702701       0                      2060
454 8082.7755709262100936       0                      2065
455 8089.2985767700365614       0                      2070
456 8081.9329394888927709       0                      2074
457 8081.9280113483109744       0                      2079
458 8081.9754512429908573       0                      2084
459 8082.1661198833489834     337.31610038048432898    2089
460 8082.94550950676512         0                      2094
461 8084.005808381886709        0                      2099
462 8092.0231432561076872       0.91506720934198615414 2104
463 8088.3212632771128483     110.82770015084975057    2109
464 8082.055203961242114        0                      2114
465 8081.9998053437157068       0                      2119
466 8082.3949738175342645     320.04330114652020711    2124
467 8081.9887803953070033       0                      2129
468 8081.9812903510937758       0                      2133
469 8081.9211737546747827       0                      2138
470 8081.9332508171828522       0                      2143
471 8081.9400643622220741       0                      2148
472 8081.9466498569463511       0                      2153
473 8082.9237068045995329       0                      2158
474 8084.9025181083070493       0                      2162
475 8088.2371790483512086       0                      2167
476 8088.3283548515273651     110.64076527706629349    2172
477 8088.8587362984389983       0.03599290505129044276 2176
478 8081.9884353968773212       0                      2181
479 8085.9584388164466873       0.07220912345026678225 2187
480 8082.8412674701266951       0                      2192
481 8082.0067728581652773       0                      2197
482 8081.9184407918983197       0                      2202
483 8081.9573759367376624       0                      2207
484 8082.0087097230734798       0                      2212
485 8082.0315678207507517       0                      2217
486 8090.5979629182547797       0.37303588210600135966 2222
487 8082.4226089185513047     319.21952768590603       2226
488 8081.9870893957768203       0                      2231
489 8081.9209350671544598       0                      2236
490 8081.9312250389903056       0                      2241
491 8081.9485514623493145       0                      2245
492 8082.9208250857391249       0                      2250
493 8087.4756046900138244     134.57464899143332104    2256
494 8082.4963628036366572     359.16389207633494607    2261
495 8083.9709865918403011     342.61198868677695373    2265
496 8088.6383116278084344       0.00598900820558678857 2270
497 8088.3606472066685456       0                      2275
498 8088.3413560589242479     112.78345687584838686    2280
499 8083.6774924225428549       0                      2285
500 8082.7892539571439556       0                      2290
501 8088.7357023622880661       0                      2295
502 8088.9585122205617154       0                      2299
503 8082.1660826803517921     332.25535806025959573    2304
504 8081.9167177763920336       0                      2309
505 8081.9449406972589713       0                      2314
506 8081.9275682979987323       0                      2319
507 8081.9358873610326555       0                      2324
508 8088.262727981320495        0                      2329
509 8088.151412087366225        0                      2334
510 8082.4193060653469729     319.49566245342475668    2339
511 8081.9932410796927797       0                      2344
512 8081.9201980625457509       0                      2348
513 8081.9307991767373096       0                      2353
514 8081.9445026055864219       0                      2358
515 8082.7540234446432805       0                      2363
516 8087.211998457086338      150.90468113655700222    2367
517 8083.3962693675248374     351.55229458976594969    2372
518 8085.0572117025394618     342.23621767686086059    2377
519 8086.6458307971261092     126.58824727068808613    2383
520 8095.7496858545200666      94.771297309653505181   2388
521 8088.7744587658271485     379.81039602940342093    2392
522 8101.5018648914328878     905.72026109343039479    2398
523 8082.7910741938922001       0                      2403
524 8088.1618635420500141       0                      2407
525 8082.1625053116522395     332.53839088270393631    2412
526 8081.9177064189634621       0                      2417
527 8081.9172324014280093       0                      2422
528 8081.9174166122047609       0                      2427
529 8081.9207105081832196       0                      2431
530 8081.9557987449752545       0                      2436
531 8082.7550401520165906       0                      2441
532 8082.1580908333908155     333.65910565694917977    2447
533 8082.9217348223573936       0                      2452
534 8084.0333074694872266       0                      2456
535 8088.4975608370623377       0                      2461
536 8090.6382013907168584       0.45019452099992079974 2466
537 8081.9226007462784764       0                      2471
538 8083.6541908274357411       0                      2476
539 8088.5158201196964001       0                      2481
540 8081.918787448196781        0                      2486
541 8081.9162446564741913       0                      2491
542 8081.9246942478057463       0                      2496
543 8081.9251834864680859       0                      2501
544 8088.325442374958584        0                      2506
545 8082.1636453991786766     333.09223647733989537    2511
546 8081.9188363476514496       0                      2515
547 8081.9213485773270804       0                      2520
548 8082.0300446300079784       0                      2525
549 8081.9844697470152823       0                      2530
550 8082.9199087543902351       0                      2534
551 8092.149242553960903      137.82213912113996912    2539
552 8084.7888370921418755     344.84447767172719068    2544
553 8088.3182922318183046     111.29895686043430203    2549
554 8100.110920822215121      145.99987897228356815    2553
555 8091.2806132991481718     391.99837241738879356    2558
556 8084.0021683262339138       0                      2563
557 8081.9454536193707099       0                      2569
558 8088.492871598158672        0.00083685305052837438 2574
559 8088.5462538315960046       0.00269755059771976209 2579
560 8081.9172030414929395       0                      2583
561 8083.0230640096915522     321.92697051381412621    2588
562 8088.3201471701650007     111.62393578967753172    2593
563 8082.9939171474861723     322.16348515019438992    2598
564 8082.1947225829117087     330.92008876201879275    2603
565 8083.9933429395086932       0                      2608
566 8089.5469321503896936       0                      2613
567 8089.3116782286106172       0                      2617
568 8081.9630016971568693       0                      2623
569 8088.4021094435747727       0                      2627
570 8088.4490071184754925       0                      2632
571 8081.9172638838745115       0                      2638
572 8081.9451968483263045       0                      2643
573 8081.9183175800226309       0                      2647
574 8081.919573888456398        0                      2652
575 8083.4298585413389446     300.66538778409142196    2657
576 8088.3185185153424754     112.11730190982224542    2662
577 8082.1596588948004865     332.82145692804937198    2666
578 8090.7492423200828853       0.49409118455373490786 2671
579 8089.2394282581808511       0                      2676
580 8081.94879158708045         0                      2681
581 8090.2118147254404903       0                      2686
582 8081.9155516068603902       0                      2691
583 8081.9224936411892486       0                      2696
584 8081.9207166047208375       0                      2701
585 8088.2767900284425195       0.00129333370909289142 2706
586 8088.2840150767915475       0                      2711
587 8082.166148232764499      331.70201113351868116    2715
588 8081.9175917182537887       0                      2720
589 8081.9433451492432141       0                      2725
590 8081.9186758322175592       0                      2730
591 8081.9815468447695821       0                      2734
592 8082.7539312078697549       0                      2739
593 8083.9711242675784888     343.52247540147169502    2744
594 8083.9945086721381813       0                      2748
595 8082.7950156911556405       0                      2753
596 8094.8706144852467332      86.985846424586412695   2758
597 8089.6534505885811086     364.17960282096743185    2763
598 8088.2158067593654778      74.180809788614894273   2768
599 8081.9220174798101652       0                      2774
600 8088.5484931142000278       0                      2778
601 8082.9239229939885263       0                      2783
602 8081.915516104035305        0                      2788
603 8081.9252775892764475       0                      2793
604 8081.9205588636204993       0                      2798
605 8082.4518791800264808     318.39665098547158095    2803
606 8081.9914460342761231       0                      2808
607 8081.9151187665493126       0                      2813
608 8081.9229484476300058       0                      2817
609 8081.9191948144716662       0                      2823
610 8082.4266405283460699     318.94342726826886292    2827
611 8081.9888256743861348       0                      2832
612 8082.7813318836797407       0                      2837
613 8082.9191081758044675       0                      2842
614 8081.9175675008182225       0                      2846
615 8081.9162248666279993       0                      2851
616 8081.9191705067687508       0                      2856
617 8083.008719003502847      323.24108679515973108    2861
618 8082.1662878288416323     333.64622800430112193    2865
619 8088.2219275503721292       0                      2870
620 8089.8088285490675844       0                      2875
621 8088.3138388602483246     111.14183705929168866    2880
622 8081.9444769443598489       0                      2885
623 8088.3619923530113738       0.00276803746430733357 2890
624 8082.1675192900283946     332.80885166625824922    2895
625 8081.9155207554531444       0                      2899
626 8081.9480346852324146       0                      2904
627 8081.9171294087445858       0                      2909
628 8082.017206981234267        0                      2914
629 8082.9225979244638438       0                      2919
630 8082.7535575608608269       0                      2923
631 8088.6431264173916134     376.89974277937153602    2928
632 8095.8699080690494156      93.296794071268280391   2933
633 8081.9514904483930877       0                      2938
634 8088.0324334042516057       0                      2943
635 8082.1721242456369509     332.52550015640815673    2948
636 8081.9929714388799766       0                      2953
637 8081.9847604919104924       0                      2957
638 8083.9843793784175432       0                      2962
639 8083.9926486939375536       0                      2967
640 8084.0165625339195685       0                      2972
641 8092.1491710037907978     136.74462075776955317    2976
642 8085.041466468026556      341.55072604840711392    2981
643 8088.4416605058595451       0                      2986
644 8090.2849483241334383       0                      2991
645 8081.9929714388772481       0                      2996
646 8088.3779555182973127       0                      3001
647 8088.3338371970658045     111.42864988541599303    3006
648 8082.1594189824818386     333.07080908923359175    3010
649 8089.2994864362062799     403.34784852677540812    3015
650 8093.8475529234056012     106.86058321068095722    3020
651 8081.9207105081932241       0                      3025
652 8088.3448372685479626       0                      3030
653 8081.9163619098035269       0                      3035
654 8092.1419782434386434     137.43957099548723022    3040
655 8085.0598022691874576     342.82839013029922626    3045
656 8092.968042463013262      101.47578453107114171    3049
657 8090.2379686986887464     392.82820693245690791    3054
658 8083.9943362178828465     341.30096611269487994    3059
659 8081.9964970094688397       0                      3064
660 8090.4262867733823441       0                      3069
661 8088.6868509767782598       0.00007940319308837173 3074
662 8082.7814732486795037       0                      3078
663 8082.9247527445622836       0                      3083
664 8081.9907422604719613       0                      3088
665 8084.8576839513652885       0                      3093
666 8089.082666313761365      377.28328693065151356    3097
667 8095.7655233027116992     106.90235824898309147    3102
668 8082.0016858128001331       0                      3107
669 8089.3206959850685962       0                      3112
670 8092.5307287537616503       2.1397012457409090302  3117
671 8081.9194838771300056       0                      3122
672 8081.9164202459787703       0                      3127
673 8082.7580098941862161       0                      3131
674 8082.7873546992086631       0                      3136
675 8083.9899556892496548       0                      3141
676 8094.9968180540172398      88.228562807875832164   3146
677 8090.3872644458260766     344.27370774919080532    3150
678 8083.6538692845024343       0                      3156
679 8088.1470690908727192       0                      3160
680 8082.1754302518138502     331.68939243002148487    3165
681 8081.9973591352600124       0                      3170
682 8083.9520095124580621     322.1201049501187299     3175
683 8083.9861339457593203       0                      3180
684 8085.2049846697645989       0                      3184
685 8082.8029234429477583       0                      3189
686 8086.6464135569767677     125.56764699567867183    3194
687 8088.4277778738942288       0                      3199
688 8089.9881681492070129       0                      3204
689 8081.9206835495597261       0                      3209
690 8089.6483695207462006       0                      3214
691 8082.7553443563374458       0                      3219
692 8081.9193024226451598       0                      3223
693 8082.757334491147958        0                      3228
694 8082.7545906771301816       0                      3233
695 8089.7880388651910835       0                      3238
696 8088.4268872074735555       0                      3242
697 8082.9235310366757403       0                      3248
698 8090.70432275215353         0                      3253
699 8090.7064365938003903       0                      3258
700 8088.3114969337775619     111.95921709217090267    3263
701 8083.0281360129947643     323.01727199311852701    3267
702 8088.8548348482127039       0                      3272
703 8089.1847878355920329     117.74656367221655273    3277
704 8089.1565572583158428     117.2779062962932386     3282
705 8090.6974066729799233       0.51401153185287218328 3286
706 8081.9162586047232253       0                      3292
707 8088.1470690908727192       0                      3297
708 8081.9193173883704731       0                      3301
709 8082.9234475227231087       0                      3306
710 8081.9206495070820893       0                      3311
711 8082.1613274428182194     332.23394583497565691    3316
712 8083.4316217009009051     298.19244093124649453    3321
713 8088.3217551453035412     110.32796767586899023    3325
714 8088.3112017078110512     110.63846833698090677    3330
715 8088.3962319506972563       0                      3335
716 8088.9843393962000846       0.00161475249608610026 3339
717 8089.0721927774775395     2258.5734271838655332     3344
718 8082.949974632766498        0                      3350
719 8083.658757022064492        0                      3354
720 8089.4552499010987958       0                      3359
721 8082.1677156827408908     331.14881172054555236    3364
722 8081.9154192493651863       0                      3369
723 8088.3152882093845619     110.81799840984875516    3373
724 8082.1666969831730967     334.48448687743047003    3378
725 8095.8414788695954485     106.10500568557229428    3383
726 8089.014343112122333      375.80732812346610672    3387
727 8083.6547472779147938       0                      3393
728 8081.9429966318448351       0                      3397
729 8082.8288717146187992       0                      3402
730 8088.5919758751797417       0                      3407
731 8090.9593518774854601       0.54833370726611374568 3412
732 8083.9841287306526283       0                      3417
733 8089.0446076603357142       0                      3423
734 8082.7539192050271595       0                      3428
735 8082.7542157239631706       0                      3433
736 8081.9507148661941756       0                      3438
737 8082.7833314573344978       0                      3442
738 8093.4667252794006345     122.57587193632990363    3447
739 8090.7226146731936751     393.77579727756574357    3452
740 8084.8734558819605809       0                      3457
741 8081.9164449962099752       0                      3462
742 8081.9191948144507478       0                      3467
743 8081.9887097762302801       0                      3472
744 8082.5040090381353366     359.76166651751157133    3477
745 8082.9223788947847424       0                      3481
746 8083.9884955984316548       0                      3486
747 8087.2024964813381303     149.57864977551554375    3491
748 8091.797917228708684        0.25898277164569127873 3496
749 8089.443032450480132        0                      3500
750 8087.1420746824851449     143.5580898415048523     3505
751 8088.1039800678463507       0                      3510
752 8082.7572429805431966       0                      3515
753 8084.0181931527149573       0                      3520
754 8084.0209942992632932       0                      3525
755 8090.798227628622044      335.17185665684246487    3529
756 8095.2733232119753666      87.229414472577474271   3534
757 8083.6540603258426927       0                      3540
758 8088.4600598339293356       0                      3544
759 8082.8014668024416096       0                      3549
760 8089.0618381457052237     376.69307304748980414    3554
761 8095.0128633944705143      87.673609536494979011   3559
762 8082.8024899778747567       0                      3564
763 8082.0224145480606239       0                      3569
764 8082.8299935034838199       0                      3573
765 8084.0183672156708781       0                      3578
766 8083.9933251506845409       0                      3583
767 8088.6048387724968052       0                      3587
768 8090.9357112445486564       0.48577551490041437354 3592
769 8083.9859596901669647       0                      3597
770 8081.9198844333022862       0                      3602
771 8088.3792858746573984       0                      3607
772 8083.6294763530477212       0                      3612
773 8082.8088754658738253       0                      3617
774 8081.9858504820695089       0                      3621
775 8084.8590974210492277       0                      3626
776 8085.9137238453322425       0.07040116202647601906 3631
777 8089.2640465686354219       0                      3636
778 8088.9522741730734197       0.0003381973677059965  3640
779 8081.9307655444590637       0                      3646
780 8089.3405804132498815       0                      3650
781 8089.7698495405475114       0                      3655
782 8081.9438694486516397       0                      3660
783 8083.4409291357014808     300.4622484549983028     3665
784 8088.3508416910990491     111.94658062717508074    3669
785 8089.0734916073934073     2272.5050510759256213     3674
786 8082.9225881520123949       0                      3679
787 8088.4411462776843109       0.00003497729235800017 3684
788 8087.7534489189501983       0                      3688
789 8088.2594026652077446       0                      3693
790 8082.0166213032134692       0                      3698
791 8088.2999370478855781       0                      3703
792 8082.4615366027346681     317.84525423102707009    3707
793 8081.9240613380561626       0                      3712
794 8081.9578669901293324       0                      3717
795 8081.9721293698885347       0                      3721
796 8082.7558430909612071       0                      3726
797 8081.9198205575039538       0                      3731
798 8082.17530480266214       335.87875657125101725    3735
799 8090.5574096208238188     398.71487467818440109    3740
800 8099.5536854992387816     145.4595620430607994     3744
801 8088.3198306359490743       0                      3749
802 8088.5745193618822668       0                      3754
803 8083.6836282192925864       0                      3759
804 8083.6249177550243985       0                      3763
805 8081.9171255172268502       0                      3768
806 8082.7552682246505356       0                      3772
807 8082.920219934857414        0                      3777
808 8088.6830372789063404       0.00020080907873003173 3782
809 8088.2046577620803873       0                      3786
810 8081.9277985516400804       0                      3792
811 8088.3132806999710738       0                      3796
812 8081.9871185375950517       0                      3801
813 8083.9895338561073004       0                      3806
814 8088.3910774904734353       0                      3810
815 8089.5271182737506024       0                      3815
816 8083.9799203185257284     344.80119572764601799    3820
817 8082.7872528099305782       0                      3825
818 8082.7907934434597337       0                      3829
819 8081.9904444413541569       0                      3834
820 8083.9929198818872464       0                      3839
821 8083.4318002393183633     299.290497530172388      3843
822 8088.3375204040758035     111.26129380002559799    3848
823 8095.6187337965884581      93.208770869822117788   3852
824 8088.8062704196690902     376.03491642773451531    3857
825 8082.781601057028638        0                      3862
826 8089.6682581499926528       0                      3867
827 8082.7979317021618044       0                      3872
828 8084.0121552564014564       0                      3876
829 8088.341083783270733      111.4411895012863738     3881
830 8089.4098369968396582       0                      3886
831 8092.1337129187822939     137.22791651817487946    3890
832 8083.9783152727914057     343.38869864967551848    3895
833 8091.6898991146445042       0.59157140874412650344 3899
834 8083.9778798264223951     342.47766728538653069    3904
835 8088.3031741295299071       0                      3909
836 8088.5609984262182479       0                      3914
837 8082.8189374046087323       0                      3919
838 8089.641635530613712      364.49121614818278658    3923
839 8095.5466499737440245     106.35373148321345127    3928
840 8089.4707022826823959       0                      3933
841 8081.9444901388505968       0                      3938
842 8082.780377877965293        0                      3943
843 8082.7534164636772402       0                      3948
844 8088.3275163467314997       0                      3952
845 8091.9616082658376399       0.61190441821495833441 3957
846 8081.9264194644438248       0                      3962
847 8092.2604343363691441       0.64861151922565751793 3967
848 8081.946999268109721        0                      3971
849 8082.9522985435605733       0                      3976
850 8082.9249325361197407       0                      3981
851 8082.9190409795255619       0                      3985
852 8088.3731173287033016       0                      3990
853 8090.6747174352803995       0.47993034528869032984 3994
854 8083.6848172406789672       0                      4000
855 8088.0869633812308166       0                      4004
856 8081.9195003569802793       0                      4009
857 8082.926184416119213        0                      4014
858 8088.1271333345393941       0                      4018
859 8089.6194924665123835       0                      4023
860 8082.1689135860933675     334.23523899048461772    4028
861 8082.811124620488954        0                      4033
862 8088.2828396427303232       0                      4037
863 8081.9448984766613648       0                      4042
864 8088.1870604100222408       0                      4047
865 8088.7012981859152205       0.00086902651359076872 4051
866 8081.9233698682774047       0                      4056
867 8089.5764000942272105       0                      4061
868 8081.974957350483237        0                      4066
869 8089.4139610952142903       0                      4071
870 8082.756246217692933        0                      4075
871 8081.9506722852647727       0                      4080
872 8089.2783230849636311       0                      4085
873 8088.442153960192627        0.00039975736463850861 4089
874 8081.9459477452182909       0                      4095
875 8083.6583176145004472       0                      4099
876 8089.0425442597570509       0                      4104
877 8081.9441515629632704       0                      4109
878 8082.7544190113067089       0                      4113
879 8092.9669356667491229     101.19083716735376299    4118
880 8090.7635656909915269     366.04663442657891892    4122
881 8081.9206495070911842       0                      4127
882 8082.9258458638569209       0                      4132
883 8088.3283069227427404       0                      4137
884 8088.4385030057856056       0                      4142
885 8088.356867431104547        0                      4147
886 8091.9263682805112694       0.5864279343188812943  4151
887 8081.9191705067632938       0                      4156
888 8081.9513627116157295       0                      4161
889 8081.9828962698084069       0                      4166
890 8088.3374624723219313       0                      4170
891 8088.3138943076673968     111.46633333930084575    4175
892 8089.0570496759073649     132.32695756910345608    4180
893 8083.4293924653384238     299.01499000527456928    4184
894 8083.4358690029685022     300.16369340302503588    4189
895 8089.2807656760423924       0                      4194
896 8089.4749629233501764       0                      4198
897 8088.3102320428342864     111.63388668983984076    4203
898 8082.756175347178214        0                      4208
899 8088.8405204584651074       0                      4213
900 8082.797748857687111        0                      4218
901 8082.8386047311196307       0                      4222
902 8084.0127504433003196       0                      4227
903 8084.0013524558926292       0                      4231
904 8084.8904528256289268       0                      4236
905 8088.4085464626768953       0                      4241
906 8089.5074277212952438       0                      4246
907 8082.7685376482313586       0                      4252
908 8082.7752109561497491       0                      4257
909 8089.3699452371884036       0                      4261
910 8082.7986017235534746       0                      4266
911 8083.5070955688934191       0                      4271
912 8083.6263736010196226       0                      4275
913 8085.217795833670607        0                      4280
914 8088.3909131955251723       0                      4285
915 8089.3278246936552023       0                      4290
916 8089.5887348862197541       0                      4295
917 8081.9290101588312609       0                      4299
918 8083.6536518996817904       0                      4304
919 8090.754962762285686        0.55534302694866155559 4309
920 8082.161327442804577      332.23394583497912436    4314
921 8081.9477039226931083       0                      4319
922 8090.7787856219702007       0                      4323
923 8090.8018282936091055       0                      4328
924 8082.1720281186780994     333.95146206974601455    4333
925 8082.1974816354895665     333.43943852942089734    4337
926 8088.3225361445511226     111.64644903179197399    4342
927 8088.3751111595611292       0                      4347
928 8088.5127639675756654       0.00195608143888081074 4351
929 8088.3225361445356612     111.64644903179595303    4356
930 8088.3646497228382941       0                      4361
931 8082.7579632074566689       0                      4366
932 8088.3229051073922165     111.321773216005667      4371
933 8089.1539430984257706     117.94492261263771127    4375
934 8083.0065709940172383     322.45095739250626821    4380
935 8094.7764007937930728      87.730384014050528663   4385
936 8089.6434064773529826     365.04173738526844772    4389
937 8081.9195003569848268       0                      4394
938 8081.9203839055498975       0                      4399
939 8088.2482199141823003       0                      4404
940 8088.6157407947885076       0                      4409
941 8090.4390074901111802       0.468598213742499492   4414
942 8083.9855067113376208       0                      4419
943 8081.9472932199550996       0                      4424
944 8081.9510338911895815       0                      4429
945 8089.7234151796856167       0                      4433
946 8084.0126164776966107     343.84333247696832814    4438
947 8092.1412482571267901     137.6962312372764643     4442
948 8082.5212477423774544     358.33844485347782438    4447
949 8086.6461067866357553     126.43516629327585576    4452
950 8089.0423053278236694     403.53510726526280905    4456
951 8094.001277957115235      107.32891005014869279    4461
952 8101.4069895356142297     915.78006936421513728    4466
953 8082.837988198461062        0                      4471
954 8088.7945743780965131       0                      4476
955 8089.1623921378286468       0                      4480
956 8089.022063680093197      402.9235697624947079     4485
957 8093.205864145033047      100.8451754568656753     4490
958 8088.1225810969390295       0                      4495
959 8088.0447197550010969       0                      4500
960 8082.9484890410913067       0                      4504
961 8085.1880265672689347       0                      4509
962 8085.2209411980657023       0                      4513
963 8088.3861661630453455       0                      4518
964 8090.6593922993652086       0.51050779678554514263 4523
965 8082.1648761327587636     331.39796647914954519    4528
966 8083.6555865684158562       0                      4533
967 8088.2651959483737301       0                      4537
968 8082.5263647447600306     358.6534071710752869     4542
969 8086.6540065165945634     126.62777170536459437    4547
970 8088.1475531392325138       0                      4551
971 8088.3422985149645683     111.76627899307351299    4556
972 8084.002966916211335      342.20244099136402838    4561
973 8090.8968955072214158       0.48237113660345537491 4565
974 8092.1288349640672095     136.93023956481300729    4570
975 8092.1592595925158093     137.42191071391408741    4575
976 8082.7553606170868079       0                      4580
977 8090.1594006124923908       0                      4585
978 8086.6755596525299552     127.08645182710483823    4590
979 8082.5005230230090092     359.42437584727855437    4594
980 8095.1100981585886984      86.56662651387830465    4599
981 8088.4832808216542617     374.19739411452212607    4604
982 8082.7861728099787797       0                      4609
983 8089.4061641021335163       0                      4614
984 8092.1580975595261407     137.59290741991992491    4619
985 8083.980252568438118      344.3021922485442019     4623
986 8082.4994063634376289     359.44597617525300848    4628
987 8086.647902027388227      126.78079346880450373    4633
988 8082.5004461140088097     359.18544478815181265    4637
989 8086.6822337957864875     126.94680400214555505    4642
990 8090.7451094764019217     397.03356421849650815    4647
991 8099.5062338430725504     165.02557363590892692    4651
992 8086.6628282717820184     127.84670571188458155    4656
993 8088.9419820489019912       0                      4662
994 8088.9582025758172676       0                      4666
995 8082.1901625482769305     332.58070078198488773    4671
996 8082.5195546670502154     356.87333911322662061    4676
997 8087.459140601578838      132.4297790368039216     4680
998 8094.9766854544359376      87.985626753997507876   4685
999 8088.5974992813953577     377.09998980211076969    4690
1000 8082.7998395343056472       0                      4695
