1 9646.6075436484516104     29694.5849668986084        5
2 9975.8103550976320548     23774.098934186058614      9
3 9817.4028619475629966     31068.191892875387566      14
4 9823.8852440453647432     31406.164521779690403      18
5 9819.3225597467680927     31041.473891581870703      23
6 9620.5524340535193915     6092.2215400481964025     27
7 9644.9063752253623534     13470.449445264948736      32
8 9626.1019516431406373     6950.0581158912145838     37
9 9624.3354327984343399     6865.0278813096801969     41
10 9627.4935990013600531     2939.4861085867182737     46
11 9339.1143985919134138     5581.9326159749989529     50
12 8862.0672714373231429     7722.3962614287174802     55
13 9480.3313517840451823     8988.3865649647286773     60
14 9485.7049122336029541     13962.202488557390097      64
15 9390.0641162591564353     24364.060187751390913      69
16 9619.1402296143023705     6563.0596411108490429     73
17 9183.155744583968044      5046.1502456404377881     78
18 8794.1472858161869226     3821.4032182894716243     83
19 8691.6161440717132791     3579.2041357390648955     87
20 8547.4393163195309171     25444.338836217211792      92
21 8560.895439440064365      13937.757006304997049      97
22 9090.4285315837041708     42591.697013977653114      102
23 9458.1183210465042066     3174.8249918237706879     107
24 9156.513463147522998      1435.3732151039509972     111
25 8915.2501490479808126     1749.7914865391892363     116
26 8337.5634642206005083     18971.342215291075263      121
27 8843.6064805584901478     37975.631295630497334      126
28 9454.7538892713528185     2948.0090052278405892     130
29 9838.327047504739312      323.24563824627301756    135
30 9029.48030745309552       1975.0219647636004083     140
31 9155.3996053671799018     1437.8989746674330945     144
32 8896.0325576574068691     965.85418097429567297    149
33 8516.3718281594174186     13081.503983306161899      154
34 8595.1533516457529913     1881.4843156459555757     159
35 8265.9959402566692006     2715.2837756169951717     163
36 8602.8003433794128796     1256.7021102367816638     168
37 10765.566623426984734      2004.2569490849080012     173
38 8526.4419040700304322     3323.3196465101959802     178
39 8498.2630913973698625     2265.0500378671531507     183
40 10356.583016257449344      1902.1116129524950793     187
41 9293.1712086369625467     831.6185523644372779     192
42 9435.4743939284853695     247.56800881662135794    197
43 10288.852473934008231      1693.2918926739439485     202
44 8900.9533264407000388     1518.0579943858142542     207
45 8532.9585346255880722     6515.8706883411150557     212
46 11069.344747572984488      2711.9564631640378138     216
47 8456.6447438320719812     74658.125084761879407      221
48 8230.6559448744992551     3682.7575087753298249     226
49 9337.0090079696765315     618.21515532058629105    231
50 9036.2201447464267403     984.87681494822663808    236
51 9329.5691002517705783      63.067786745063678211   240
52 9355.2070716587259085     5457.2215113208403636     245
53 8277.5178292773307476     2901.2220920047129766     250
54 8283.5089921941289504     2664.5189290371595234     255
55 9293.6027489980133396     229.00091308945647484    259
56 11750.704908398422049      742.70845516260635577    264
57 11224.105637738899532      2238.3613784126114297     269
58 8495.1592079863949039     3100.7781287404368413     274
59 9024.4991859348447178     155.23358611682223795    278
60 9474.3871336263146077      25.91179751365537598    283
61 9200.34813927981304       136.40292948166367637    288
62 9339.2446729985058482     719.80873407593173852    293
63 9332.7532504850587429     232.80623851642982913    298
64 8339.5706978173548123     7449.6021120213190443     303
65 9989.5308449390704482       0                      308
66 8195.3002477112822817     345.56793101365025223    313
67 10363.700676550137359      1636.2929340351488463     317
68 12894.762089135467249      48249.356615587472334      322
69 13036.808803146595892      5497.1855831980219591     327
70 8398.4618186271727609       5.5663074436275641332  332
71 9039.5645700220302388     140.90664519851176806    336
72 9305.4366667314207007      59.252408798860678019   341
73 8681.3114507934424182     287.88062539152389263    346
74 8104.9267438952620068     341.87433086907708457    351
75 8115.273489729335779      2547.9019651530766168     356
76 8134.9938375422270838     3316.4460701151601825     361
77 9518.5459893222287064     22506.071249615379202      366
78 9045.7327008869688143     456.03218968112020093    371
79 9474.1689521436765062      70.076280878981876299   376
80 8788.3537033367701952     2115.3010080274407301     381
81 8824.1933930677369062     1075.5587136165711399     386
82 8760.780073182322667      589.61773483112699523    391
83 11883.843763349737856      399.33735482998889665    395
84 9086.4479941936297109     729.07003047186128697    400
85 9403.0960450837319513     818.53123916696904416    405
86 8482.603150361104781      8554.2844195614143246     410
87 8363.1774843985731422     11325.604560149015015      415
88 10363.664798954278012      19352.12759235289559       419
89 10048.709755935657086      217449.57058083254378       424
90 9044.4789683790440904     408.50317692544348347    429
91 8106.6475362131204747       0                      434
92 8802.8855213493843621     2643.8312973269553368     439
93 8111.842261411693471      170.47175944630950539    444
94 8136.8459727590052353      93.196185099145424147   448
95 8100.8900356395861309     366.94819261405496036    453
96 8113.6686631557167857     2088.8975481876082085     458
97 8611.5544408362602553       6.1428942846865650651  463
98 8368.7503893380198861      49.996520091264841312   467
99 11271.056165140467783      343.53333118173827643    472
100 8259.0057947091736423       6.7192965311955044072  477
101 8229.5248487278313405      56.179779881654617668   482
102 8187.0259412766499736       0                      487
103 9308.5614289204095257     2925.0978869723244316     492
104 8107.9053004000552392       0                      497
105 8113.4438399341788681     3449.9371772386202792     501
106 8156.5252796451541144      16.75325953324072259    506
107 8306.9678606705383572     1435.2153594012402209     511
108 8189.1439471668663828     907.80563395155422768    516
109 8454.4320389145577792     723.47378975116930633    521
110 8509.3001254278296983     810.33837559991729904    526
111 11937.315855896629728      1091.9801647608405801     530
112 8163.5710527763912978       0                      535
113 8112.2249017633112089     1541.0664673709361523     540
114 8240.016750025739384      1534.6375027800743283     545
115 8233.1073558427815442     2432.5252302870494532     550
116 8158.9116907135030488     9040.7827053058681486     554
117 8707.1221733636302815     127.38860519365854884    559
118 8173.1563024741026311       0                      564
119 8323.1586284830755176      43.913204753465969077   569
120 8256.9140722522097349       3.6772263883741471702  574
121 8215.9574374591011292       0                      578
122 8191.0057896998860087       0                      583
123 8109.8420165792485932       0                      588
124 10944.275233985539671      1845.8854547255953094     593
125 8197.1222819042595802     211.06019081257696257    598
126 8197.5998520415960229     191.68809325373152319    603
127 8138.3670883662607594     810.51770479951358084    607
128 8119.4617844023059661     116.70882027254062052    612
129 8321.3970231557777879      30.70436449481655572    617
130 8517.9759919712887495     260.01738287936461802    622
131 8115.6996144584491049     248.29560825336733387    626
132 8391.9308815040676564     1256.8880710181613267     631
133 8194.6049405265694077     1053.3717952522226824     636
134 9333.8486332843222044      44.363224734515881664   641
135 11233.185713033755746       51.800618073804940877   645
136 8227.3641456888271932     440.77746221851828068    650
137 8281.326035816264266      758.9144599255060939     655
138 8447.7887329366494669     4314.4166628467874034     660
139 8538.829503006185405      2614.0133458728018923     664
140 8116.4743485010985751     169.23501600069630513    669
141 8133.5473211735879886     3100.3781979685845727     674
142 8124.5038767725436628     2169.4312068466874734     679
143 8148.7909819998230887     2232.2427914298950782     684
144 8303.7322490259884944      36.183341263820430811   688
145 8161.8179382788048315       0.75678688215007439144 693
146 8467.3966140195243497     315.37466459790545059    698
147 8088.6886744878211175     405.71794245615666341    703
148 10800.082335392939058      10434.341830973711694      708
149 8094.8196714514051564       0                      712
150 9547.3439305551491998     6623.8700045367822895     717
151 8118.2330177924641248       2.6435654968088972971  722
152 8090.2929654203526297       0                      727
153 8148.4480332009388803     279.1859438990312583     731
154 8316.0666091084822256       0.03124363808671043116 736
155 8096.0557539999444998     204.48719074241117255    741
156 8386.2617150463338476       0                      746
157 8386.3537926940643956       7.5214111195582216141  750
158 8769.0425063111742929     318.45808398799033512    755
159 8659.461867292306124        0                      760
160 8219.3664363519346807       1.7286433855259064618  765
161 8399.8493896571690129     1140.0474867068148797     770
162 8258.4666485344769171       0                      774
163 8673.4963496502168709     152.25645200401112334    779
164 8921.9324003976944368      53.707578654271451057   784
165 11714.571930174337467      846.23732873768665286    789
166 8114.2177781054888328     1104.2440772100978847     793
167 8113.7536152074826532     1088.2732073460556421     798
168 8143.9875976971325144     4715.7531252330991265     803
169 8822.3066651041808655     585.87769982510053524    808
170 8201.9594693521521549     1698.9970897656712623     812
171 9582.4468967732282181     979.82088051003495366    817
172 8108.2324617631593355       0                      822
173 8121.623149015222225        0                      827
174 8122.0545795642601661       0                      832
175 8257.593578255524335       14.058873380349504956   837
176 8255.7163930678252655      34.521378362105217263   841
177 8487.4774848266188201      35.458920903389561374   847
178 8108.9235213649426441      84.037634802746694618   852
179 8097.5835467401784626     139.49661469808543757    857
180 8134.0075457455332071      50.644217681135508258   862
181 8132.6300653800899454     589.41566705764682865    866
182 8112.9773764579877025     946.02006972220408443    871
183 8137.0442223108657345     2108.3111344166063645     876
184 8184.40990140464055       1043.7627511148555186     881
185 8911.8221883850746963     11908.520082589617232      886
186 11021.257235002087327      13920.075407551614262      891
187 8145.0161832028807112     2548.5940868202715137     896
188 8129.8542520574701484     200.33429208859618598    901
189 8114.4105683513207623      71.484133353577092862   905
190 8193.294899786274982      395.64910574906474494    910
191 8096.1179347565421267       0                      915
192 8293.9088596188557858       6.3374114507095331561  920
193 8159.724253697992026        0                      924
194 8451.707664133509752        0                      929
195 8098.3099512627486547       0                      934
196 8138.4838377133855829       0                      939
197 8102.3623498355818811     158.69993941221761702    943
198 8252.1319150819781498     106.30048116876768916    948
199 8610.6070378578224336     305.93305350247567276    953
200 8921.9780934863611037       7.486797910963239211   958
201 8439.9656099401472602     905.98928580534038701    962
202 9445.4962578084268898     1955.3300602627057287     967
203 8104.9139021015598701       1.915640345538641709   972
204 8109.5750655797528452      51.23786189027757132    977
205 8119.0799067021625888      38.17812854136894174    982
206 8092.4076285929659207       0                      987
207 8092.6864112706471133     242.32548772592542718    992
208 8304.189783269612235        2.3779705773814452385  996
209 8264.9779823003082129      42.507725223344081655   1001
210 8104.8324205677026839       0                      1006
211 8139.9606010025827345       0                      1011
212 8106.0519047778425374       4.901345686729359663   1015
213 8098.5048238261542792       0                      1020
214 8126.9455008607701529       0                      1025
215 8090.675400709290443      283.91049028261573994    1030
216 8115.8758861169189913     155.39282557675704766    1035
217 8956.2631259295958444      33.965365768445700212   1040
218 8430.5747906169581256      76.367821066594643753   1045
219 8565.6672041534548043      38.094273298870938049   1050
220 8167.3487207382622728     2347.3336107639279362     1055
221 8192.1506830446542153      22.398222302144027651   1060
222 8288.4522252275801293      17.026136059564787928   1064
223 8442.6711765187992569     534.02156871919748937    1069
224 8519.3009577858410921     217.78764542637895829    1074
225 8330.2655836653539154       0.9363411401615897578  1079
226 8248.6861693677783478      37.231047494265517628   1084
227 8102.5152902550235012       0                      1089
228 8268.1621225672151922       0                      1093
229 8090.5815552249950997       0                      1099
230 8137.6450158747556998       0                      1103
231 8095.955586627304001        0                      1108
232 8092.6343329818682832     445.27952885767757607    1113
233 8090.7683572159448886       0                      1118
234 8091.4625840972175865       0                      1123
235 8499.1900335544432892       0                      1127
236 8387.586393070378108       38.797028813167450778   1132
237 8100.4865201232423715       0                      1137
238 8306.6365990740559937     2695.0615039666931807     1142
239 8305.4297754258568602     2683.4979363386814839     1147
240 8199.6404017912518611      15.808103034986658031   1151
241 8357.5907070274915895     703.01895429922410585    1156
242 8128.3383888278704035       5.7639166607597127623  1162
243 8093.5261650551346975       0                      1167
244 8091.4254977580467312       0                      1171
245 8098.3387026041546051       0                      1176
246 8089.0320001710033466       0                      1181
247 8088.4290197479449489       0                      1186
248 8096.3082757838919861       0                      1191
249 8105.7515417643808178       2.417495163286084825   1196
250 8087.0985650801385418       0                      1201
251 8182.0011980005347141       0.10957216482833902205 1205
252 8086.9897858851300043       0                      1210
253 8099.3509596834755939     342.41691445052447307    1215
254 8087.8021327315327653       0                      1220
255 8117.6704013009366463     3632.1893785164697874     1225
256 8105.8880506268269528     726.78495379150490407    1229
257 8346.0788209567745071       0                      1234
258 8169.2890634858977137      26.439039739450748812   1239
259 8104.1558819977326493       0                      1244
260 8144.7479785376299333       0                      1249
261 8169.1096875044795524       0                      1254
262 8086.980801740314746      289.53374088734051384    1258
263 8089.3122674544811161       0                      1263
264 8089.4681324412331378       0                      1268
265 8129.8508479546926537      13.018347847490769453   1273
266 8106.6210621789832658       1.5697055117862088736  1277
267 8389.9358834557060618       9.5803978886221692335  1282
268 8256.4237169264852128       0                      1287
269 8093.827799546767892      285.04478022189260855    1293
270 8095.9883364253282707     253.6688031706394213     1297
271 8165.765510388230723      3550.1793575785709436     1302
272 8444.271176582091357      14857.654681336940484      1307
273 8414.0736705473154871      13.679762737999666911   1312
274 8150.8381217115638719      20.106973924509247809   1317
275 8087.4726532161221257       0                      1321
276 8084.2160511530228177       0                      1326
277 8103.2596784796751308      67.989603126195973459   1331
278 8083.2776700809363319       0                      1336
279 8084.0966212718021779       0                      1341
280 8210.4257764800295263     10374.261527378572282      1346
281 8357.1120956410213694      42.220413471209582212   1351
282 8156.796496537326675       22.005459435870285745   1355
283 8083.3062272849920191       0                      1360
284 8096.4760744896138931       0                      1365
285 8148.643350026652115        0                      1370
286 8114.1392789937581256       0                      1375
287 8085.1536702235498524     531.20589196321145664    1379
288 8084.7870360538354362       0                      1384
289 8102.5988366896681327       3.2934000215551604285  1389
290 8121.2967423144564236      10.111116706435355539   1394
291 8317.0345984745799797      86.359730901415332482   1398
292 8326.4788298592648061     391.71888670782152531    1403
293 8147.133925477939556        0                      1408
294 8227.2475781165285298      92.605545231846292609   1413
295 8204.117920957840397      113.87849896163835695    1418
296 8098.4654120699051418     524.74798786935650696    1423
297 8099.5205663463266319     538.30546097780268155    1428
298 8410.6535429359337286      21.72096539456897446    1433
299 8137.9715174416533046      13.772415846889611402   1438
300 8082.6048128120337424       0                      1443
301 8113.8277269506024822       0                      1448
302 8120.9797605568455765     1277.1591281112644083     1453
303 8084.035636208995129      304.95756844829338661    1457
304 8503.1688721475366037     9920.4812249723745481     1462
305 8416.7948456570375129      13.718436516210319454   1467
306 8159.6746314208312469      19.780067356363197462   1472
307 8082.6580518202026724       0                      1477
308 8083.3847038549401987       0                      1481
309 8085.3266758877589382       0                      1486
310 8084.3803952824100634       0                      1491
311 8095.160817567990307        0                      1496
312 8264.1500589421084442       0                      1501
313 8084.9517293842609433       0                      1506
314 8084.8265220591947582     506.91779603972378254    1510
315 8113.3540258103648739       0                      1515
316 8391.6546048830859945      16.686170005872249078   1520
317 8088.6573173008482627     122.19628906400566848    1525
318 8106.9812516395231796       0                      1529
319 8091.7086232046940495       0                      1534
320 8092.137174719131508        0                      1540
321 8362.8700762733951706      24.164680656772382861   1545
322 8363.3157823728706717      21.235393772386206734   1550
323 8366.3822886166617536      21.730750294611446805   1555
324 8142.180178067676934       14.020001350638864324   1559
325 8083.1192366142186074       0                      1564
326 8083.0122671636945597       0                      1569
327 8086.5319984825400752       0                      1574
328 8088.1427915780623152       0                      1579
329 8090.1325595971238727       0                      1583
330 8088.0817653535250429       0                      1588
331 8084.4333054127291689     559.75521710780026297    1593
332 8087.6193049711855565       0                      1597
333 8391.1819265846752387     502.87785040729403363    1603
334 8260.2729384623835358     134.22577515012469007    1608
335 8087.7449094961184528       0                      1613
336 8094.2307751011221626     1107.8431164399974023     1617
337 8089.8533476780439742       0                      1622
338 8088.1784276968146514     922.34732069283768396    1627
339 8082.3463073886223356       0                      1632
340 8082.1584369241145396       0                      1637
341 8083.3868595258009009       0                      1642
342 8082.0925248576950253       0                      1646
343 8094.7792203319359032     392.68030793665343481    1651
344 8082.1055053513182429       0                      1656
345 8481.141158290041858      13555.972629899883032      1661
346 8553.0255859429908014     13296.531869424754404      1666
347 8393.2412647436231055      19.758871510211282185   1671
348 8135.031967104730029        8.2542024530679078964  1675
349 8082.9389759963678443       0                      1680
350 8083.1121634072351299       0                      1685
351 8087.4395864179887212       0                      1690
352 8316.9892632626415434       1.3061402603974932024  1694
353 8084.4294220416113603       0                      1699
354 8089.5064118480931938     258.96431529956998929    1704
355 8097.9114618784979029      71.866169161351635353   1709
356 8128.4966742241094835       0                      1713
357 8115.7458048960497763     116.33693941542496475    1718
358 8316.2088218421813508       0                      1723
359 8143.302441867404923      305.30965947628476442    1728
360 8096.2403365033942464     409.80073378210329338    1733
361 8225.8386670700401737       0                      1738
362 8081.9371923164881082       0                      1743
363 8082.2266716870481105       0                      1748
364 8082.0376594053441295       0                      1753
365 8251.8904233143839519     402.53253418890705007    1758
366 8258.2281703850858321     262.711914559256968      1762
367 8090.4570089534727231     146.23602899286532875    1767
368 8352.5532603343744995      33.542243945019329487   1772
369 8133.1319455212278626      11.05862894859678569    1777
370 8082.9830124200680075       0                      1781
371 8084.7156562187528834       0                      1786
372 8084.0438118857455265       0                      1792
373 8089.7224890080433397       0                      1796
374 8084.4279524286421292       0                      1801
375 8274.3548074524169351       0.14366289954227623449 1806
376 8089.1307130195455102       0                      1811
377 8082.4552870262832585     339.73321009631308698    1816
378 8085.1063257199184591       0                      1821
379 8365.6220184614630853       0.00023884605814238001 1825
380 8089.7284595530727529      94.594922164077843263   1830
381 8557.9697644914722332       7.3368887768960435736  1835
382 8212.9219336274691159       0                      1842
383 8081.9237125363724772       0                      1850
384 8082.1310488695171443       0                      1859
385 8227.2481677283922181       0                      1865
386 8226.6310027533327229       0                      1873
387 8081.9440953279463429       0                      1879
388 8082.7532459354624734       0                      1884
389 8349.5971951939009159      34.444616801123032701   1889
390 8133.4642892978163218      11.205384985765308059   1894
391 8082.2387194209686641       0                      1899
392 8083.0639298010273706       0                      1904
393 8089.5738909697411145       0                      1909
394 8082.2925995965997572       0                      1914
395 8087.0578999780036611       0                      1918
396 8083.9602825927822778       0                      1923
397 8088.079633082462351        0                      1928
398 8089.448375187424972      138.5339995126262238     1933
399 8307.2488922084430669     162.81124613411904534    1938
400 8488.1274716562002141     577.17606679782500123    1942
401 8082.0324646528115409       0                      1947
402 8082.0030553957021766       0                      1952
403 8082.0028568317775353       0                      1957
404 8456.6993269840932044      10.410825497294412756   1961
405 8415.3110695145624049       0.82363401141143421924 1966
406 8196.1396608037739497      31.235088440243988117   1971
407 8142.7160507605731254     133.1073390862236181     1976
408 8081.9485561040000903       0                      1981
409 8082.9767173156569697       0                      1986
410 8082.9784946898025737       0                      1991
411 8082.0072510997106292       0                      1995
412 8083.0904851621007765       0                      2000
413 8082.1771450826981891       0                      2005
414 8083.9608015993162553       0                      2010
415 8083.2436793281558494     333.77815193822232231    2015
416 8347.1302371069323272       0.56561795228867006724 2020
417 8385.8834401917301875       0.07170056443526348633 2024
418 8092.764249828622269      136.83924615826498439    2029
419 8082.0029592439541375       0                      2034
420 8083.2385845386288565     307.43213065280951923    2039
421 8082.2823089863604764       0                      2044
422 8082.8509258162484912       0                      2049
423 8083.7183995663881433       0                      2053
424 8081.9307991767373096       0                      2058
425 8082.2374106546458279       0                      2063
426 8082.0383620452121249       0                      2068
427 8082.9900783227185457       0                      2073
428 8082.0108838405139977       0                      2078
429 8082.1749025742374215     331.13674933076987372    2083
430 8356.0545162349917518       0.56292751581104905068 2087
431 8375.7620453964063927       0.06331722987907696665 2092
432 8093.0112450277620155     263.97110278077616385    2097
433 8082.2187253761003376       0                      2102
434 8082.282745550319305        0                      2107
435 8083.4203385571781837     304.1818361921206133     2112
436 8082.2410575965686803       0                      2117
437 8082.0609982957448665       0                      2122
438 8082.9002522123328163       0                      2126
439 8362.0455286152628105       0                      2131
440 8081.9232720738136777       0                      2136
441 8081.9803262513241862       0                      2141
442 8082.5476822928294496       0                      2146
443 8083.4714150690424503     304.20294211687809138    2150
444 8081.9420292539280126       0                      2155
445 8081.9990672278881902       0                      2160
446 8082.0017089432340072       0                      2165
447 8082.7854369522092384       0                      2170
448 8082.9688915853603248       0                      2174
449 8081.9488252707687934       0                      2179
450 8082.1892357311298838     330.22466791154761268    2184
451 8082.032604982688099        0                      2189
452 8367.3127043164313363     376.48479413976781416    2194
453 8371.4479276151869271      65.760178318076626169   2199
454 8092.5996487014454033     255.97539721170360849    2203
455 8082.2351961529939217       0                      2208
456 8084.8540421943280307     561.80582052390241188    2213
457 8085.0852059776680107     375.91283645589788875    2218
458 8082.7049578078704144       0                      2223
459 8081.9460475012901952       0                      2228
460 8082.9741221181084256       0                      2232
461 8081.9337263873394477       0                      2237
462 8081.9281507272453382       0                      2242
463 8081.968860379815851        0                      2247
464 8082.5889250825675845     356.45607181034858968    2252
465 8082.7622350425026525       0                      2256
466 8083.9806841515310225       0                      2261
467 8367.403489543361502        0.55336271017592997268 2266
468 8366.9296301126760227       0.3030073070638885091  2271
469 8087.1291589585543989     141.84337380900893777    2276
470 8083.7784672176976528       0                      2280
471 8082.0484699675234879       0                      2285
472 8084.991684877744774      408.91541949731276873    2290
473 8082.0001965097135326       0                      2297
474 8081.9181511017350203       0                      2301
475 8081.9439156490052483       0                      2306
476 8081.9988152340092711       0                      2311
477 8082.0980511658817704       0                      2316
478 8356.4356138207003823       0.26190653770956756619 2321
479 8084.9354296903429713     375.59012548905610629    2326
480 8082.6896086609858685       0                      2331
481 8081.9211850059591598       0                      2335
482 8081.9276198905754427       0                      2340
483 8081.9223198130603123       0                      2345
484 8083.0048614894021739       0                      2350
485 8082.958175625356489        0                      2354
486 8082.1847698837445932     333.93783349007981087    2359
487 8082.7600757873005932       0                      2364
488 8083.9865968686071938       0                      2369
489 8365.9317645887003891      73.613657909854509853   2374
490 8372.3766114014106279     394.32200251934278867    2378
491 8082.1051983906072564       0                      2383
492 8081.9699057748766791       0                      2388
493 8360.0195115062506375     102.66703783410424933    2393
494 8084.9926301811574376     410.43019359012873792    2398
495 8082.0001393699822074       0                      2402
496 8081.9197270721861059       0                      2407
497 8081.918405026700384        0                      2412
498 8081.9162586047232253       0                      2417
499 8081.9466527557360678       0                      2422
500 8363.5403186187904794       0                      2427
501 8082.0111462704671794       0                      2432
502 8082.866111346604157        0                      2437
503 8085.0032363492291552     413.96913657243891294    2441
504 8081.9154192493651863       0                      2446
505 8081.9227725220271168       0                      2451
506 8081.9201044582869145       0                      2456
507 8081.9496403079037918       0                      2461
508 8360.9375572283061047       0.98374893942719221496 2465
509 8362.1358131159395271       0.36704413980423827857 2470
510 8084.9982200637887217     412.93224384024176743    2475
511 8081.923219100636743        0                      2480
512 8081.9929876550713743       0                      2484
513 8081.9233821203033585       0                      2489
514 8081.9432299018026242       0                      2494
515 8082.7539192050271595       0                      2499
516 8082.9244175205476495       0                      2503
517 8083.9895334192060545       0                      2508
518 8082.1675192900283946     332.80885166625824922    2513
519 8363.9859586345046409     102.66158930586463782    2518
520 8372.5217992989728373     418.16489819280195661    2523
521 8081.9223597294567298       0                      2527
522 8085.9972378988677519       0.15857025542760527781 2532
523 8362.6925726567205857       0                      2537
524 8084.9784752943542117     416.71916687482087127    2542
525 8081.9951015863807697       0                      2547
526 8081.9932133078846164       0                      2552
527 8082.7577255126752789       0                      2557
528 8082.920219934857414        0                      2562
529 8081.9174005135373591       0                      2566
530 8081.9171255172268502       0                      2571
531 8081.9193173883704731       0                      2576
532 8088.3104717646374411     111.30921465429506156    2581
533 8364.4010022582406236       0.00040660608157008804 2585
534 8367.4621842707128963       0.0008199815973929538  2590
535 8368.3838829272463045       1.8958660938541986862  2595
536 8371.8477443891970324      55.193803256562560478   2600
537 8083.6796957177348304       0                      2605
538 8081.9162248666279993       0                      2610
539 8081.9155207554531444       0                      2614
540 8083.4310287839853117     322.14516470852908014    2619
541 8083.9861339457593203       0                      2624
542 8084.0112225154716725     547.9280121135485615     2629
543 8093.0599520489440692     329.71490022467747849    2633
544 8082.1758738120615817     333.66771823267225727    2638
545 8366.4008698896996066      71.62078550071876748    2643
546 8371.8372313028503413     389.6191344642188028     2647
547 8082.8407179949563215       0                      2652
548 8365.3780766040181334      84.449746255584372534   2657
549 8364.315471971356601       89.694738777612514014   2662
550 8082.1946329481679641     333.68851008066047825    2667
551 8081.9195003569802793       0                      2672
552 8083.9899556892496548       0                      2677
553 8081.9888256743861348       0                      2681
554 8081.9983364469953813       0                      2686
555 8083.9830434352461452       0                      2691
556 8082.7584846289937559       0                      2695
557 8081.9175675008182225       0                      2700
558 8364.9462836441707623       0                      2705
559 8366.2992625692659203       0.00169837612335727657 2710
560 8084.2177985102180173       0                      2714
561 8081.9151187665493126       0                      2719
562 8081.9186172812878795       0                      2724
563 8081.9450932089612252       0                      2730
564 8081.9491940979696665       0                      2734
565 8366.5795807025206159      78.948456017984909749   2739
566 8366.2387767297404935      78.487921216367837474   2744
567 8082.1916465295253147     333.13453252566716856    2749
568 8081.9191705067687508       0                      2754
569 8082.780377877965293        0                      2758
570 8081.9438694486516397       0                      2763
571 8081.919250560978071        0                      2768
572 8081.9188346712762723       0                      2773
573 8082.9482133359324507       0                      2778
574 8084.1461442757963596     354.38043944856144662    2782
575 8364.4565149655536516       0                      2787
576 8366.8031113711258513       0.00655682481930618555 2792
577 8083.6502051004417808       0                      2797
578 8363.804866107464477        0                      2802
579 8081.9936335164838965       0                      2807
580 8081.9163619098035269       0                      2812
581 8081.9171294087445858       0                      2816
582 8081.9904444413541569       0                      2821
583 8082.7535575608608269       0                      2826
584 8082.9199913934398865       0                      2831
585 8083.3813640816533734     346.42995175443309108    2836
586 8087.2243687357586168     149.7164212876562317     2840
587 8087.1945633278564856     148.61933112125393563    2845
588 8369.3249649501958629      77.613855646580574899   2850
589 8372.4147531741255079     352.47334339935872549    2855
590 8088.4012915392531795     2849.4028001314895846     2860
591 8081.9155516068603902       0                      2865
592 8081.9195738884627644       0                      2870
593 8364.7352710042287072       0                      2875
594 8365.0152158510973095       2.7912628048418861582  2880
595 8082.1901625482769305     332.58070078198488773    2885
596 8088.3413736756720027     111.11675832724492352    2890
597 8082.1625053116522395     332.53839088270393631    2894
598 8088.3422985149645683     111.76627899307351299    2899
599 8088.3138388602483246     111.14183705929168866    2904
600 8082.1662878288416323     333.64622800430112193    2908
601 8365.9565978886639641       0                      2913
602 8365.6491192672656325       1.0236113601596508182  2918
603 8089.0639199553324943     4478.1263670458083652     2923
604 8364.7305782936145988       0                      2928
605 8081.9964970094688397       0                      2933
606 8081.9172638838745115       0                      2938
607 8363.4007355471730989       0.00042312296299491895 2943
608 8082.1660826803517921     332.25535806025959573    2948
609 8081.9428681556437368       0                      2953
610 8081.915516104035305        0                      2957
611 8081.9429209166828514       0                      2962
612 8082.1636453991786766     333.09223647733989537    2967
613 8367.3840275899401604       0.44646145733271197509 2972
614 8365.6908985768550338       0                      2977
615 8082.1612705532816108     331.6806402587827165     2982
616 8081.9445026055864219       0                      2987
617 8365.3820874531847949       0.0928505204949336832  2991
618 8081.991707836941714        0                      2996
619 8366.7715278140931332       0                      3001
620 8084.0217755803978434       0                      3006
621 8085.1908267250810241       0                      3011
622 8367.1012556349796796       2.7681914874743616117  3016
623 8363.1147357398658642       0                      3021
624 8083.4791753612907996       0                      3026
625 8084.854596975844288        0                      3030
626 8364.3978895763266337     103.31035478955847395    3035
627 8371.4130278735956381     406.9904226171373125     3040
628 8362.7891157229714736       0.00000728339769522658 3045
629 8354.4295409420865326       0                      3050
630 8360.3123015143974044       0                      3055
631 8081.9198844332922818       0                      3060
632 8081.9164202459787703       0                      3065
633 8081.946999268109721        0                      3069
634 8081.9277345964619599       0                      3074
635 8081.987796503825848        0                      3079
636 8365.8297226067588781     378.61866920136549197    3084
637 8366.0602076058130478      72.495473870198594568   3089
638 8367.8784912934643216       1.7877485699496815652  3094
639 8082.161327442804577      332.23394583497912436    3098
640 8081.9847604919104924       0                      3103
641 8082.7979317021618044       0                      3108
642 8082.8029234429477583       0                      3113
643 8363.1938589013825549       0                      3118
644 8084.8484637736937657       0                      3123
645 8083.9843793784175432       0                      3127
646 8083.9945086721381813       0                      3132
647 8364.8214082359118038       0.4892975989529358416  3137
648 8088.1954186067423507      76.192294305924633591   3142
649 8360.7434838400513399     103.84385990213803552    3147
650 8361.4902461541678349      97.686525105818432735   3152
651 8082.166148232764499      331.70201113351868116    3157
652 8081.9480346852324146       0                      3161
653 8086.680554655639753      126.42223078208496645    3166
654 8084.689199818571069      312.18549840090724956    3171
655 8364.3882485125122912      89.808854949993687455   3176
656 8367.5028834838776675     379.06293805380215645    3181
657 8082.4975567776964454     358.31600210473214929    3186
658 8081.9162446564741913       0                      3191
659 8081.9863458419313247       0                      3196
660 8362.0257675900156755       0                      3201
661 8082.8019485329887175       0                      3205
662 8083.9884955984316548       0                      3210
663 8083.368225285625158      348.68624724961256334    3215
664 8086.6561673630985752     127.15275153869910696    3220
665 8364.2097563883908151       0.46463555818857393831 3225
666 8082.4954242079738833     358.87015193793848766    3230
667 8082.9449427146510061       0                      3235
668 8081.9230092021571181       0                      3240
669 8360.6533990332409303       0.00024678997872907161 3245
670 8082.8246995669787793       0                      3250
671 8082.0240816926998377       0                      3255
672 8082.8066464870689742       0                      3260
673 8083.9841287306526283       0                      3265
674 8084.0226160387019263       0                      3270
675 8084.8623771691200091       0                      3275
676 8364.9920709226626059       3.8450942862741421813  3279
677 8362.1150040250868187       0                      3284
678 8083.0262753494953358     321.64838847941723543    3289
679 8089.1544967543732128     117.61108264801966072    3294
680 8088.341083783270733      111.4411895012863738     3299
681 8363.8217838378041051       0.99706597084815096199 3304
682 8081.9444901388505968       0                      3309
683 8359.9794010590176185       0                      3313
684 8360.7288770119976107       0.000092315840239736   3318
685 8081.9233698682837712       0                      3323
686 8081.9193024226451598       0                      3328
687 8081.9228797850419141       0                      3332
688 8082.1714309707540451     330.86651593942269756    3337
689 8081.9172324014270998       0                      3342
690 8360.5898180574804428       0.00006121193642883608 3347
691 8362.9321109550146502       0.00347222456105070751 3352
692 8082.7552682246505356       0                      3357
693 8083.0007325325213969     322.15116088678820461    3362
694 8364.3666184309404343      84.442266590816160488   3367
695 8368.2554644540541631     379.83418173762930792    3371
696 8081.9206495070911842       0                      3376
697 8081.9207105081932241       0                      3381
698 8088.3114969337775619     111.95921709217090267    3386
699 8082.1666969831730967     334.48448687743047003    3391
700 8089.0674761933387344     131.43814997230921904    3395
701 8085.0448114562332194     614.62852000174802924    3400
702 8092.1261813237551905     261.8492614477817142     3405
703 8363.4591610286443029       0.43825187442411944749 3410
704 8364.5559808594352944       0                      3415
705 8081.9236315486032254       0                      3420
706 8360.3912467511327122       0                      3425
707 8082.9527314884117004       0                      3430
708 8083.4288941946724663     323.71082445057464838    3434
709 8088.337385925052331      110.93704221120461284    3439
710 8083.4667311696994147     326.64691379419940631    3444
711 8088.3225361445511226     111.64644903179197399    3449
712 8361.5601070309712668      90.049057364928373204   3454
713 8369.7037897149912169     378.8617240392213148     3458
714 8088.3125194594249479     110.4591645317958637     3463
715 8082.0187265757767818       0                      3468
716 8081.9475359718317122       0                      3473
717 8082.1690044053339079     331.09392433111429455    3478
718 8363.1469952373554406       0.94626429784785037747 3482
719 8081.9887097762302801       0                      3487
720 8083.9783152727914057     550.3822947269644601     3492
721 8088.3138943076673968     111.46633333930084575    3497
722 8092.1337129187822939     262.52300470637214858    3502
723 8088.2075332784397688      77.734633560087175397   3507
724 8081.9164530493508209       0                      3512
725 8082.0238268129987773       0                      3516
726 8082.838823083526222        0                      3521
727 8084.0009842928275248       0                      3526
728 8085.2131379370212017       0                      3531
729 8085.2010755540059108       0                      3536
730 8081.9973591352600124       0                      3540
731 8081.989290927809634        0                      3545
732 8362.7255342591051885       0                      3550
733 8088.3152882093845619     110.81799840984875516    3555
734 8089.1816522039007396     117.58506518942483865    3560
735 8089.1539430984257706     117.94492261263771127    3565
736 8083.0039734546962791     322.6960490907916892     3569
737 8083.0256975672600674     321.10381505113338108    3574
738 8364.4315566760833462       1.7064997340783414348  3579
739 8083.9940729196523534       0                      3584
740 8081.9451968483263045       0                      3589
741 8082.7558430909612071       0                      3594
742 8092.9985148071918957     294.00640296928861517    3599
743 8083.9826427896177847     555.32357534027732981    3604
744 8367.771166764498048      417.90614768453258421    3608
745 8082.4910330404227352     357.111414235870825      3613
746 8086.6483658166189343     126.95975836857290631    3618
747 8082.5000498271510878     359.74007184602783127    3623
748 8083.9711242675784888     550.19104845557023964    3628
749 8093.0658523908814459     330.39810327738013029    3632
750 8092.1455120259834075     263.03687633818594804    3637
751 8083.9855062337128402     548.35230898868326221    3642
752 8362.7720377662026294       0                      3647
753 8364.6427901684837707       0.52919039146192881073 3652
754 8094.0448237939954197     1904.2020303481267547     3657
755 8082.80106074935793         0                      3662
756 8082.8022053214581319       0                      3666
757 8085.217795833670607        0                      3671
758 8083.9933251506845409       0                      3676
759 8083.9926486939375536       0                      3681
760 8362.2357644260337111     103.049828979199674      3686
761 8368.4551521405483072     458.6464878066767028     3691
762 8081.9929714388799766       0                      3696
763 8081.9191705067632938       0                      3700
764 8082.1655500135047987     331.92950312893520959    3705
765 8082.7534164636772402       0                      3710
766 8081.9945348779774577       0                      3715
767 8084.7959312123894051     576.87681789730959281    3720
768 8088.3190959501444013     110.65097358313781228    3724
769 8092.1734244213139391     262.34940717957204015    3729
770 8366.1375598988197453      77.378955301449849458   3734
771 8370.218218977073775      388.29822957211683843    3739
772 8083.9807019957534067     542.39225574932902418    3744
773 8082.0268708161383984       0                      3749
774 8360.9054623774536594       0                      3754
775 8082.8030234908374041       0                      3759
776 8083.9971784219869733       0                      3764
777 8085.1951318408564475       0                      3769
778 8085.1880265672689347       0                      3773
779 8363.7571386072922905       1.6398171889982193772  3778
780 8083.9862745670443474     546.13527803832039353    3783
781 8081.9201433881307821       0                      3788
782 8364.9136928385996725       0.97825122764975802614 3793
783 8082.1612705532761538     331.68064025877936274    3798
784 8360.7081160520410776       0                      3802
785 8363.0392986279330216       0                      3807
786 8081.9858504820695089       0                      3812
787 8081.9851735521679075       0                      3817
788 8362.9030799425163423       0.9857239630817391518  3822
789 8081.9822569468869915       0                      3827
790 8081.9164449962072467       0                      3831
791 8363.194211088011798        0.11290948446733889421 3836
792 8363.472953301614325        0.89605107489747826133 3841
793 8083.9935063049751989     323.83319529421925154    3846
794 8086.6553775415577547     126.97357304104284026    3851
795 8089.0570496759073649     132.32695756910345608    3855
796 8092.1567234891426779     261.9969452060102526     3860
797 8085.0486223858642916     611.77098151225675338    3865
798 8363.9401376427522337       0                      3870
799 8088.3236718480293348     111.97178318651222639    3875
800 8081.9167177763920336       0                      3880
801 8082.9225979244638438       0                      3885
802 8361.718575970895472        0.00008468414891539712 3890
803 8088.3102320428342864     111.63388668983984076    3894
804 8083.4324980859419156     327.51268258404553535    3899
805 8082.1720281186780994     333.95146206974601455    3904
806 8364.2223727060827514       0.93368947706945060183 3908
807 8092.1469211365374576     263.55023966105227373    3913
808 8081.9606743668527997       0                      3918
809 8082.9569507324622464       0                      3923
810 8081.9206495070820893       0                      3928
811 8083.3524296808072904     345.22280515664920131    3933
812 8087.1958410876277412     147.4702938874768563     3937
813 8082.1613274428182194     332.23394583497565691    3942
814 8088.3112017078110512     110.63846833698090677    3947
815 8366.9555373232833517      77.142043433401056518   3952
816 8369.09239851858365       350.49115826417931885    3956
817 8088.2047890333096802      77.282139862207614556   3961
818 8081.9815468447695821       0                      3966
819 8082.9190409795255619       0                      3971
820 8082.7981385499060707       0                      3976
821 8082.8104223824011569       0                      3980
822 8362.3658293998014415       0                      3985
823 8085.1954579953617213       0                      3990
824 8084.0062407722425633       0                      3995
825 8363.2218318011364317       0.00235407850397528632 4000
826 8082.0133630520222141       0                      4005
827 8082.8280012881132279       0                      4010
828 8081.9877869282199754       0                      4015
829 8083.9859596901687837       0                      4019
830 8084.0181931527149573       0                      4024
831 8084.017699521553368        0                      4029
832 8364.5073982518115372      71.975433379248485721   4034
833 8368.6827431847523258     390.15251808825553326    4038
834 8083.9756112238474088     547.48827181239278161    4043
835 8362.3076319405481627      89.679198594653200871   4048
836 8369.6894795291773335     429.48132578980442986    4053
837 8081.9434730164439316       0                      4058
838 8082.7598466433491922       0                      4063
839 8082.756246217692933        0                      4068
840 8082.756175347174576        0                      4073
841 8081.919573888456398        0                      4078
842 8081.9169433636052418       0                      4082
843 8082.7603888718858798       0                      4087
844 8361.5749219819626887      85.171727719656857403   4092
845 8370.0383741067744268     419.78272953031847692    4097
846 8081.9540447663694067       0                      4102
847 8084.8826321951455611       0                      4107
848 8092.9979235510791113     293.90647648694385907    4111
849 8082.5199273883299611     357.76290871010462524    4116
850 8082.8310535055315995       0                      4121
851 8084.0056904768371169     550.6308248835359791     4126
852 8083.9929198818872464       0                      4130
853 8087.4610045257677484     132.98061466473495784    4135
854 8362.5247444983979221       0                      4140
855 8365.0821926107164472       2.817670268165853642   4145
856 8083.4358690029685022     327.65495151565176002    4150
857 8092.137540482980512      262.36211275582695635    4155
858 8085.7290672867648027     648.08249421838968374    4159
859 8089.7688908781192367     139.02552992456952552    4164
860 8362.0975754534520092     103.08573575777506903    4169
861 8368.6560794228716986     406.22645882754136437    4173
862 8089.0712846847009132     4461.6183030878555655     4179
863 8363.0428585733516229       0.12124404560906569539 4184
864 8082.7553443563374458       0                      4189
865 8362.9834133763488353      89.196125928432422825   4193
866 8368.2797005232641823     377.08290145550887473    4198
867 8082.1660247780446298     330.84516020889492438    4203
868 8083.9931649703712537     551.24866510717993151    4208
869 8092.1519347317598658     263.80740967472661396    4213
870 8363.8898029854608467       0.50098950221588856024 4217
871 8364.1296754103386775       0                      4222
872 8087.9470085229668257     908.41985851463732615    4227
873 8361.3169010631027049       0                      4232
874 8361.0010486322807992       0                      4237
875 8362.8454781777836615     102.68957283586540541    4242
876 8367.8666970135382144     445.54050949906769574    4247
877 8081.9443276142164905       0                      4252
878 8363.0604676798157016      97.034412013091824178   4256
879 8367.82838871126296       405.67790296235386904    4261
880 8081.9441490603448983       0                      4266
881 8082.5190877204158824     356.58062835449624117    4271
882 8083.9689494969143198     549.51719843769330964    4276
883 8086.6433957136059689     125.37583691623619586    4280
884 8086.6892989672196563     127.81981471853738697    4285
885 8092.1209778473075858     261.24214002121823341    4290
886 8082.5097478200668775     360.632477104063355      4295
887 8364.0349231326254085      83.966060308490824582   4300
888 8368.5698856609596987     378.80717667627578749    4305
889 8084.2126175865223559       0                      4310
890 8082.0087549176987523       0                      4315
891 8082.0697147675937231       0                      4320
892 8362.7639025127391506       0.08421389399462775316 4325
893 8363.8974317504143983       0.98494137655609514947 4329
894 8084.8575725453383711       0                      4334
895 8087.4957488187719719     133.67620260408483546    4339
896 8082.4999120126203707     358.8917322724770429     4344
897 8086.6694934745737555     125.69311757813700581    4349
898 8083.3532208441920375     345.78834949209749539    4353
899 8087.1335131849782556     143.00036538838622846    4358
900 8082.1870122199479738     332.86383472362217617    4363
901 8362.9839697405532206     102.6537117269917303     4368
902 8367.1514187396205671     404.63359380202291504    4373
903 8084.0035567545692174       0                      4378
904 8081.9450563938280538       0                      4383
905 8082.8288717146187992       0                      4388
906 8365.3471824164571444      88.501073525332884628   4393
907 8366.5371960907741595     376.3306756884668971     4397
908 8082.4924401733615014     358.00110906883207917    4402
909 8082.7539312078697549       0                      4407
910 8083.9588659387491134     323.2129813385450916     4412
911 8086.6744014683599744     126.57521990779481769    4417
912 8092.1224549970929729     262.17176908356719878    4422
913 8085.0521711013989261     619.34476809781403972    4426
914 8364.3453651443924173      88.493372228214653319   4431
915 8367.5302224723200197     376.31509021624731304    4436
916 8082.8014668024416096       0                      4441
917 8362.5455680398335971       0.000518076330001397   4446
918 8084.8802163107557135       0                      4451
919 8084.0165625339195685       0                      4455
920 8087.4880327634309651     133.66214497464139299    4460
921 8363.3975460221008689       0.90762274531063102945 4465
922 8361.0602466280215594       0                      4470
923 8082.7809291720550391       0                      4475
924 8082.9191081758044675       0                      4480
925 8089.7918544620588364     140.0879862508670044     4484
926 8084.1414089456930014     353.84316495761470378    4489
927 8362.1243714345837361       0                      4494
928 8366.0916783129960095       2.7695764777760030206  4499
929 8081.9429966318448351       0                      4504
930 8364.249118292293133       89.842419646344225725   4509
931 8367.6428107233368792     379.1330833933326403     4513
932 8360.3391650990870403       0.92155421144078619733 4518
933 8364.8003431130491663       0                      4523
934 8363.4039530910631584       2.7332432984577699209  4528
935 8081.9433451492432141       0                      4533
936 8083.9602136565445107     323.19285126120018958    4538
937 8082.5040090381353366     359.76166651751157133    4542
938 8085.065632618696327      620.26168708369800697    4547
939 8085.1941693886001303       0                      4552
940 8092.1371463848099665     261.59384236080580877    4557
941 8365.8801240585326013      77.028725765653334179   4561
942 8370.1632692682360357     350.24589305602938794    4566
943 8093.0008619676309536     293.73554022846002454    4571
944 8367.5202616911919904      71.868899485289958307   4576
945 8370.1353627198150207     388.54123374694739823    4581
946 8363.531260676230886        0.43021701938905249074 4586
947 8364.4765828637318918       0                      4590
948 8081.9275590463748813       0                      4595
949 8082.017206981234267        0                      4600
950 8083.9902031774809075     323.81309877731558799    4605
951 8361.5655155651293171     103.56921218997575806    4610
952 8368.5440616136856988     446.63735804428426945    4614
953 8082.0228816296166769       0                      4619
954 8363.6200764529585285       0                      4624
955 8085.9234034404225895       0.09892628586108746791 4629
956 8364.7292232141226123       2.6460480326190625178  4633
957 8082.4915085665943479     357.40441088859716956    4638
958 8082.4911685311808469     357.42591302990200575    4643
959 8086.6464135569767677     125.56764699567867183    4648
960 8363.3819852752894803      89.801093474507410974   4652
961 8368.4914809596612031     379.04730547689428022    4657
962 8081.9483730331685365       0                      4662
963 8364.1531077965864824       0.00161882290822128595 4667
964 8083.0289252822358321     319.98287310827328156    4672
965 8088.3386459172343166     111.93401827832808237    4677
966 8082.1628485197270493     333.92999809756719287    4681
967 8083.4408397735542167     326.59535355021205305    4686
968 8089.1937644302824992     117.93163965460438192    4691
969 8089.0625992467748802     131.242679257089776      4695
970 8362.0391925483345403       0                      4700
971 8081.9175917182537887       0                      4705
972 8082.0119760957632025       0                      4710
973 8084.0121552564014564       0                      4715
974 8363.2363614898931701      89.572863177160357395   4719
975 8368.0373477013581578     377.86738895067742305    4724
976 8081.99177415324084         0                      4729
977 8081.995671463853796        0                      4734
978 8081.9912796822918608       0                      4739
979 8085.1902865283245774       0                      4743
980 8085.1967691812751582       0                      4748
981 8083.9966952259455866       0                      4753
982 8363.8650182828896504       0                      4758
983 8083.9762586167498739     545.27280897915238711    4762
984 8082.4994063634376289     359.44597617525300848    4767
985 8086.647902027388227      126.78079346880450373    4772
986 8092.1313908938655004     262.68449144364672065    4777
987 8083.3553610336739439     346.95272471427045957    4782
988 8083.980252568438118      552.60855529719447077    4787
989 8081.9206835495597261       0                      4791
990 8364.3685411493825086       1.6859327107869905849  4796
991 8088.3217551453035412     110.32796767586899023    4801
992 8089.1585425034736545     117.43899251072761558    4806
993 8083.0049185468706128     323.52065439348319842    4810
994 8083.0021041273421361     320.78370714416809051    4815
995 8083.9916279143371867       0                      4820
996 8082.0325998532316589       0                      4825
997 8364.6536947246149794       0.07346596054808904319 4830
998 8086.6513684913543329     127.3062261060318292     4834
999 8082.923646454865775        0                      4839
1000 8082.1648761327587636     331.39796647914954519    4844
