1 10465.344451243969161      15138.390140575716941      4
2 10498.41986537068442       10569.294673493332084      8
3 10484.002025477853749      21132.077057450998836      12
4 10681.035919180161727      15937.904310584091945      16
5 10685.392930871146746      15843.515305704911952      20
6 10618.194028656575028      15651.193114090528979      24
7 10452.093120031013314      6446.3021778045758765     28
8 10495.666081674404268      11810.22357369168094       32
9 10453.228398208273575      2622.0011883910374308     36
10 10036.916294870414276      1616.6241923904053692     40
11 9097.8040664236941666     879.14777755320767483    44
12 8575.8703663809719728     4496.0915503487367459     48
13 10446.218450887276049      1488.3249689349850087     53
14 9212.767971269931877      1031.6460082087671708     57
15 9135.3140815890383237     1707.039646706034091      61
16 9194.6359927408175281     919.02049104510922461    65
17 9844.7000980419179541     662.7782580167481683     69
18 9888.7671970109786344     768.18614876753883891    73
19 8701.4157506853625819     1059.8290566849252627     77
20 9100.3045854546235205     1383.6343611271929603     81
21 9075.7953852105383703     651.39204612192679633    85
22 10086.18425407810355       633.09138734104578816    90
23 9237.2005578030803008     217.37851961089879183    95
24 9474.0783197529653989     4555.5972017142166806     99
25 9345.1348297218009975     279.5494168439375926     104
26 9620.7821138344279461      90.738028321739278681   108
27 9965.748069976350962       95.675118196912180224   112
28 9784.5621804126330971      55.660527146225959427   116
29 10157.142927154909557       67.230744475948100103   121
30 9783.1598044742313505      54.651855132216653033   125
31 9328.4143153977893235     287.64417201620892683    129
32 9781.4304502588784089     114.07571558654957755    133
33 9471.0096978501096601     522.29629805708498225    138
34 10219.597873035012526        9.7482154764885020626  142
35 10025.727989312719728       35.306187213169117456   147
36 9428.5987207350171957     228.41088868827176839    151
37 10230.837967501469393        0.00029261137832087904 156
38 11090.700446915041539      552.32148231844939801    160
39 10885.411241218767827      2835.3473680072379466     164
40 10440.256486590689747      1324.9720030090554701     169
41 10650.163696717336279      3341.2694293784006732     173
42 9670.1793753773599747     162.93035687955000412    178
43 9864.403238966853678      469.40579705776889341    182
44 10030.394460785708361       46.818182111809846901   186
45 10620.088918087079946      406.86566393535366615    191
46 9497.5340422917688556     141.00567413597082123    195
47 10445.474264350927115      174.87342944687819113    200
48 9537.0661615270346374     190.21246842373201957    204
49 8475.0810986484520981     1490.7111955239993222     208
50 9187.2799544113477168     298.50924533410199047    213
51 9428.3145991680285078     466.91884710640499634    217
52 9502.5561253828400368     6995.6405959266958234     222
53 10258.745019926562236      297.15942109800499793    226
54 9682.1387868671263277     257.9128985232746345     231
55 11401.541160039614624      26315.118382486831251      235
56 9420.8865042158140568     4402.5242840510381939     239
57 10657.570816456960529       99.896375053207691508   244
58 10269.786071681042813        2.3236036423153310082  249
59 10892.375992359928205      341.46046782502128281    253
60 9532.1207307671229501     172.65863442607877687    258
61 9198.2399642070286063     194.79966322473558193    262
62 10132.931778971416861        3.1738296902849003622  266
63 10225.996944221447848        0.26187100212874120375 271
64 9336.925068577977072      214.37696811936473296    275
65 9753.429787044538898      6495.4576129176693939     279
66 10230.431839755336114        0.0023397998982066983  284
67 10030.405562441621441        9.5147323737312596847  288
68 10285.198730564065045      7481.7052527543619362     293
69 11006.257402070990793      549.77551946402877547    297
70 9972.7545083114564477     289.13331295098021201    302
71 10952.883201943264794      595.06534303963360344    306
72 9702.0270444925863558     104.22584529660224462    311
73 10236.364323471721946       81.564519906406360406   315
74 9853.3624840309985302      21.48559498455589889    320
75 9833.0959021242597373      37.522743041193358238   324
76 10234.909250633258125      132.57990790956617388    328
77 10272.512775360055457        0                      333
78 10400.218625510002312        0                      337
79 10434.576319957452142        0                      342
80 10384.165584670352473        0                      346
81 10349.922556822841216        0                      351
82 10828.411595651899916      393.10700429623614127    355
83 10068.763545468069424        5.7742970107484579145  360
84 10500.864315933307807       20.612844124220060849   364
85 10078.624563260265859       15.023077126848473739   369
86 9842.1713387894888001      22.665764483418218589   373
87 10179.953840482892701      106.02243088859293607    378
88 9772.1622618961009721     119.64996436362267218    382
89 10141.499046311409984      253.96329852703095753    386
90 10232.931549326127424        0                      391
91 10239.219485598743631        0                      395
92 10103.580948465347319        2.3540810296219603082  400
93 10097.850627209887534       13.536279401664785382   405
94 9767.10505713837847       366.23407025893357059    409
95 10314.845247106703027       40.428980618593932661   414
96 10290.500196439763386        2.0038984080686961242  418
97 9945.4648518435351434      22.35687922221913837    423
98 10250.777037851672503        0                      427
99 9783.8158641715890553      61.621710009737654445   431
100 10305.055461063770053        0.46885583297061944608 436
101 10076.623942187890862        3.2552373968831629369  440
102 10334.362552906035489       28.664990131632084314   445
103 10534.238470217631402       37.022439830469096478   449
104 10188.988973783463734      874.24336581375985133    453
105 10227.46512713437005       854.27678854160103583    458
106 10237.445512676611543      330.31458997440552139    462
107 9942.1341125567614654      25.207920096571864832   467
108 10071.520299915257056       53.14639985064729899    472
109 9724.0170083531247656       7.304024899461788678   477
110 10469.061018069340207       22.174034950937130617   481
111 10087.633408694437094        3.0641182372057254035  485
112 10003.241625248216224        2.0389483378319974705  490
113 10223.123894793794534        0                      494
114 10201.951385752967326       70.456954118422018496   499
115 9809.5098652091091935     307.74860453470012089    503
116 10194.889925697403669       13.95971721767364393    508
117 10166.02596317381176        15.783039249067471133   512
118 10441.879620891764716       55.084972230854965858   517
119 10080.092721811617594        3.2548397625709575287  521
120 10214.775985093288909        0                      526
121 10189.847587363336061        0                      530
122 10042.647504189433675        5.0139610183445615377  535
123 10172.608037609725216        1.932956559283373954   539
124 10172.853519119173143        1.8475527529028132889  543
125 10623.998814287830101      142.79756617876131486    548
126 9980.426016245948631        9.9296729641568806102  553
127 10189.045561539796836        0                      557
128 10186.781869429021754        0                      562
129 10181.272418660826588        0                      566
130 10179.416187291448296        5.6686367549493290596  570
131 10171.768634265054061       34.537662017713493867   575
132 9981.0716481044073589      25.37497038307264674    580
133 10214.550566962388984       24.41995791100748292    584
134 10026.350585481108283       37.487336827364536873   589
135 10603.805722242093907      128.31534733407204385    593
136 9977.8369330765781342      12.404709909359537434   597
137 10178.234386400157746       27.948389658477051256   602
138 9981.9154821655174601       8.869314035490159398   606
139 10181.893240182333102        0                      610
140 10180.63397889924272         0.98892058228898394034 615
141 10241.528340819233563      132.99167358725330246    619
142 10383.512451350854462        3.2256341534063155407  624
143 10027.58844239210157       100.64152635787425538    628
144 10188.661354208268676      302.24430723929998521    633
145 10224.005485299789143        2.0254206351784445062  637
146 10299.434110837246408        0.10792976978675751509 641
147 10176.274729940461839       41.376322893579754236   646
148 10176.282952710193058        2.7967633603917310126  650
149 10108.490931206626556        3.2587293942790882539  655
150 10112.75217758967483         7.8755950951327982068  660
151 10106.02279310711674         3.3119822526010436192  664
152 10049.614885468945431        6.6150297902526942195  668
153 10472.545807439253622       64.345790444228725846   673
154 9955.3347617050039844      11.589269373856012635   677
155 10174.35284982135272        99.614445220724249452   681
156 10079.193200638601411        2.3440352147958054552  686
157 10289.452506941082902        0                      690
158 10201.88598099250521        30.254491861293921318   695
159 10078.450908235285169        5.4688065526692701823  699
160 10183.201371896297132        0.81943037673985885672 704
161 10200.953452834073687       24.280442532379083787   708
162 10215.43573316326183        37.641703977045594343   713
163 10289.865438105525755        0                      717
164 10129.617123896210614        2.1429707587937119051  722
165 10264.192524785254136        2.2704335461049383049  726
166 10176.479839728719526        1.859473976396435857   731
167 10217.861784951965092        0.37925811740731801835 735
168 10253.034927582841192       70.759488979417412224   740
169 10244.092652411251038       11.008350926885992038   744
170 10183.526738554583062        0                      749
171 10177.213869170129328        0.39889292900616774018 753
172 10217.40167054495214        98.567666889544398146   758
173 10138.630152682653716        0.31920356159185980793 762
174 10181.152204879812416        0                      766
175 10187.715780718021051      322.50549965266708341    771
176 9967.9404961429791001       6.7179516774730236861  776
177 9973.8135471109708305       6.2993610588792350313  780
178 10320.62616947715469         0                      784
179 10171.899720887371586        0                      789
180 10195.392922175466083        0                      793
181 10354.222356341590057        0                      798
182 9936.1276601622375892       6.4739775565832040627  802
183 9962.9365474564401666       6.1608186364310233429  807
184 10270.243280645965569        0                      811
185 10251.581379627594288      113.96100441757516819    816
186 9884.3241822531181242      18.89186671765141412    820
187 10137.860937116814966        0.19785814765225678835 824
188 10114.86374748083108        11.651049527217688606   829
189 10228.836018915484601        0                      836
190 10177.977579262507788        0                      840
191 9935.7466717614079244      17.590915641033735284   844
192 9972.1848199441083125       4.0772386899968982021  849
193 10105.284995911240912        4.7002463526802165106  853
194 10176.527628158455627        0.01995413289400494936 858
195 10163.21990290822032       103.46044041510235445    862
196 10497.534523467778854        7.7870712871837310942  866
197 10130.042891353712548        2.3608313550028912076  871
198 10115.512526379616247        0.06125369344777152614 875
199 9995.9487517959314573       3.7517889714694705461  880
200 9996.2837745355882362       3.6713760340498713397  885
201 10268.329189832351403        3.3144087894727722876  889
202 10295.171586475489676      130.57373453569584854    894
203 10148.474651945467485       58.806683885157518432   898
204 10119.616692701778447      354.36058844410058555    903
205 10072.043016228746637        1.7120901711737825934  907
206 10081.497783069491561        0.19473395892109682248 912
207 10141.487647477761129        0                      916
208 10052.094443676887749        0.88051289459845649699 921
209 10213.59521223270167         0                      926
210 10201.775852938933895        0                      930
211 10421.967172073167603        0                      934
212 10139.783949268763536       62.49675615663883832    939
213 10106.560007403068084      370.84134674032259227    943
214 10235.780605802450737        0                      948
215 10128.431647809020433        0                      952
216 10124.936664987664699        0                      957
217 10117.103764168219641        0                      961
218 10192.851464105922787        0                      965
219 10029.696452407708421        1.9868172083826789454  970
220 10325.546382352162254        0                      975
221 10325.386242963961195        0                      979
222 10237.456618449894449        0                      984
223 10106.665263541386594      114.53210701333563293    988
224 10323.261659486821372        0                      992
225 10188.513422647158222        0                      997
226 10100.695172854952034        4.7612894134667698154  1001
227 9914.7890254854755767       2.9986760244536756481  1006
228 9914.0205499440471613       3.8696031303943492219  1010
229 9923.8939872375012783       3.5726731894414633928  1014
230 10117.022650997696473        0                      1019
231 10399.39340536130112         0                      1024
232 10426.623210923378792        0                      1029
233 10262.255823443656482        0                      1033
234 10269.766776315322204        1.9200300210589684724  1037
235 10096.654071901644784        8.6578264923086436511  1042
236 9913.2783674038364552      52.312489371927483717   1046
237 10124.505372027910198        0                      1051
238 10192.769648552672152        0                      1055
239 9924.0373525537379464      12.198871763231601051   1059
240 10314.355621211459948        0.96196060250876636033 1064
241 10389.024168821471903       26.405408378465342167   1068
242 10018.700507200283027       17.63597930162153915    1073
243 10117.510983965205014       97.950351982601006284   1077
244 10525.699628031468819      103.80239030511008025    1082
245 10119.091897597678326        0.33697100574689836661 1087
246 10174.300631949099625        0                      1091
247 9884.4547746214448125       0.48757377404190671566 1096
248 9891.5278219930405612       0.78859995357695333862 1100
249 10071.982588538281561       69.140460392177843119   1104
250 9999.8423281106279319     250.1964048940419616     1109
251 10066.500792886467025        0.23916554149630986359 1113
252 10107.018502253455154        0                      1118
253 10077.167862147322012        0.09610545194753233877 1122
254 10160.368002158549643        0                      1127
255 10158.456987692303301        0                      1132
256 10150.911737086493304        0.03807087000837037355 1136
257 10058.79071115644183        73.663034801429432719   1141
258 9976.5516259145351796     258.442259600921318      1145
259 10113.845877325769834        0                      1149
260 10046.013628866605359        0.58300390515054789642 1154
261 10119.089580527526778        0                      1158
262 10143.378560520333849        0                      1163
263 10079.62554366148288         0.06359412555270435585 1167
264 9949.3377749211867922      26.103953879685036554   1171
265 10059.468561697396581        0.62677003533187936046 1176
266 10164.114577123307754      110.86052787016508603    1180
267 10123.952816890494432        0.12247399926416775717 1185
268 10339.728441284218206       98.030164897878194097   1189
269 10134.468018912069965        0                      1194
270 10133.451271960353552        5.7767866909855589697  1199
271 10124.933239496800525        0                      1204
272 10124.14593789882565         0                      1208
273 10033.457383517532435       82.977403362748347604   1213
274 10182.370375034577592        0.68800450947223146247 1218
275 10107.95653903658058         0.54177808470400079521 1222
276 10115.286152060851236        0                      1227
277 10064.033065003826778        0.36177338627360056122 1231
278 10150.745826329575721        0                      1235
279 10117.96742676694339         0                      1240
280 10103.066357752250042        2.1837890971584656974  1244
281 10106.328692337794564        5.8247321863566661193  1249
282 10116.196878125236253      100.47133039227087181    1253
283 10219.699821573929512        0                      1258
284 10242.991245414646983        0.41042064056792976201 1263
285 10104.978885010817976       11.48192589778760464    1268
286 10110.516728466616769        0                      1273
287 10239.443667367844682      127.23472233782895557    1277
288 10113.550080181259545        0                      1281
289 10112.186951063235028        0                      1286
290 10103.776362568813056        0.08402283180496157577 1291
291 10129.379036989710585        0                      1295
292 10084.972998452800311        2.6824961254530128585  1300
293 10102.589120574179105       11.840972756620086415   1304
294 10102.071383609798431        0.00148525770363180324 1309
295 10108.375394091226553        0                      1313
296 10111.61477443820695         0                      1318
297 10112.492975651248344       97.68239015681967885    1322
298 10245.163443700603239      113.02074955220709285    1327
299 10218.07282584407767         0                      1331
300 10108.591001507102192        0                      1336
301 10209.91424787370488         0                      1340
302 10132.730433267228364      115.75581530624130266    1345
303 10116.072827920477721        0                      1349
304 10114.178023733948066        0                      1354
305 10109.374417866698423        0                      1358
306 10111.169093307709772        0                      1363
307 10087.044002401415128        0.03339793533986747803 1368
308 10100.809841498799869        0.00011007547240621805 1372
309 10082.270687545458713        0.07493351071467346802 1377
310 10040.300727861022096        0                      1382
311 9855.2789714203518088     309.93733188640931075    1386
312 9998.3455883432834526       0.18506699360547135269 1391
313 10002.320565818001342        0.14215341352047500267 1396
314 10183.409633940867934        7.6336835757172805117  1400
315 10134.462921373327845       10.397119583328887416   1405
316 9998.9000438835446403     102.6466414084783878     1410
317 10173.515003600496129        0.75257253770936938242 1414
318 10062.345554659084883       33.510751647880667292   1418
319 10044.637586290155014        0                      1423
320 10088.039661098209763        0                      1427
321 10115.236325819761987        0.00096215309768233693 1432
322 10015.68174305188586         0                      1436
323 9945.2061311919733271       0.0385955819806928363  1441
324 10032.806643978499778        0.33571655087205054535 1446
325 10135.679361263350074        0                      1450
326 9955.740239054806807       95.623739926181201554   1455
327 10162.294653235963779        0.92609708957933511986 1459
328 10002.005921024761847        0.37076486798724861416 1463
329 9999.0443727758192836       0                      1468
330 10094.61512249642692         0.01050950869761753392 1472
331 10020.927807825350101      835.62352766454387165    1477
332 10265.348776115579312        0                      1482
333 10279.993514401041466        0                      1486
334 10280.580142304657784        0                      1490
335 9996.1793390192688094     100.52948264303704207    1495
336 10186.534318165195145        0.38912942067078681863 1499
337 10032.961416859317978        0.07179659618841734148 1504
338 9994.6046068892537733       0.13525559210766727181 1508
339 9633.4942561699499493      34.722730976326957375   1513
340 9985.2039436338163796      59.92922494029078706    1517
341 9989.3793275292537146      64.535787978989290536   1521
342 9999.081443787948956        1.1967597525412179138  1526
343 10000.776616929797456       29.122022416737799233   1530
344 10006.956925289307037      164.27622480122016668    1535
345 10082.824586964517948        7.9722212054690775318  1539
346 10133.977599584879499        5.7281106479409249488  1544
347 9989.7701885844035132       8.3431666602168164104  1548
348 9963.0280907032647519     844.66900852415278678    1553
349 10167.706141283681063        0                      1558
350 10186.307523106486769        0                      1562
351 9823.2937889048826037      31.01152961253253082    1567
352 9808.6643649228099093      32.172154596746942445   1571
353 10185.686726944786642        0                      1576
354 10128.451668674928442        0                      1580
355 9987.294341858720145        0                      1584
356 9976.6790582463945611       0                      1589
357 9958.5260538938327954       0.07137418936888442755 1593
358 10290.043620603424642        0                      1598
359 10183.730025295462838        0                      1603
360 10194.051154365382899       28.737942507737525233   1608
361 9987.3552651179761597       0                      1612
362 10176.147129031873192        0                      1616
363 9783.8711459941241628      13.098909878612682078   1621
364 9790.3897757840331906      21.900066528361122664   1625
365 9972.5337114253925392       1.9980432623957866678  1630
366 9984.7797825166671828       0                      1634
367 9975.4623105382161157       3.1163253618094901576  1638
368 10053.867594942084907        0                      1643
369 9976.1356574924502638       2.5219434027995557557  1647
370 9791.1720714500770555      61.300289250648383188   1651
371 10278.144729000827283        0                      1656
372 10174.724177027926999       34.648898544646684172   1660
373 9948.0881917284550582       1.2051616396235629303  1665
374 10046.288662318176648        0.04334799031876191561 1670
375 10222.876100568833863        0                      1674
376 9815.1048697001297114       1.8518308569536574559  1679
377 10088.300555086849272       28.510245319348566539   1683
378 10056.765002762656877        0                      1688
379 9947.5030937388455641       0.25115411100012757784 1692
380 9893.3751120666875067      12.934451653285199413   1697
381 9947.9971865082152362      85.320563090587597799   1701
382 9969.137241640179127        0.91122864042757689695 1706
383 9997.867361142520167        0                      1710
384 9887.928506879707129        7.3667169214292593793  1715
385 10004.211646510875653        0                      1719
386 10083.427326133885799        0                      1723
387 10096.150596982073694        0                      1728
388 10107.486507050229193      101.70484659101828129    1732
389 9988.4284767421668221       0                      1737
390 9923.3733034067972767      43.982360335268595009   1742
391 10060.132119951036657        0.02297633029202684335 1747
392 10055.401077852922754        0.19313447856003157499 1751
393 10084.209565593577281       29.267224215898327344   1755
394 10053.514220623357687        0                      1760
395 9975.7601764194023417       0                      1764
396 9986.3492692774234456       0                      1769
397 9745.6063642904955486      88.337336881443036418   1774
398 9736.7879696157706348      90.354281435133813716   1778
399 10181.275828493586232        0                      1783
400 10081.266514650928002       27.98720186490965034    1787
401 10051.214554745476562        0                      1792
402 9934.9136887356489751       0.00333933160660917182 1796
403 9936.4742575813761505       0.25697835972788751757 1801
404 9931.8640005421857495       0.94142064760983368288 1805
405 9953.7603821059728944       1.122097654897327601   1809
406 9961.4113605368329445       0.00002978978680981147 1814
407 9919.2762753624137986       8.7263369790214913024  1818
408 10001.334817792980175        0                      1823
409 10003.267795778101572        0                      1827
410 9896.5913774156288127      26.368566226051974866   1832
411 10004.526114442825929        0.48494660829859076445 1836
412 9956.0137601387414179       0.00371597138620821795 1841
413 9948.5592039623006713      43.062051497001000655   1845
414 9932.0263671651100594       2.7358992464475040407  1849
415 9846.7806336396024562       2.0519649164991107249  1854
416 9956.656013061545309        0.0007636776631821774  1858
417 9917.2821703429181071       0.44000501899879829182 1863
418 9954.2614348130591679      11.498305288072595332   1868
419 9910.3504645348766644       9.8996132271094730015  1872
420 9964.7510434275700391      94.562227166095709663   1877
421 10041.981763329633395      128.31159432954439126    1881
422 10029.296467659278278        0.12564903341898342459 1886
423 9973.0775512125437672     114.83643672027328364    1890
424 9974.5848135481210193       1.6476022077047995928  1895
425 9922.1490789483814297      86.942101549331184174   1899
426 9958.1027696573855792       0.00066514535233156086 1904
427 9990.2516079394499684       0                      1908
428 9930.7321932867580472       0.0154664137321592933  1912
429 9945.6611357124183996       0.17818777703032678827 1917
430 10007.915780927363812        0                      1921
431 9913.8136917123865715       3.8537974573807387557  1926
432 9933.5439037310243293      22.967480326934442303   1930
433 9984.9252432516750559       0.00991521680317787417 1935
434 9963.2776256887991622      94.524952941767537595   1939
435 10021.447928724095618        0                      1944
436 9937.4343577780455234      31.779079147052119225   1949
437 9936.6223135261861898       1.2879120018114817992  1954
438 9938.5384771095850738       1.2336074714018971932  1958
439 10002.633614577054686        0.07147266154894667267 1963
440 9992.8948318533712154       0.14552218308271236413 1967
441 10043.256351062960675        0                      1972
442 9971.8434768249881017       0.00007844481308056084 1976
443 9984.608856826012925        0                      1981
444 9967.5881247606303077       0.15231992875468677862 1986
445 9960.578710585967201        0                      1990
446 9958.2119916796727921       0                      1995
447 9952.2928062622650032       0                      1999
448 9998.3821923680770851       0                      2004
449 9971.5214881108549889       0                      2009
450 10059.806469417764674        0                      2014
451 10186.192042142687569        0                      2018
452 10060.619148355157449        0.14017214475540418217 2023
453 10004.220362151980225       21.580914269012275497   2027
454 10004.074418342635909       21.284977262883408855   2032
455 10041.947186985569715        0                      2036
456 9855.539405306793924        0.75367610355117442555 2041
457 9921.6435842062346637      10.70578890655155746    2045
458 9935.753878228189933       99.075295065653591564   2050
459 10043.278431908525818        0                      2055
460 9961.0960319183486718       0.01528495495563716652 2059
461 10059.188499626454359        0                      2064
462 9943.7357081184836716       0.4633341622840331242  2068
463 9945.0267842892317276       0                      2073
464 9923.9450299794534658      66.487015839932396943   2077
465 9929.1503809725036263       0                      2083
466 9959.9019711732034921       7.9667666593231345473  2087
467 10053.404506212342312        0                      2092
468 10179.038492840121762        0                      2097
469 9668.6934986062133248       7.8128797414322654902  2102
470 9933.0088503538900113       9.2655058585151817141  2107
471 9937.5413144673111674     734.59125562823396649    2111
472 9831.1571565056692634       8.2834577329446652527  2116
473 9888.1316350158103887       0                      2120
474 9768.1033572663654923       0.7629571517163225014  2125
475 10417.148714492317595        0                      2130
476 10019.89000010566815         0.00804692423957231555 2134
477 9899.4530514388643496     192.45362204567740605    2139
478 9855.1913152975139383       5.4614582319000382071  2144
479 9956.0814717411758465       0                      2148
480 9709.1908262296674366       9.048754700889590552   2153
481 10229.440742498514737        7.7737967425713634384  2157
482 9714.2787855081514863      94.418032902122632777   2162
483 9895.1930648242723692       0                      2166
484 9893.1254115201591048       0.24254677797013540763 2171
485 10071.722522964682867        0                      2176
486 9495.6444576900976244      16.233753552787444363   2180
487 9780.4512958120594703      44.707423093859262053   2185
488 10125.766746200946727       33.558854922303467561   2190
489 9882.0221802569594729       0                      2194
490 9863.7618280153510568       0                      2199
491 10162.681585830159747        0                      2204
492 9261.041886443956173        0                      2209
493 8560.7298436886521813     1705.3498942500402791     2213
494 8950.5891677979179804       0                      2219
495 9052.2865441856611142     353.97922405877949359    2223
496 9184.7143913240797701       0.00805780213471952479 2229
497 10033.214145756004655        1.9930760506123654796  2234
498 9477.2975857761994121      66.161842847542402524   2239
499 9730.9618925877311995       3.2862556430998259849  2243
500 9104.6094070976014336       5.6831133417065773372  2248
501 8676.4975070322125248     1348.249728872003061      2252
502 8888.7609655568521703       0                      2257
503 8734.0645518113415164     366.96011211640563943    2262
504 9138.9082589034369448       0                      2267
505 9604.5215877759655996       4.511442843151604265   2272
506 9604.161910612754582        9.3435662461451229888  2276
507 9022.9771980997866194       0                      2281
508 8970.464350934682443       14.414258138122635344   2285
509 8221.2112989830529841     309.76131492500013564    2290
510 8778.5140277881801012     478.93052826021050805    2294
511 9147.4565280708557111       0                      2299
512 9619.21493875705346        30.733998216697546724   2304
513 9706.8877956009273476     415.45712902392517663    2308
514 9765.370874405525683       21.20678685603403224    2313
515 8966.877908418282459        0                      2317
516 8487.0596870729405055      37.622638986351105927   2322
517 11581.506622843282457      1551.4843820673565915     2326
518 8427.2400433671064093     981.17303641247599444    2331
519 10170.540640859766427        0                      2337
520 8499.600982142961584        8.6993939792729531035  2341
521 8895.3027454359107651     222.44954580650380649    2346
522 9483.1638825191748765      30.338813782857254608   2351
523 9080.968735697782904        1.1354180301002705367  2355
524 8966.1313696712604724      45.762971944023242088   2360
525 8985.1522210036382603     167.04744039050336823    2365
526 8480.2239610201650066     113.64471977124183866    2369
527 9013.3223641534605122       0                      2374
528 9433.0477296607914468       4.2901586569942473659  2378
529 9439.4392735840665409       3.7096713551650299934  2383
530 9437.2432397454649617      31.433285613224217769   2388
531 10134.396306503083906      445.35333914060703364    2392
532 10186.5509330520199         30.252773415841232918   2397
533 9205.576893641748029        0                      2402
534 9985.8933788637295947       0                      2407
535 8680.6488557305856375       2.8094208975612380286  2412
536 8625.7878857933574182     138.72056808924077131    2416
537 8833.0104424159017071     320.71592994977413582    2421
538 9321.6342288514824759      61.097333852763718198   2426
539 8791.7824681232159492      60.527755515928760133   2430
540 9004.4887791027977073       0.04690885318346554866 2435
541 9014.5484990862460108       0                      2439
542 8659.8369665469053871      21.996089845662307738   2444
543 8687.4756554566338309     265.96855912275083256    2448
544 9138.1213726277164824       1.1982463602624777721  2453
545 9297.8740672553267359       0.05031323738974110421 2458
546 8890.1065318902474246     366.50345524517558715    2462
547 10477.676404110166914      113.97467688584063694    2467
548 9584.8107253747148206      72.356714862508397346   2471
549 9314.9097108313526405       0                      2476
550 10107.917198091294267        0                      2481
551 9863.6259679828817752       5.3240232615217237822  2486
552 8683.0433673694969912      87.335514239807920944   2490
553 8881.7199122518850345     315.61514832628324712    2495
554 9395.3168586516076175      28.735050272467542953   2499
555 8739.6527464386726933       2.1665439437202596018  2504
556 9078.4101533820412442       0                      2508
557 8815.165168046252802        0.34478910119027572634 2513
558 8893.6181145874743379       0                      2517
559 9004.6487167426639644       0                      2522
560 8900.114719967757992       10.562044423858631959   2526
561 8903.2976597169381421     126.0756925923376599     2531
562 8909.3209208800162742       0                      2535
563 10100.229455617478379       20.628668304115809207   2540
564 9886.2837692217726726      32.297846131749743392   2545
565 8973.302578431837901      624.44758651641825509    2549
566 9993.0941744725569151       0                      2555
567 9991.128078959267441        0                      2559
568 8972.0136818113951449       0                      2564
569 9027.932476638479784        0                      2568
570 9294.9210523735582683      51.411484760232667668   2573
571 8924.4748754705924512       3.2469188309378744783  2578
572 8909.6027582798924414       0                      2582
573 8833.3959898458106181       1.7882979587644167729  2587
574 8848.7913667536486173      70.761583372229267752   2591
575 8873.4694647255364544       0                      2596
576 8838.0023142059017118       0                      2601
577 9206.2826891858894669     3303.0679744293875046     2605
578 9843.4009119528327574       0                      2611
579 8442.065017616852856       26.781736026302521481   2615
580 8447.2842481883617438      63.864136275534967524   2620
581 8656.773108047178539      190.05590839548349891    2625
582 9329.855691465718337       95.738628428317738894   2629
583 8526.1073128137286403      40.892536550283850261   2634
584 8642.1609857075418404       0                      2638
585 8412.8494905918232689      63.688978338062611328   2643
586 8723.1834695545894647       0                      2648
587 10328.91140129662017         0                      2653
588 8611.0128311942589789       1.1043729353642475211  2658
589 8505.5648914524572319     138.45050270439043061    2662
590 9432.8870502523877803      40.348874581501043224   2667
591 8396.0730052867111226      89.515439002765916143   2672
592 8595.1951163004923728       0                      2676
593 8883.2601912467762304     427.78599189461959895    2681
594 8415.783405871665309       57.272267878078203296   2686
595 8709.747311116901983        0                      2691
596 8480.8037335322023864      22.710536292724050611   2695
597 8431.8976884909243381       4.8121281450082848963  2700
598 9104.6530238652267144     126.2473058588138457     2705
599 8416.7312805068268062      32.989536228388402606   2709
600 8499.9298013751904364       4.5713103652306958935  2714
601 8687.8692479584988178     1006.8449044040304443     2719
602 8745.3797458730841754       0                      2723
603 9802.8823409211454418      11.979724498468133476   2728
604 8591.052784224266361        1.2907048749071279303  2732
605 8527.6788703401016392      35.317004808337969735   2737
606 8714.5423668077382899     442.82170306274747418    2741
607 8762.7483643451978423     752.43558594198839273    2746
608 10713.259546064040478       16.387384096161344615   2751
609 9374.8536829680160736     7055.1012148688414527     2755
610 10162.834883182918929        4.733511004824053181   2761
611 8397.1141504573533894      19.501545495973331867   2765
612 8396.3117616672006989      24.018186718376416167   2770
613 8416.1017498724813777       7.4611949898542375692  2775
614 8792.8584815376962069       0                      2779
615 8271.7985495430839364     157.96771348521417622    2784
616 8939.3814643418118067       0.17601140355670241711 2788
617 8431.7630003113481507      86.883833454028859933   2793
618 8954.8038214023326873       0                      2798
619 8693.2741790620184474     147.85665226774125358    2802
620 8428.4536591198339011     370.69035134631411665    2807
621 8624.853743145653425      643.93294742960927124    2811
622 9744.3429025275636377       1.4404688973004908803  2816
623 10064.271308075003617      247.06895056033098967    2821
624 8972.2556073952273437     3725.8093727976706759     2826
625 9942.3396954530617222       8.682863047422102909   2843
626 10159.944196342716168        0.22527998949649546967 2860
627 10161.995362098659825        0.22044528526810708291 2870
628 8431.0850718221790885     687.43626361983262996    2878
629 8459.9948615690391307      36.419225995109655969   2883
630 9152.0911049238275154     109.27532957134596359    2887
631 8385.1382633567191078       3.1282671077039521101  2892
632 8438.102361179968284      1524.897748541805413      2897
633 8470.0754366141954961     1660.8147435915454935     2901
634 8538.21328212372282         0.36775931255475458048 2906
635 8590.1812594962993899       0.69317994339522481795 2910
636 8592.1824010463878949       0.35977752814212460297 2914
637 8593.4208530563446402       0                      2919
638 8588.970886045928637        0.93435251609441460907 2923
639 9575.3292016794330266       0.04067494097230466704 2929
640 8533.4892065047206415     429.28057750685098881    2933
641 8561.036372379574459       76.146600051561335931   2938
642 9140.9202093624135159     113.11872877905862822    2942
643 8650.30435744893839         0                      2947
644 8709.6838364353516226       0                      2951
645 8583.5715014173511008     103.01840423126333235    2956
646 8420.105727140311501      432.37262444621103441    2960
647 8586.282537935894652        0.01376168506422506023 2965
648 8590.5147530005033332       0                      2969
649 8583.5338564519661304       0                      2974
650 8346.4547754552640981       2.0279703934959911749  2979
651 8680.1880650780221913       0                      2984
652 9570.488629567598764        0                      2989
653 8540.110716430370303      165.10257507463009574    2993
654 9091.83285548553431       210.86384054984443992    2998
655 8569.5539956025368156       0                      3002
656 8566.8636726622225979      71.363272487217514595   3007
657 8605.2305098388242186       0.55863147999821083367 3013
658 9141.9633292215658003       0                      3017
659 8571.8068743361127417     179.50396652963507904    3022
660 8948.7608387220352597     294.03658292523277851    3027
661 8691.3367568456487788       0                      3031
662 8395.141868901460839       17.408798197718564182   3036
663 8416.2019856573388097      75.317697224334310135   3040
664 8374.3855037936082226     131.24002254293642977    3045
665 8564.2744002583567635       2.4090755301686539447  3050
666 8568.3233957284883218      90.539563648988035993   3054
667 8796.8904902093127021     227.5230435471908379     3059
668 8395.619064100257674      1183.0907142081805432     3063
669 9759.5725707540532312      34.937676152637656912   3067
670 9784.1224781169839844      81.939572538788311817   3072
671 8402.7510033661747002     2286.2346929736449965     3077
672 9405.21217213901582         0                      3082
673 8646.7000695250681019     636.71283775708855046    3087
674 8769.341371889158836      575.13727115814492663    3091
675 8576.7969993419192178     179.40460131555204271    3096
676 8979.3505586255487287     241.17559349439991934    3101
677 8376.5082783185825974      27.327363297038623102   3105
678 8405.4880780037819932      55.08991621980516129    3110
679 8477.8318852040938509       3.5265806473742147276  3114
680 8559.8429791127218778       0.55397731895955804049 3119
681 8572.5445668421034497       0                      3123
682 8824.3177861443546135       0.29581779876084079994 3128
683 8572.2930677882777672     1241.3680534193281346     3132
684 8583.7764792681518884      99.348188920350438025   3137
685 9957.2962155097757204       1.9557126223360550288  3141
686 9964.4957284783704381     117.00740359667737778    3146
687 8566.0168978959409287     111.70730048692011849    3151
688 9935.3682419815340836       0                      3156
689 9948.4013149871934729       0                      3160
690 8370.0444763912310009       6.7823435665575271258  3165
691 9020.0774849526096659     699.2240249676175381     3170
692 8455.9160765129217907      20.173798602138965919   3174
693 8597.7539404595627275       0                      3179
694 8631.3044542581210408       0                      3183
695 8607.8126235467370861       0                      3188
696 8624.4200858032963879       0                      3192
697 8534.4042798600858077       2.1606084595847665497  3197
698 8539.150858044728011        2.0475847637093251841  3202
699 8565.7856347989873029      92.076647345932883582   3206
700 8571.2277150339814398     105.63883144361857092    3211
701 9942.302597546713514       86.622273535253668797   3215
702 9958.3684617756880471      25.084062640311238113   3220
703 8464.4664194943234179     1131.8374204383185315     3224
704 9934.1301154073953512       0                      3229
705 9986.5869029379919084       0                      3234
706 8584.3549833403558296       0                      3238
707 8586.6474629408585315       0.09782940057998519567 3243
708 8880.2033961644501687     1638.0680558545548138     3247
709 8468.0092584223821177      14.146902538083422129   3252
710 8544.7926272889380925       0.00080781276058373855 3256
711 8549.6003463461729552       0                      3261
712 8493.2075090439066116       0.80543693285831241546 3265
713 10061.697927870231069        0.00151445931731208645 3270
714 8484.6231880138002452     159.12158681709414054    3274
715 8483.709598395973444      159.98279947636675047    3279
716 8976.152192987376111      1401.3590287813644863     3283
717 8442.0034807237389032      19.809641055084370009   3288
718 8552.3008465583898214       0.09910724705034813786 3292
719 8569.035694341893759        0                      3297
720 8597.1169876542408019       0                      3301
721 8499.3599614730410394       0.68525495881216880178 3306
722 8529.9627534915416618       0.01929635486128660968 3310
723 8524.0720742168923607      74.291782305164744571   3315
724 8549.8909061345530063     1316.2835441922650261     3319
725 8555.8285992642286146       0                      3324
726 10013.716228627605233        0                      3329
727 9907.4210224474354618      25.856959927685696954   3333
728 8525.9140463678741071     127.75987777099365417    3338
729 8489.7511267815862084       4.0078790805632067418  3343
730 9949.1513220276628999      12.019523626066543898   3347
731 9950.0996190203459264      11.93250328148649686    3352
732 8529.3068704762245034     2271.0571361584088663     3356
733 8636.8227363366167992     1748.1458879194576639     3361
734 8547.700469792012882        0.04361735848676816241 3365
735 8529.2956236870413704       9.3219532268771079231  3370
736 8556.4216384437568195       0                      3374
737 8564.1948713095680432       0                      3379
738 8581.824121958372416        0                      3383
739 8552.1971222044849128      91.2583094911242938     3388
740 8550.9865473643640144      97.775399784006623349   3392
741 8554.4960224069582182       0.3667710736659925419  3397
742 8561.5464916499531682       0                      3401
743 9947.0539941120259755       0.00183166416310553211 3406
744 9974.8114144902501721      94.86810425144885528    3410
745 8515.7769117271345749     1470.6724894476594727     3415
746 9934.1842336937479558       0.00907768251148975518 3420
747 9946.4352323416296713       0                      3424
748 8517.8570818519929162       0                      3429
749 8445.6357148428414803     199.60330965112865442    3433
750 8526.5551132822401996       0.33072830369333428013 3438
751 8495.0307485202974931       1.5891399129772016963  3443
752 9889.193865966728481       31.29137784256269228    3447
753 9891.0910816410159896      31.193523020254431799   3452
754 8597.7333718877362116     1933.4758373107652005     3456
755 8538.5231882027346728       0.50484650652965945561 3461
756 8524.5977477122378332       0                      3465
757 8530.6620305158066913       0                      3470
758 8500.3019141228742228       0                      3474
759 8452.0722238786729577       2.0440384220607699106  3479
760 8446.8337423409757321       4.8327755700542986972  3484
761 9990.718450880736782        2.7809577677927896922  3488
762 8558.9531469166995521     1519.7267506354860416     3493
763 8530.434462974582857        0.35638852728376113621 3497
764 8482.7271796698896651      12.058051652082260929   3502
765 8546.5960655048893386       0                      3506
766 8488.168460664443046        6.5833189806609198058  3511
767 8517.2024678831876372       0.02162328654081263277 3515
768 8499.2612726269089762       1.5823839295558259632  3520
769 8502.8665828537632478     206.71377275268235962    3525
770 8494.195405933100119      1228.4858950968769022     3529
771 8500.0666615427599027      36.613484936252213231   3534
772 9945.6230074807936035     225.34637456721520721    3538
773 9967.9907184547828365     103.33602074538788429    3542
774 8447.1644957676271588      10.266804434033900861   3547
775 9996.7872608647940069       0                      3552
776 9998.7438778636660572       0                      3557
777 8472.7315879367597518      88.313306629799782854   3562
778 8557.8070831813292898     1587.2849105574862278     3566
779 8528.5108062291255919       0.4269564313195978178  3571
780 8507.0996958339437697       0                      3575
781 8518.8934754413494375       0                      3580
782 8505.596083647762498        0                      3584
783 8501.2478208357879339      93.643849506200638189   3589
784 8502.3805924116077222       0                      3593
785 8504.1749630720987625      19.757256991785038025   3598
786 8504.3522735167298379       4.9108672120301539721  3602
787 8503.9489325663089403     134.91292946625259219    3606
788 9938.7489132097562106       0.94595251008465064402 3611
789 9981.0235747148708469     113.18577683611901818    3616
790 8468.4458492569901864     629.72211905756034866    3620
791 9978.2872114952479023      21.604869858802395299   3625
792 8519.7040706949737796     127.2115538832852053     3630
793 8522.145656466107539      119.95205098120776199    3634
794 8482.7126899659579067     1256.695045286114464      3639
795 8545.316709733893731        0                      3643
796 8498.6515505099996517       0                      3648
797 8493.8445624356572807       0.01312494379664353762 3652
798 8496.2210365141290822       0.00110891582599058325 3657
799 9960.6233212203969742       0.01765792330350803019 3662
800 9960.640991868396668        0.01724050240261220876 3666
801 8473.0229252552053367     1311.1081874074832285     3671
802 8541.4958760126937705       0                      3675
803 8502.822489125199354        0                      3680
804 8489.5835365027414809       0.02189865623274593609 3684
805 8498.6442927384905488       0.05447091475840507013 3688
806 8499.9617458689153864      75.066074179462447091   3693
807 8502.5280748649329325      20.584471159193419965   3698
808 8507.5626466659741709     1162.2507826544683667     3702
809 8502.9961354595106968     1087.6750585087033869     3707
810 8504.0184693872797652     1079.3295963531627422     3711
811 9975.8085599297774024      11.753880740406190242   3716
812 9946.1280872918832756      72.955338475880012084   3720
813 8493.7616511614360206      94.083400671631991941   3725
814 9945.2438724088096933      19.128410506237500499   3730
815 8484.956444394771097        1.465381679771554202   3735
816 8483.0904530900170357       1.5853330482933880585  3739
817 8534.7701152905356139     1099.6896804032096497     3744
818 8506.7635814190180099       0.4929299350026699611  3748
819 8497.0252035335633991       0.00003848175163277685 3753
820 8497.8058297308052715       0                      3757
821 8495.2776979009777278       0.0036410688854821207  3762
822 9945.6984272255467658       7.9353559955907826406  3767
823 8532.1338608176120033     1107.4805398880409939     3771
824 8494.0254721132005216       0.00354725223709917523 3775
825 8495.2715846594292088       0.00279898798230211526 3780
826 8495.2090793665793171       0.00279616142718046908 3784
827 8496.4737205999299476       0.4476396156217173905  3789
828 8492.8031842257350945       0.53385851193184385988 3793
829 8497.8697670523142733       0                      3798
830 8497.9692214544102171      91.395417113805564213   3802
831 8500.1838054315303452       4.9150197171101392968  3807
832 9955.5682369144378754      21.716929096715020364   3811
833 9968.6006011034733092       0.29669889249675063247 3816
834 8498.4816148884274298       1.4019754872994765194  3821
835 8492.6171011377355171       0                      3826
836 8478.4137103129141906      10.196319415994176794   3830
837 8483.2509999131398217       0.54885593507021102067 3835
838 9948.6345117063356156       0.57495223256664107492 3840
839 9949.2317512250338041       0.52908987566443466122 3844
840 8484.7644337907040608       2.4889181938306337294  3849
841 8524.6006291144476563     1123.0460111149163822     3853
842 8504.1515956948333042       0.6022136373002994203  3858
843 8490.9479353389888274       0                      3862
844 8485.9766300706414768       0.00323448133159254421 3867
845 9931.3836695154823246       0.00840944517231168032 3872
846 8475.8980147595648305       3.3950245723990373214  3876
847 8501.5847441415317007     1422.7469359874346537     3881
848 8516.1808934000328009       0.41526406195368348317 3885
849 8486.4564499989101023       0                      3890
850 8473.1907251194170385       0.08099812418644827816 3894
851 8472.9498990810825489       0.07789244046278867573 3899
852 8476.4783750040624          0.03395331099791663865 3904
853 9949.9554659206387441       6.35548345581990759    3908
854 8495.7557118796939903     1367.2821902231407876     3913
855 8514.3640690209795139       0.47792454834833636435 3917
856 8483.3677917379973223       1.6509497943493343097  3922
857 8483.8445878784550587       0.40406111580793413474 3926
858 8485.6802624007468694      90.718294980914507164   3931
859 8485.9676709880295675       0.06767157995952435834 3935
860 8490.6137744374973408       0                      3940
861 8495.4741550522885518       0                      3944
862 8489.3334592355349741       0                      3949
863 8489.4824506049535557      34.986700415640918038   3953
864 9963.6001261018536752       1.9533255987813240573  3958
865 9958.1794168250526127     108.87921277957872235    3962
866 8484.2851092350338149       2.9938927448385648233  3967
867 8481.0620890533282363       1.1467699503845827369  3972
868 9961.926309295125975       18.396074763624774562   3976
869 8495.8910961253004643     1356.5473548962538644     3981
870 8496.8363128842211154       0.90262859081382740278 3985
871 8485.6658083915208408       0.0003779077504069598  3990
872 8485.0664878220159153      73.00287984167945865    3994
873 8485.0376534578099381     109.3130687230922149     3999
874 8491.7817646338116901       0                      4003
875 8487.4949608511342376       0                      4008
876 8485.128187982192685        0.44337834299450223918 4012
877 8485.542426141386386       91.00733016928353436    4017
878 8487.5855068040291371       0                      4021
879 9948.3816062532641809       0                      4026
880 9974.5984060833870899       0.01637658827732726627 4030
881 8489.0743708657792013     1256.1270718708281038     4035
882 9948.6175938548494742       7.2261220162358341668  4040
883 8485.6568043025818042     783.83116448964597112    4044
884 8502.8895998552761739     1341.1870788650965096     4049
885 8487.3522459570158389       0.85519623157238311428 4053
886 8484.5227044665443827       0.97092934830127397561 4058
887 8485.4733684810162231       0.09009395478114526346 4062
888 8487.253097066655755        0                      4067
889 8487.2848994189298537       0                      4071
890 8488.2488739341206383       0                      4076
891 8486.1660961579545983       0.4151038049760916171  4080
892 8486.6448124532143993       2.7102270632575313769  4085
893 8492.5643579731986392     1248.4794826545748947     4089
894 9957.6190085859798273       1.8550484631753334508  4094
895 9965.4937325055088877       3.6016405242281521737  4098
896 9957.7405904036622815       0                      4104
897 8481.7955044783284393       2.0310320816905438335  4108
898 8497.6201123384616949     1304.8085487037626535     4113
899 8487.3985782465279044       0.83766168162294496469 4118
900 8485.6295089952182025       0.00037745071263663101 4122
901 8483.6301580183389888       1.0097559067229380236  4127
902 8486.4558788982067199       0.89170073275084604791 4131
903 8485.7058137592102867       0.92506155307130155663 4136
904 8486.9244552376167121       1.0140653110387338742  4140
905 8487.6778542119282065       1.0387875700481730146  4145
906 8489.753224195635994        0.97476576790993829658 4149
907 9959.6172363879868499       0.51983025388395209809 4154
908 9962.0041897311421053     108.46974183093610122    4158
909 8485.075873115702052        8.4534434184885043351  4163
910 8483.7986267782416689       1.0401467943017104201  4168
911 8485.4868347727788205       0.00046043898260271461 4172
912 9964.6349910190692754       1.9016870240468248809  4177
913 8482.7492462672616966       1.7354822290809948093  4181
914 8485.4192860274652048       0.0001950319824494037  4186
915 8486.8623533798381686       0.44221307567842088604 4190
916 8487.1235897893893707       3.3870765149209063338  4195
917 8487.0118023586546769       4.3574621955045813593  4200
918 9964.6440568894049647      47.325766162303580131   4204
919 9959.1512676946804277      64.168481241913838176   4208
920 8484.7501777196903276       0.11200692783366540672 4213
921 9961.0836409516705316       2.1300029601405356949  4218
922 8496.0026193255598628     1357.5961036119122127     4222
923 8486.4558788982012629       0.89170073275120187439 4227
924 8483.5427543496498402       0.11643911768102666038 4231
925 8484.3485362340506981       0.16018117972136725058 4236
926 8485.5609010536045389       0.92895331494406552242 4241
927 8485.4093619927025429      73.222759094047930262   4245
928 9960.4047312577513367      10.836601265436790698   4250
929 9961.4549402475749957      76.251416932722989372   4254
930 8487.253097066659393        0                      4259
931 9957.996028381803626        0.09587042912046435383 4264
932 8495.758086222647762      1356.2910677237714481     4268
933 8484.8839672113972483      90.19984352332699018    4273
934 8485.5855706652837398      90.862733383419566735   4277
935 8487.3809407044172985      91.614829562500503357   4282
936 8487.8189644141002645       1.0095004915070535656  4286
937 8490.8914871941560705     1253.552858875941638      4291
938 8493.353699315306585      1245.3107630765321119     4295
939 8492.6719535155498306     1249.753950278823595      4300
940 9965.4007481584485504       0                      4304
941 9955.973017447948223       93.018624467789422283   4309
942 8487.1885295073861926       0.82768036451433091294 4314
943 8483.6345088841626421       0.00281029653958982974 4319
944 9961.8722793358010676       0.06758962212777032408 4323
945 8484.8399116205710015       0.00215875763165535375 4328
946 8485.5623239110500435       0.00014244113780841961 4332
947 8487.0357794106657821      78.951100801934643414   4337
948 8485.7107041987346747      90.71831190586242144    4341
949 9957.2718694563027384      18.561946167591109713   4346
950 9967.2950521906768699      18.959061610286223498   4350
951 9957.612885871069011        0.00260851523951203656 4355
952 8482.7074100572754105       1.0492772235885261534  4360
953 8483.5984864747260872       1.0097075838639248957  4364
954 8483.8155105494188319      89.787749104351661344   4369
955 8486.7211846176578547      91.132742470692150505   4373
956 8487.3519667598920933       0                      4378
957 8485.4673753162751382      90.823711904323147337   4382
958 8491.5313254563625378     1250.3969624370452038     4387
959 8492.7718651762697846     1248.5042697147268882     4391
960 8494.4271154297475732     1244.6271442914990075     4396
961 9960.6713946564505022       0                      4401
962 9960.8082356113372953      88.211523375365260335   4405
963 8485.5623239110445866       0.00014244113780617236 4410
964 9957.6128858710671921       0.00260851523950242055 4415
965 8481.5677633326158684       2.5991278952252243606  4419
966 8484.7726785923587158       0.0015186192977312558  4424
967 8484.337184513489774        0.48010937220625093946 4429
968 8485.0634933646197169       0.89170378009180706336 4433
969 8488.1496099203468475       0                      4438
970 8489.6575160308148043      48.930444384316608364   4442
971 8490.2781846254401898      34.565255380221373116   4447
972 9959.3825102031951246       0.00128703319884743779 4451
973 9963.4414678926277702       0                      4456
974 8487.1345119506549963       2.5117967314365530207  4460
975 9959.966883161374426        0.0000248581171333812  4465
976 9955.6654939609761641       0.00001278354041254029 4470
977 9943.049715370980266        0                      4474
978 8483.0892309534956439       1.6282698686438676905  4479
979 9951.2432948888272222      18.921514196337490432   4484
980 8482.7844554946750577       1.7551886106356429096  4489
981 8483.3865265668973734       0.01010892030863216016 4493
982 8484.5934364033109887       0.00167998722335947325 4498
983 8484.3049034240029869       0.48012171109588958062 4502
984 8482.6838529566339275       0                      4507
985 8472.6198463297623675      35.817661790483576567   4511
986 9959.5475349119551538       0.00068981394008678983 4517
987 9960.131924615438038        0                      4521
988 8484.8011605166411755       0                      4525
989 8494.2758187122744857     1414.0193907288421542     4530
990 8484.7329614421214501       0.98174495097386516029 4534
991 8470.385400173607195       85.612242025268443513   4539
992 8479.3153065737460565      92.046406610264881465   4543
993 8481.394084923536866        0.27176053942622568904 4547
994 8481.6918433898117655       0                      4552
995 8478.7553338385732786       0                      4556
996 8470.3015417483838974       0.03436766643301280427 4561
997 8456.9845469730498735       2.396950566979194619   4565
998 8458.7692488419997972       2.2499455336710538766  4570
999 9931.8909619181249582      47.318276757446440683   4574
1000 8490.6623254554906453     1424.7312942357948486     4579
