1 8432.0861817203403916     295.91280175956723042    42
2 8619.5201403798655519     1219.5355413054899145     47
3 8494.3037934171843517     249.82099753819900911    51
4 8520.9569298622463975     348.83145474972980082    55
5 8503.3831072889443021     337.93615751711320172    59
6 8427.8088256553273823     1366.2577650018693021     63
7 8648.148263477078217      6816.6527016468426154     68
8 8430.6434720486431615     230.51708032146248684    72
9 8437.2092658161527652     1255.292401003777286      76
10 8299.8090116531984677     2092.6685554414498256     80
11 8421.5855729357372184      83.295840830128511811   84
12 8464.3568970568157965     13386.952257579328943      88
13 8427.3759279627302021     271.38345488853525467    92
14 8430.8109977777457971     2902.9117777994265452     96
15 8922.4748462469706283     9268.6636663087992929     100
16 8928.2165685295694857     12869.572955515663125      104
17 8447.1602367305058578     3569.9338423287854312     108
18 8312.1710438036279811       0                      112
19 8247.7318626548931206     3292.572669295022024      116
20 8417.5810337602815707     3867.8843969181348257     120
21 8416.6433677434451965     3830.6316339366330794     124
22 8304.7198690094246558       1.5066033501553168783  128
23 8246.652563641557208      428.14576138254517446    133
24 8350.7356450770967058      93.736299564334856882   137
25 8704.0528046368563082     736.22679625940702408    141
26 8260.6963659243410802      53.923979148997844391   145
27 8361.5042865802552114      49.151259312136218682   149
28 8711.5333657017836231     3881.5194757256404046     153
29 8607.1289291965622397     5629.2280263052161899     157
30 8199.3546984091590275     169.90868152465202456    161
31 8167.1237162278466712     640.03936685739222412    165
32 8433.3383732803413295      60.001688276633096564   169
33 8185.3040994876973855     490.22098658680312155    173
34 8432.0755400184152677      32.911991100281632328   178
35 8506.0245205415649252      79.926916405544119471   182
36 8235.7565230820546276     142.47317972720321677    186
37 8529.4278675116620434      52.598757389440514487   190
38 8952.6518087743224896     3573.4587016193927411     194
39 9199.7216523105926171     407.53069670273623615    198
40 8303.8462838229715999       0.06675618792280715863 202
41 8149.2419076074302211     1308.0393568561828488     206
42 8149.4288983213691608     821.03647434968888774    210
43 8149.2606900761456927     814.66092612995714717    214
44 8244.7228651880577672     337.30959619275591876    218
45 8427.0716409843898873      62.065656662030704638   222
46 8200.1095060450006713       0                      227
47 8198.9116110950799339       0                      231
48 8219.4408825127648015     208.67897285769089422    235
49 8325.2941991580391914      88.666270625597860544   239
50 8536.275103021043833      1787.7922844543556948     243
51 8135.1469991439071237     4133.830484887737839      247
52 8107.2869276000874379     711.27515692605197728    251
53 8130.933033620374772      1894.1978737443682803     255
54 8104.8388013596177188     716.74355507138966459    259
55 8255.7680957158318051     408.14305128638437736    264
56 8270.4640591208972182     134.39777013325110033    268
57 8208.572860950453105       72.157098105295233381   272
58 8242.8224643161283893     6641.2024684604530194     276
59 8821.0050971377313545     789.06078230620937575    280
60 8217.3661341119932331     225.65968371590051333    284
61 8482.1112259374949645     2982.8615832362743276     288
62 8540.1648971153699677       3.5125540218246862345  292
63 8189.472453379927174      4212.0139640970555774     296
64 8241.2623986178168707     7300.7103220120516198     300
65 8571.32624997145831       9388.5386134691234474     305
66 8870.7145104072442336     13306.562888319720514      309
67 8325.1349156325431977     4784.8791093770169027     313
68 8123.3303120486471016      83.829066697938870334   318
69 8114.5948899892537156       1.6208148901005041687  322
70 8112.0274704565372303     2683.2526446416713952     326
71 8219.1447515636264143     211.26248816841595612    330
72 8271.4678468098936719     119.19562857816224266    334
73 8186.9961473554612894     116.59900041927812708    338
74 8200.5108577764494839       0                      342
75 8216.4806979909008078     194.2452187295981787     346
76 8239.5025503395609121     587.65096812639251311    350
77 8226.1999300510797184     5243.3462063450406276     355
78 8298.3670083484357747       0                      359
79 8801.5650495819445496       0                      363
80 8198.2188715145275637     744.60426265332307594    367
81 8201.4204378984832147     171.90725502298019478    371
82 8310.674085715894762      43114.960821215288888      376
83 8176.4814520250502028     13679.163498868299939      380
84 8159.7773517589675976     214.55209981931085395    385
85 8196.0321545937313203     1657.1216036854366394     389
86 8193.8175988177663385     1373.2263102182976127     393
87 8782.0340489575428364     163.69749413017393636    397
88 8129.5578934803215816       0                      402
89 8187.4463914626585392       0                      406
90 8185.5840246430689149       0                      410
91 8433.4079321351582621      16.571170457660780784   414
92 8275.3128848029991786     158.66410856222694292    418
93 8475.933108022874876      2415.211555934691205      423
94 8097.2724572100896694       0                      427
95 8098.8974939372519657       0                      431
96 8086.104746955435985        0                      436
97 8129.2874526214491198       0                      440
98 8084.6038862601926667       0                      445
99 8179.1310965752763877       0                      449
100 8082.5837977232667981       0                      454
101 8435.9595338139533851       0.70662490513420972427 458
102 8084.7106269215728389       0                      462
103 8085.0025612843746785       0                      466
104 8090.7382789337607392       0                      470
105 8419.7292480173346121       8.2224020114885867372  475
106 8279.8480386647806881      81.368989705310710292   479
107 8157.9079112074114164       0                      483
108 8226.9912304107183445       0                      487
109 8139.4468674859035673       0                      491
110 8149.9434227821429886       1.0369168259659164999  496
111 8440.6179428797004221     374.82600735687748283    500
112 8862.6725708054436836       0                      504
113 8724.1671103179960483       0.04545882666405035716 508
114 9576.5572871211134043     544.68781172892136055    512
115 8271.9597712738304836     870.05215786434769143    517
116 10195.325112474321941      3886.9634552679226545     521
117 8337.3544007322398102       0                      525
118 10997.838032264857247      452.08297985217433279    529
119 8096.9510227007240246       0                      533
120 8087.2122416245638306       0.00977285786203340064 538
121 8633.9572684444483457       2.7801327555516186507  542
122 8082.5254910328803817       0                      546
123 8165.2566863703077615       0                      550
124 8395.6051669606240466     3091.7036613673908505     555
125 8108.6560502422325953       5.5240885071173817522  559
126 8223.3101766545805731     532.61851993759694324    563
127 8401.6441952260447579      11.564278497053612327   568
128 8296.1908821315137175      89.48575748920075057    572
129 8105.2539158139952633       0                      576
130 8198.7760731307225797       0                      580
131 8351.5769209203062928       0                      585
132 8372.8312024465740251     586.73606560815539979    589
133 8514.3056560315599199     1834.9867084882948802     593
134 8132.215439689404775      668.86264804172060394    597
135 8396.5945716960450227     1420.4543277840173232     601
136 8175.1453684030075237     2093.5965028188074939     606
137 8554.5476668458377389     5321.3122266677437437     610
138 8557.8447567936946143     159.56104625632136162    614
139 8373.1291727577172423     1245.1315273800069008     618
140 8086.5474951754931681       0                      623
141 8086.8519595098323407       0                      627
142 8101.063520076734676        0                      631
143 8137.9980475960774129     535.69340914843553492    635
144 8361.8780233064389904      21.219515302321774186   639
145 8134.3568271607200586       0                      643
146 8438.6446116771439847       0.63965763056780522433 648
147 8147.2525459426960879      20.727948963655784098   652
148 8208.9877001344157179       0                      656
149 8331.6278643022906181     406.08225669572101424    660
150 8579.3849829593491449     250.78484013096516492    664
151 8139.1280370899185073     270.12788028305556054    668
152 8279.6536814362698351       0.6580298510095540232  672
153 8565.930162432945508        7.0054894700337904112  676
154 8505.2812650105643115     202.27034544828615026    681
155 8087.5930944276724404       0.62539368330093469961 685
156 8094.2141676241835739       0                      690
157 8102.4613857191698116       0                      694
158 8201.4511885109241121       0                      698
159 8240.5933677402681496       0                      702
160 8082.3736381216112932       0                      706
161 8094.7515254575846484     354.16144033683281123    711
162 8121.9098657443937554       0                      715
163 8120.7276480114296646       0                      719
164 8117.2440987796117042       3.5167405461182270621  724
165 8209.4079273126008047       2.0451544012696190045  728
166 8090.7729114181447585       0                      732
167 8120.0926600382681499       0                      736
168 8201.3240113449082855       0                      740
169 8156.6279414093896776     135.47407252358829055    745
170 8234.2535644157669594       0                      749
171 8214.4469277593470906     1263.181779265083378      753
172 8300.0878574996786483     1568.5784942205373227     757
173 8093.5408715164830937       0                      761
174 8152.3168488280653037     202.65018347703713175    766
175 8130.835037182432643      1216.7935226520442029     770
176 8217.3529655671172804     1175.6959464209794533     774
177 8387.3711674336518627       8.8254468522195743674  778
178 8309.6778336277729977      80.202008022556299238   783
179 8127.6095656463476189       1.0250643286516085695  787
180 8086.5816300915630563       0                      791
181 8122.6722734538516306       0                      795
182 8113.3984698665935866       0                      799
183 8123.2803858321294683       0                      804
184 8122.5656768115632076       0                      808
185 8111.9978196550109715       0                      812
186 8082.5856988181794804       0                      817
187 8082.6621244635789481     320.53485286926098752    821
188 8140.4711186705335422      12.520002702169128028   825
189 8082.2596399206549904       0                      829
190 8086.8222832806086444       0                      834
191 8088.904678824608709      201.92220458467639332    838
192 8106.2444318432735599     2114.6493428983617378     842
193 8103.4705402639883687     719.59946479246787021    846
194 8348.4854741850303981      31.206339814861735249   850
195 8328.1205795495170605      69.158337561810384386   855
196 8088.2539426828407159       2.0452645735805785598  859
197 8090.9114931053718465       0                      863
198 8127.221284813944294        0                      867
199 8111.8439174256118349       0                      872
200 8107.2088834082778703       0                      876
201 8118.7612867761718007       0.19154511875091084772 880
202 8082.6060469343537989     340.97312790410637717    884
203 8113.9210195230534737       0.02523325511444553942 888
204 8117.4286214269413904       0                      892
205 8128.5054005535312172       0                      897
206 8084.3103532596906007       0                      901
207 8096.8845549524585294     1909.8755357015072605     905
208 8097.7964939317917015     1837.9425402622475758     909
209 8097.8033684357951643     955.93230207501687801    914
210 8097.7287955886367854     959.76684085671297453    918
211 8314.2781984330176783      32.196982603900877962   922
212 8252.4546572426843341     101.91630786691489163    926
213 8083.523893963854789        0                      931
214 8082.0969503229589463       0                      935
215 8082.0093789824868509       0                      939
216 8082.0740468276890169       0                      943
217 8100.753915297441381      611.99646866266039069    947
218 8086.7529130641169104       0                      952
219 8095.2889796281615418       0                      956
220 8105.7262332319514826     213.6589604590949989     960
221 8340.1815913109003304      33.224309322658015731   964
222 8266.8804965099752735      89.561777565022666181   968
223 8083.0191057432994057       0                      972
224 8088.8893712299586696       0                      977
225 8088.0371276937748917       0.19394809120482212061 981
226 8088.5810442863394201       0                      985
227 8089.9130396646769441       0                      989
228 8090.3968734848212989       0                      993
229 8091.5292159102800724       0                      998
230 8088.3733555641938437     110.00451390138587726    1002
231 8102.8879750064315886     446.09778202517094314    1006
232 8106.3455164567803877     104.01483961434122705    1010
233 8090.0562244953771369     380.531720665222565      1014
234 8087.2296587157634349     700.63287443910280672    1019
235 8087.2332151785249152     698.34261942146827096    1023
236 8089.6619342558851713       0                      1027
237 8090.571598267569243        0                      1031
238 8133.5348632769882897     239.86973527394457051    1035
239 8091.8019104224085822       0                      1039
240 8085.2375980228180197       0                      1044
241 8082.0027480265571285       0                      1048
242 8082.1125312648664476       0                      1052
243 8088.4708586505503263       0                      1056
244 8084.9728455736676551       0                      1061
245 8093.0315786825894975       0                      1065
246 8087.5946102961315773       0                      1069
247 8134.255480535533934      237.51456585063465354    1073
248 8091.6640524563472354       0                      1077
249 8084.8667808742166017       0                      1082
250 8084.3347055023377834       0                      1086
251 8084.9317873818599764       0                      1090
252 8086.5075837726699319       0                      1094
253 8081.968300240669123        0                      1098
254 8082.3254196099687761       0                      1102
255 8083.7676668957083166       0                      1107
256 8086.2124482069039004       0                      1111
257 8084.5194990786212657       0                      1115
258 8091.3175526586019259       0                      1119
259 8140.4629077066847458     666.89769906724541215    1123
260 8095.6121761817694278       0.03016685810282039581 1128
261 8082.2922434902293389       0                      1132
262 8082.381452635808273        0                      1136
263 8084.2143581633918075       0                      1140
264 8085.3973423214283685       0                      1144
265 8086.780430900533247        0                      1149
266 8089.3872883370240743       0                      1153
267 8090.4108915031256402       0.86574004468967724613 1157
268 8084.0117567998049708       0                      1161
269 8082.5434668147954653     333.57738239478504738    1165
270 8082.9106827943751341       0                      1169
271 8086.044712857767081        0.20374492234408184133 1174
272 8082.1353586157665632       0                      1178
273 8083.7814150634039834       0                      1182
274 8087.8749247525647661       0                      1186
275 8088.3600210041968239     429.62701487188604688    1191
276 8095.749610357786878        0                      1195
277 8101.8470180500644346     267.17373468788309765    1199
278 8087.7334852256135491       0                      1203
279 8083.6215158171553412       0                      1207
280 8083.186521691888629        0                      1211
281 8084.2575817649430974       0                      1216
282 8094.7957038925833331       0.36211590156315309752 1220
283 8081.9526437582608196       0                      1224
284 8081.9868600744011928       0                      1228
285 8090.4638579593311078       0                      1233
286 8083.3290060023136903       0                      1237
287 8097.1563880479852742     649.39340103000949966    1241
288 8084.3561877011707111       0                      1246
289 8102.1680046092833436     268.47106640839876945    1250
290 8087.6118891529440589       0                      1254
291 8082.3023043679122566       0                      1258
292 8082.445785487620924        0                      1262
293 8083.3521625115436109       0                      1267
294 8087.2772508428834044       0                      1271
295 8082.2621446800421836       0                      1275
296 8083.4682455253114313       0                      1279
297 8084.4943318921841637     335.86784310631657036    1283
298 8082.2064875256701271       0                      1288
299 8082.2512706390634776       0                      1292
300 8088.4253071115617786       0                      1296
301 8086.2037621374547598       0.01859224359470868643 1300
302 8085.7739502240974616       0                      1305
303 8085.7680074239196983       0                      1309
304 8085.3327852712009189       0                      1313
305 8082.3102744285788503     329.24092094691729926    1317
306 8082.0061254645588633       0                      1321
307 8082.1114026138238842       0                      1326
308 8082.1683856269901298       0                      1330
309 8082.041164978987581        0                      1334
310 8082.9793131432306836       0                      1338
311 8082.8462502992197187       0                      1342
312 8083.9983323814822143       0                      1347
313 8082.0890025273729407       0                      1351
314 8087.4449258149379602       0.00812513162138567453 1355
315 8087.9074746891719769       0                      1360
316 8088.7589848693041858     103.85088704908480395    1364
317 8082.796437684322882      314.61250269927012368    1368
318 8089.9439496791419515       0.00317052462503256572 1372
319 8088.8749783476523589       0                      1377
320 8081.9233821202951731       0                      1381
321 8082.056325645790821        0                      1385
322 8092.0990777911229088       0                      1389
323 8083.9333919588698336       0                      1393
324 8083.9780052836413233       0                      1398
325 8081.9205588636204993       0                      1402
326 8082.0859228675653867       0                      1406
327 8081.9228712807307602       0                      1410
328 8081.9353901933163797       0                      1414
329 8082.1687336621625946       0                      1419
330 8082.457395854459719      321.27823051479686001    1423
331 8082.062351049073186        0                      1427
332 8082.0045335301037994       0                      1431
333 8083.8944185126692901       0                      1435
334 8084.3646289010221153       0                      1440
335 8084.7096977445353332       0                      1444
336 8081.9164449962099752       0                      1448
337 8081.9892851191589216       0                      1452
338 8081.9232720738309581       0                      1457
339 8081.9280113483109744       0                      1461
340 8082.422147498452432      320.93891696704594096    1465
341 8082.537654089800526        0                      1469
342 8082.8074237247428755       0                      1473
343 8084.6406286929623093       0                      1478
344 8085.3230874874734582       0.05023996989086929738 1482
345 8085.4068955069187723       0                      1486
346 8085.7719792782663717       0                      1490
347 8083.5521863684589334       0                      1494
348 8082.2360970870886376     339.88377568204873569    1498
349 8088.6984200659462658       0                      1503
350 8097.3942921635070888       0.20026830445466745068 1507
351 8088.588742416462992      110.10518513444068844    1511
352 8081.9826619691339147       0                      1516
353 8081.9786303106302512       0                      1520
354 8081.9474311678477534       0                      1524
355 8081.9438694486416352       0                      1528
356 8082.5973373100032404     319.31425360631561716    1533
357 8082.0367498105852064       0                      1537
358 8081.9155516068603902       0                      1541
359 8081.9457826607003881       0                      1546
360 8082.1610265262770554       0                      1550
361 8081.9900970140333811       0                      1554
362 8081.9751342685322015       0                      1558
363 8082.6016815020084323     319.58899148044923777    1563
364 8082.0186206992939333       0                      1567
365 8082.0085346284713523       0                      1571
366 8082.0177040034832316       0                      1575
367 8082.1031614997473298       0                      1579
368 8082.1806888587434514       0                      1584
369 8082.1950901300315309       0                      1588
370 8082.8588975443381059       0                      1592
371 8082.9791749499836442       0                      1596
372 8082.1959489665314322     336.17044598262845057    1600
373 8088.1654779407072056       0                      1605
374 8094.5054405483751907       0                      1609
375 8084.1005258135592157       0                      1613
376 8082.7192862181809687     318.19233880055645614    1617
377 8082.0139171419114064       0                      1622
378 8081.9717924564974965       0                      1626
379 8081.9726584309692043       0                      1630
380 8082.0091113927428523       0                      1634
381 8082.7539312078697549       0                      1638
382 8091.8470164999007466       0                      1642
383 8084.0523480679185013       0                      1647
384 8082.031348135303233        0                      1651
385 8082.5445117617209689     363.19309408205236878    1655
386 8085.26226736989247         0                      1659
387 8091.0815228910560108       0.77425387648755561454 1663
388 8084.250839412959067        0                      1668
389 8082.1384265907036024       0                      1672
390 8082.028042010552781        0                      1677
391 8082.686751940648719      319.01666727196584361    1681
392 8081.9203839055444405       0                      1685
393 8081.9248219340088326       0                      1689
394 8081.9545596545276567       0                      1693
395 8090.9726149154203085       0                      1698
396 8093.144583072500609        0                      1702
397 8082.0312207904498791       0                      1706
398 8082.0318937588554036       0                      1710
399 8083.5058796087305382       0                      1715
400 8085.275183308745909        0                      1719
401 8088.3236395974718107     110.48412559569339919    1723
402 8081.9411517227790682       0                      1727
403 8084.0073196406419811       0                      1732
404 8082.2850820987832776     329.76051813030977655    1736
405 8081.9384970110313589       0                      1740
406 8081.9174166122047609       0                      1744
407 8081.9433451492432141       0                      1749
408 8081.9851735521679075       0                      1753
409 8082.1627156124550311     331.12748216072372998    1757
410 8082.7587772263877923       0                      1761
411 8082.9204963539596065       0                      1765
412 8088.3102320428342864     111.63388668983984076    1770
413 8088.3331418808065791     111.63644070955191978    1774
414 8091.4240967953755899       0                      1778
415 8091.7383424190056758       0                      1782
416 8087.6761900762348887     3627.0607990618182157     1786
417 8083.5414861256631411       0                      1791
418 8082.3979592158284504     331.33040626932233863    1795
419 8081.9681450315401889       0                      1800
420 8081.946999268109721        0                      1804
421 8081.9922880056928989       0                      1808
422 8084.8664657723720666       0                      1813
423 8081.9172030414929395       0                      1817
424 8081.9163619098035269       0                      1821
425 8081.9172324014280093       0                      1826
426 8082.1605025784774625     333.37565450306823323    1830
427 8093.1695002907872549     857.24788090112724603    1834
428 8094.687514145996829       87.161011771901229395   1838
429 8083.5672404411780008       0                      1842
430 8081.915516104035305        0                      1847
431 8081.9252775892764475       0                      1851
432 8084.0407911182874159       0                      1856
433 8082.5281623467662939     359.79563676019370178    1860
434 8081.9444769443598489       0                      1864
435 8082.7533523686151966       0                      1868
436 8081.9203794707837005       0                      1872
437 8081.9151187665493126       0                      1877
438 8081.9229484476300058       0                      1881
439 8083.6372294008324388       0                      1885
440 8083.6414570431543325       0                      1889
441 8082.242573933017411      331.10894567589514281    1894
442 8081.9847604919104924       0                      1898
443 8082.7603888718858798       0                      1902
444 8081.9155207554531444       0                      1906
445 8081.9171287848039356       0                      1911
446 8081.9168212659114943       0                      1915
447 8081.9429966318448351       0                      1919
448 8082.1636453991786766     333.09223647733989537    1923
449 8082.9199913934398865       0                      1927
450 8094.4104958672560315      88.48652464820790442    1932
451 8093.1339140794407285     830.63964359307271934    1936
452 8081.9225803721010379       0                      1940
453 8083.545217296449664        0                      1944
454 8082.1661482327635895     331.70201113351868116    1948
455 8081.9429209166828514       0                      1953
456 8081.9191705067687508       0                      1957
457 8081.9162248666279993       0                      1961
458 8083.9899556892496548       0                      1965
459 8082.7535575608608269       0                      1970
460 8088.3138388602483246     111.14183705929168866    1974
461 8092.8774760542528384     851.84200055059113765    1979
462 8095.078578827338788       86.214516708895658326   1983
463 8083.7012226256401846       0                      1987
464 8092.0548065037955894       0                      1991
465 8092.09980521361922         0                      1996
466 8089.0570496759073649     132.32695756910345608    2000
467 8091.7389101535409281       0                      2004
468 8081.9171294087445858       0                      2008
469 8081.9888256743861348       0                      2012
470 8082.1662878288416323     333.64622800430112193    2016
471 8088.3152882093845619     110.81799840984875516    2021
472 8088.3138943076673968     111.46633333930084575    2025
473 8083.4293924653384238     324.22486257185516934    2029
474 8090.2823298411240103       0.54134614974113259844 2033
475 8088.3200401864523883     112.13971983828901102    2038
476 8082.9491153459812267       0                      2042
477 8084.0235947873588884     327.94224063981329209    2046
478 8090.4229950989902136       0.5965872718317406509  2050
479 8090.3767078540604416       0.56128059720265721655 2054
480 8081.9858504820695089       0                      2059
481 8081.9945348779774577       0                      2063
482 8081.9154192493651863       0                      2067
483 8084.8476037644204553       0                      2071
484 8083.9971784219869733       0                      2076
485 8082.7553443563374458       0                      2080
486 8095.1229990824649576     100.01305081797728747    2084
487 8091.6557091617860351     507.15515125576911259    2088
488 8084.1969716500316281       0                      2092
489 8090.1295454362279997       0.50858957748136712773 2097
490 8096.876162460715932       74.932464907934473786   2101
491 8091.8832155129430248       0                      2105
492 8091.3782842888404048       0                      2110
493 8082.4924401733615014     358.00110906883207917    2114
494 8082.7550401520165906       0                      2118
495 8083.4753484170951197       0                      2122
496 8091.2854787759752071       0                      2127
497 8081.9907422604719613       0                      2131
498 8083.9933251506845409       0                      2135
499 8084.0165625339195685       0                      2139
500 8082.4954242079738833     358.87015193793848766    2143
501 8086.6461067866357553     126.43516629327585576    2148
502 8084.0032704202512832     545.51985706055279479    2152
503 8089.758311164206134        0.00034523751771412735 2156
504 8089.2601085116693866       0                      2161
505 8081.9845543998353605       0                      2165
506 8089.8108302002083292       0.52421039554919535153 2169
507 8082.0242631607097792       0                      2173
508 8081.9252025324840361       0                      2178
509 8081.9428681556437368       0                      2182
510 8082.7552682246505356       0                      2186
511 8082.7989988746348899       0                      2190
512 8084.0183672156708781       0                      2194
513 8096.6397706188681695      75.753817349041810303   2198
514 8096.3826973450077276     1254.3526822809465102     2203
515 8090.2723623187048361     445.37310761768810607    2207
516 8090.422310412052866      447.24697067529712058    2211
517 8081.9175917182537887       0                      2215
518 8088.3422985149645683     111.76627899307351299    2220
519 8088.3104717646374411     111.30921465429506156    2224
520 8082.1916465295253147     333.13453252566716856    2228
521 8091.1847867323331229       0.20784662419252883381 2232
522 8091.4686108699161196       0                      2236
523 8089.0639199553324943     4478.1263670458083652     2241
524 8081.956497461539584        0                      2245
525 8081.9511306079020869       0                      2249
526 8090.1565603299832219       0.00303149851161743124 2254
527 8081.9929714388799766       0                      2258
528 8082.9234475227231087       0                      2262
529 8083.9926486939375536       0                      2266
530 8082.7986017235534746       0                      2270
531 8089.7205218575099934       0                      2274
532 8090.5874319358499633       0                      2279
533 8081.9191705067632938       0                      2283
534 8084.9033000581894157       0                      2287
535 8091.3936132233047829       0.25170940345857573117 2291
536 8082.1660826803517921     332.25535806025959573    2295
537 8091.5181777239258736       0                      2300
538 8091.0303246146113452       0.18774336757047388469 2304
539 8082.1648761327533066     331.39796647914954519    2308
540 8081.9162446564741913       0                      2312
541 8089.7687041476756349       0                      2316
542 8082.9191081758044675       0                      2321
543 8081.9206835495597261       0                      2325
544 8083.6334346336898307       0                      2329
545 8090.6366861048109058       0                      2333
546 8081.9167177763920336       0                      2337
547 8081.9958219556401673       0                      2342
548 8089.8699418191154109       0.50874798992308323253 2346
549 8081.9443438167600107       0                      2350
550 8081.9448984766613648       0                      2355
551 8090.7109207439370948       0                      2359
552 8081.9206495070820893       0                      2363
553 8081.9191948144507478       0                      2367
554 8081.9480346852324146       0                      2372
555 8090.5443569549552194       0                      2376
556 8081.9195003569848268       0                      2380
557 8081.9806839541606678       0                      2384
558 8089.5760403907852378       0                      2388
559 8082.7996196349522506       0                      2392
560 8082.833334354656472        0                      2396
561 8083.9945086721381813       0                      2400
562 8084.0130638181562972       0                      2405
563 8095.3919917242556039     106.5372324658553822     2409
564 8092.4370959442831008     812.97655576394527088    2413
565 8088.2133555622967833      77.925564608732443617   2417
566 8082.8093289272565016       0                      2421
567 8081.9201433881307821       0                      2425
568 8081.9171255172268502       0                      2430
569 8081.9186758322175592       0                      2434
570 8088.3179417354185716     110.9746363848359465     2438
571 8083.0046695328046553     321.87232964244100231    2442
572 8083.9862745670443474     546.13527803832039353    2446
573 8090.2227380618487587       0.52792514009806223996 2450
574 8091.5080616326586096       0                      2454
575 8093.8291193060686055     366.53390041686469658    2458
576 8083.9783152727914057     550.3822947269644601     2462
577 8081.9842304234816766       0                      2467
578 8089.5201284022068648       0.37893357658057874593 2471
579 8095.3577361315374219      93.927077135200761404   2475
580 8082.7558430909612071       0                      2479
581 8082.7582111163319496       0                      2485
582 8081.9193173883704731       0                      2489
583 8092.1419782434386434     263.19829852298039441    2494
584 8084.7978561462650759     584.42180153078561489    2498
585 8094.5583040799710943      88.058339129399982426   2502
586 8093.0243447448156076     854.42499295538630122    2506
587 8092.1337129187822939     262.52300470637214858    2510
588 8081.9846017484624099       0                      2515
589 8089.5537057848505356       0.40808358067260669388 2519
590 8082.9223788947847424       0                      2523
591 8092.4432160291380569       0                      2527
592 8082.0159328048575844       0                      2531
593 8082.8290156196653697       0                      2535
594 8085.217795833670607        0                      2539
595 8083.9929198818872464       0                      2543
596 8085.1880265672689347       0                      2547
597 8089.9517485215646957       0.45615344909906407889 2551
598 8082.0091033312792206       0                      2556
599 8089.2109331796227707       0                      2560
600 8089.5225836229119523       0                      2564
601 8090.7845505691539074       0                      2568
602 8082.0070981408098305       0                      2572
603 8089.332073039039642        0                      2576
604 8082.757334491147958        0                      2580
605 8082.9225979244638438       0                      2584
606 8083.6263736010196226       0                      2589
607 8095.675775610623532       92.909632666325578043   2593
608 8092.6907907920167418     845.43691896695600008    2597
609 8089.2443087513638602       0                      2601
610 8088.341083783270733      111.4411895012863738     2605
611 8082.1881997533846516     333.4180184888665508     2609
612 8082.1937655521196575     331.74426693540056021    2614
613 8088.3190959501444013     110.65097358313781228    2618
614 8090.2334292769437525       0.53972487819004466569 2622
615 8092.2562496426562575       0                      2626
616 8081.9233698682837712       0                      2630
617 8089.7296909337192119       0.48821387158319062838 2634
618 8089.4191808279820179       0.00002819147001658227 2638
619 8088.5461133747885469       0                      2642
620 8081.9773264851746717       0                      2647
621 8081.9188363476514496       0                      2651
622 8088.7868733835694002       0                      2655
623 8088.9187835786224241       0                      2659
624 8082.2246407914699375     331.38341893168768593    2663
625 8081.9447523617054685       0                      2667
626 8081.9214506986809283       0                      2671
627 8091.5727628793265467       0                      2675
628 8082.7595824730460663       0                      2679
629 8081.9441515629632704       0                      2683
630 8081.9213485773270804       0                      2687
631 8081.9274635255669637       0                      2691
632 8088.9189719487412731       0                      2695
633 8081.9815468447695821       0                      2699
634 8082.0083894133895228       0                      2703
635 8089.6980253187557537       0                      2707
636 8089.0842654189218592       0.33391843214233252191 2712
637 8085.2279375289426753       0                      2716
638 8082.8077205616427818       0                      2720
639 8083.4318791422310824     325.93745783201933364    2724
640 8089.1544967543732128     117.61108264801966072    2728
641 8098.1124065107851493     120.72446172990770208    2732
642 8094.9327094914906411     1193.3589472554442636     2736
643 8089.6980253187757626       0                      2740
644 8095.9343404241099051     1250.3448753203513206     2744
645 8097.2084659420152093     101.73359557761980909    2749
646 8082.4908449041267886     356.5367529293617963     2753
647 8089.0005091984048704       0.31851904671787556467 2757
648 8089.693322202921081        0.4672622830784965986  2761
649 8092.1289955562833711       0                      2765
650 8092.9901487593642742     293.19253407244315213    2769
651 8083.9727637076211977     552.41655442873661741    2774
652 8082.161327442804577      332.23394583497912436    2778
653 8089.284508963179178        0.37169527751803771443 2782
654 8081.9953417875658488       0                      2786
655 8082.0187265757867863       0                      2790
656 8082.80106074935793         0                      2794
657 8085.1902390475370339       0                      2798
658 8096.471931121545822       75.042816416850669725   2802
659 8096.6673168764127695     1339.4858966601641441     2806
660 8081.9318451062599706       0                      2811
661 8081.9973591352600124       0                      2815
662 8088.7047229977843017       0                      2819
663 8081.9205344467882242       0                      2823
664 8082.0354620401149077       0                      2827
665 8082.0224283730785828       0                      2831
666 8081.9912796822918608       0                      2835
667 8081.9973873694079884       0                      2840
668 8095.8735983781707546     1245.9852155849259816     2843
669 8096.4575967835480697      75.184158773460893599   2848
670 8082.0232747958743857       0                      2852
671 8082.1720281186780994     333.95146206974601455    2856
672 8086.6553775415577547     126.97357304104284026    2860
673 8089.0652219329203945     132.87766760837052971    2864
674 8083.9684555230651313     324.33876134805115043    2868
675 8090.4843050809777196       0.13996378553490770869 2872
676 8092.2090006795369845       0                      2876
677 8088.4178131697535719     2856.0082045684821423     2881
678 8082.981051831620789        0                      2885
679 8081.9845115751841149       0                      2889
680 8089.0847853927007236     132.65377355026828354    2893
681 8082.5287687067966544     359.22947743355035755    2898
682 8089.2759051844332134       0                      2902
683 8090.4417699801479102       0                      2906
684 8084.2252780130411338       0                      2910
685 8081.9202332678105449       0                      2914
686 8082.9482133359324507       0                      2918
687 8085.2209411980657023       0                      2922
688 8082.8024899778747567       0                      2926
689 8082.8281946579645592       0                      2930
690 8094.3067843407870896      87.695621985638254614   2934
691 8091.2777472400020997     771.11711504851211885    2939
692 8082.8164874241565485       0                      2943
693 8082.1758738120615817     333.66771823267225727    2947
694 8088.3266083482740214     111.47886509995093718    2951
695 8082.1625053116522395     332.53839088270393631    2955
696 8082.1723429173352997     334.79012136250503318    2960
697 8090.1368507439938185     449.11892491720038834    2964
698 8095.0312898727343054     108.2947184072509117     2968
699 8081.9233698682774047       0                      2972
700 8083.3813640816533734     346.42995175443309108    2976
701 8086.645815696313548      126.09020824818806261    2980
702 8087.4880327634309651     133.66214497464139299    2984
703 8089.3808638843165681       0.00022851772470182049 2988
704 8090.249362954510616        0                      2992
705 8093.1033895134823979     331.24784600915683086    2996
706 8084.7888370921418755     581.93574311632823992    3000
707 8088.7877750061943516       0                      3005
708 8090.1418836832372108       0                      3009
709 8089.5580700961163529       0.00039319536841101496 3013
710 8086.6628282717820184     127.84670571188458155    3017
711 8082.7946524827702888       0                      3021
712 8081.9444901388505968       0                      3026
713 8083.9843793784175432       0                      3030
714 8094.2130957358631349      88.155751079899729916   3034
715 8091.4720164464633854     777.22860667722511607    3038
716 8081.9892909278105435       0                      3042
717 8089.0558893723364235     132.68123329172988178    3046
718 8094.8931436475650116     107.11620709890797798    3050
719 8081.9951015863925932       0                      3055
720 8082.8274487464013873       0                      3059
721 8083.9846269386716813       0                      3063
722 8090.5666907373533832     474.65463540252534358    3067
723 8094.5572241395930178     101.34729742897786764    3071
724 8082.017206981234267        0                      3075
725 8082.9496423698228682       0                      3079
726 8084.0226160387019263       0                      3084
727 8085.1908267250810241       0                      3088
728 8085.2119707820493204       0                      3092
729 8091.470989432497845      508.71385325173457659    3096
730 8094.2797927783976775     102.1012792433049583     3100
731 8083.9860435933605913       0                      3104
732 8081.9174005135373591       0                      3108
733 8081.919573888456398        0                      3112
734 8081.9195003569802793       0                      3116
735 8081.9443231457807997       0                      3120
736 8081.9469002222749623       0                      3124
737 8089.5809601567452773       0.4571187517323285765  3128
738 8081.9233821202960826       0                      3133
739 8084.0060479511730591       0                      3137
740 8088.8660131881642883       0                      3141
741 8081.9472534606557019       0                      3146
742 8089.7579349308798555     445.93847218649250408    3150
743 8082.0180616830848521       0                      3154
744 8084.8576839513652885       0                      3158
745 8082.5212477423774544     358.33844485347782438    3162
746 8090.0683941217539541       0                      3166
747 8090.5090589755327528       0                      3170
748 8092.1592595925158093     262.76611555574095291    3174
749 8082.1648761327587636     331.39796647914954519    3178
750 8091.3268562579460195     506.53942272739004693    3183
751 8095.1782620786416373     108.28466195607477118    3187
752 8082.1692125679974197     331.11532613991323615    3191
753 8081.9877965038213006       0                      3195
754 8089.0770018144730784       0.37317071200980767021 3199
755 8082.9190409795255619       0                      3203
756 8082.9247527445622836       0                      3208
757 8090.6336294413358701       0.15740309913859476532 3212
758 8091.3184122351049155       0                      3216
759 8082.4952145646175268     358.57644185340143395    3220
760 8082.0219674755126107       0                      3224
761 8089.1777792398615929       0.43212219568451087914 3228
762 8088.8812004447163417       0                      3232
763 8081.9877869282199754       0                      3236
764 8082.016074004975053        0                      3240
765 8089.6118250394665665       0.00185347755529971991 3245
766 8082.8333347591897109       0                      3249
767 8083.9859596901687837       0                      3253
768 8083.9994351151608498       0                      3257
769 8084.017699521553368        0                      3261
770 8089.2363219748940537       0                      3265
771 8084.1899094882419377       0                      3269
772 8082.0125816449626655       0                      3274
773 8089.1468641748451773     117.59826895592193807    3278
774 8082.1594189824818386     333.07080908923359175    3282
775 8094.9898657974035814     107.29834700538741288    3286
776 8092.1726012477511176     815.74983599774895993    3290
777 8084.8238517439858697       0                      3294
778 8088.3229051073922165     111.321773216005667      3298
779 8082.1698047463150942     333.3970770596634452     3302
780 8088.3112017078110512     110.63846833698090677    3306
781 8082.1613274428182194     332.23394583497565691    3310
782 8091.1092137870118677     772.84500376507128294    3314
783 8094.5958570614984637      87.619499391134013422   3318
784 8082.7947684032642428       0                      3323
785 8082.1612705532816108     331.6806402587827165     3327
786 8082.1901625482769305     332.58070078198488773    3332
787 8083.4587448068286903     324.41778144953150331    3336
788 8088.3387562002835693     110.61344823173014618    3340
789 8091.0327124716477556       0                      3344
790 8091.1799094222278654       0                      3348
791 8081.919250560978071        0                      3352
792 8082.5040090381353366     359.76166651751157133    3357
793 8090.2962378827669454       0                      3361
794 8098.1188066491695281     653.05685189078121766    3365
795 8082.8099402209327309       0                      3369
796 8081.9904444413541569       0                      3373
797 8095.9058391301441588     1287.6289423559612715     3377
798 8096.6124491676691832      74.789468250777744629   3381
799 8084.2194359936629553       0                      3385
800 8088.9685363465559931       0                      3390
801 8081.9506722852647727       0                      3394
802 8082.9260677926413337       0                      3398
803 8082.1628865455622872     332.7873980549691737     3402
804 8089.0805313192058748     132.45756432355915422    3406
805 8082.2000489404363179     333.9938096062755335     3410
806 8089.0651423705303387     133.23279127704768143    3414
807 8089.0944437454973013     132.85021704779313723    3418
808 8090.7830178358108242       0                      3422
809 8091.410486611759552        0                      3426
810 8082.1757539620439275     334.50599230079291146    3430
811 8089.4508111258501231       0.47126774697281287319 3435
812 8082.8274601360517408       0                      3439
813 8082.8288717146187992       0                      3443
814 8085.9531466683056351       0.10128088567479967552 3447
815 8094.3143610843471834     101.79337302926977316    3451
816 8090.8963359152321573     477.6864766641232336     3455
817 8082.4929449819328511     358.29446369836659869    3459
818 8082.8157880661783565       0                      3464
819 8083.0262753494953358     321.64838847941723543    3468
820 8082.7926778893424853       0                      3472
821 8089.2658203071459866       0.4500032483570504116  3476
822 8082.7545559941127067       0                      3480
823 8095.2677403116294954     108.0044046978797212     3484
824 8089.9053619788865035     447.81214873931145348    3488
825 8083.9839121741306371     545.46361783741599538    3492
826 8082.0119760957632025       0                      3497
827 8082.7983185117745961       0                      3501
828 8090.2301698514629607       0                      3505
829 8084.0126732774870106       0                      3509
830 8084.0259351310469356       0                      3513
831 8082.4964167351990909     358.8485935704768508     3518
832 8082.010747837695817        0                      3522
833 8089.3234430216625697       0.46238483982530204086 3526
834 8082.4964167352145523     358.84859357047321282    3530
835 8085.0582334139207887     620.05755620563149932    3534
836 8087.1908812171950558     148.97934870187756928    3538
837 8082.4999120126203707     358.8917322724770429     3542
838 8083.9839121741160852     545.46361783738097984    3546
839 8097.4534078440437952     101.94225984095467652    3550
840 8095.7025824933380136     1244.2447788262868471     3554
841 8089.3135318656495656       0.45148875136738253477 3559
842 8084.854596975844288        0                      3563
843 8083.0007325325213969     322.15116088678820461    3567
844 8087.8847944835433736     157.08699267966423463    3571
845 8089.0953975650181746       0                      3575
846 8089.6657930417586613       0.00272875936465258361 3579
847 8081.9206835495560881       0                      3583
848 8082.03593345063382         0                      3588
849 8083.4324980859419156     327.51268258404553535    3592
850 8083.6249177550243985       0                      3596
851 8089.0635994487947755     131.79090548512292003    3600
852 8096.519929257561671       75.023404599577716567   3604
853 8083.9804491150234753       0                      3608
854 8089.0597156272988286     131.97335757710820303    3613
855 8092.137540482980512      262.36211275582695635    3618
856 8083.980252568438118      552.60855529719447077    3622
857 8085.0502166553424104     612.48005158807461612    3626
858 8089.4669891141920743       0.00004110506861776076 3630
859 8090.158150005873722        0                      3634
860 8093.0698683398959474     331.33518891751913316    3638
861 8082.1628673016548419     331.98469205455342035    3642
862 8081.9935658100766886       0                      3646
863 8089.2688930649792383       0.43132683413309685916 3651
864 8089.7021384691033745     440.82377162014972782    3655
865 8095.3569877849222394     107.03283920190914102    3659
866 8088.8347465870065207       0                      3663
867 8081.9870893957768203       0                      3667
868 8087.4606200460275431     132.79726261047079561    3671
869 8083.3553610336739439     346.95272471427045957    3675
870 8089.3274419409590337       0.00003521203036032617 3679
871 8089.4263997242478581       0                      3683
872 8089.4126685295632342       0.48086746185949436061 3688
873 8089.1565572583158428     117.2779062962932386     3692
874 8084.1368537411426587     352.05818460722423424    3696
875 8089.7639105193966316     139.75214684760982209    3701
876 8089.2818181805796485       0                      3705
877 8089.0768465336795998     4480.6220726276387722     3709
878 8089.5044461532334026       0.48002765781270612111 3713
879 8089.4091662930968596       0.41780379923076305104 3717
880 8082.7975031451569521       0                      3721
881 8081.9997902212689951       0                      3725
882 8083.9895338561073004       0                      3729
883 8084.0009842928275248       0                      3733
884 8085.1981475085476632       0                      3737
885 8091.3312605463052023     774.54620514310499857    3741
886 8095.0317965207395901     106.81363413882139923    3745
887 8082.7579632074566689       0                      3750
888 8082.9206324697279342       0                      3754
889 8083.6332613500799198       0                      3758
890 8083.6292197299017062       0                      3762
891 8089.6997571033389249     443.33813510484691278    3766
892 8094.5996590629820275     100.87630380393800067    3770
893 8082.8107572467451973       0                      3775
894 8086.6428960883968102     125.89801050905950319    3780
895 8092.1322378396325803     261.75434305417019232    3784
896 8082.4929041814511947     357.97956503492900993    3788
897 8083.9756112238474088     547.48827181239278161    3792
898 8086.6847635466065185     127.29320806063812199    3796
899 8094.3504949192574713      87.881431988624015617   3800
900 8092.2063765548755327     814.65120473276203938    3804
901 8089.1397694606976074       0                      3808
902 8082.9225881520123949       0                      3812
903 8096.3044270790487644      75.579972120782599632   3817
904 8095.1635534681681747     1199.332193028132906      3821
905 8081.9749790957648656       0                      3825
906 8088.8238585252602206       0                      3829
907 8089.2168181186798392       0.35098263382415839651 3834
908 8081.987796503825848        0                      3838
909 8089.6828991466563821       0.45629881430481483706 3842
910 8091.3714643807325047       0                      3846
911 8081.9997902212680856       0                      3850
912 8092.603276067095976      851.17210315844340585    3854
913 8095.0826717255404219      94.083228083372702599   3858
914 8083.4409291357014808     328.1717507744407385     3863
915 8084.0126164776966107     551.30528501178298484    3867
916 8088.337385925052331      110.93704221120461284    3871
917 8088.3508416910990491     111.94658062717508074    3875
918 8093.0804224173798502     332.01969302288949848    3879
919 8091.0661725936006405     499.01660759932275369    3883
920 8094.5563889643535731     100.67660245433748401    3887
921 8089.1318879488389939       0.33519866851920976369 3892
922 8089.3725911737947172       0                      3896
923 8090.2571824449041742       0                      3900
924 8082.8014668024416096       0                      3904
925 8089.7308178638159006       0                      3908
926 8082.8047455051364523       0                      3913
927 8089.7042491851461818       0.00180006681986755808 3917
928 8090.0867173639735483       0                      3921
929 8083.9901063933066325       0                      3925
930 8081.9823397076206675       0                      3929
931 8089.0668070126521343     132.52322037976827573    3933
932 8083.4460028994853928     329.89507566605425382    3937
933 8088.3236718480293348     111.97178318651222639    3941
934 8089.0526966914330842     132.13092902287414176    3945
935 8094.7916661713852591     107.10340527592377668    3949
936 8091.5605883066782553     776.25102703829873008    3953
937 8089.7935762239148971       0                      3958
938 8082.797748857687111        0                      3962
939 8082.1628485197270493     333.92999809756719287    3966
940 8083.9861339457593203       0                      3970
941 8091.4585903242268614       0                      3974
942 8084.2078836312730346       0                      3978
943 8081.921348577315257        0                      3983
944 8082.780377877965293        0                      3987
945 8084.1379706724110292     353.6957184832922394     3991
946 8089.5196725722234987       0.00087846824024995045 3995
947 8088.3114969337775619     111.95921709217090267    3999
948 8088.9561484793584896       0                      4003
949 8082.9989959702515989     321.60642301912309904    4007
950 8088.3413736756720027     111.11675832724492352    4012
951 8082.1901807397480297     332.02701568380086883    4016
952 8095.3798247042841467      93.201049863465598833   4020
953 8092.4082197433344845     848.49477492123651245    4024
954 8083.9864737039224565       0                      4028
955 8081.9162586047232253       0                      4032
956 8089.8800988456041523       0.52032517825367363695 4036
957 8089.0536067746206754     132.50976145513874371    4040
958 8082.1870122199479738     332.86383472362217617    4044
959 8092.0299306385240925       0                      4049
960 8082.1660247780446298     330.84516020889492438    4053
961 8081.9289712638446872       0                      4057
962 8089.0357199553682221       0.34530706942254713043 4061
963 8082.0224145480606239       0                      4065
964 8084.0209942992632932       0                      4069
965 8092.6932357648129255     853.8865835392232384     4074
966 8082.4915085665988954     357.40441088859370211    4078
967 8094.4561697712961177     101.33427134567537564    4082
968 8089.8460579286647771     445.20636199201123873    4086
969 8081.9929714388772481       0                      4090
970 8082.7534164636772402       0                      4095
971 8082.7809968831252263       0                      4099
972 8090.9734689180068017       0                      4103
973 8089.471842101911534        0.00081437740806023287 4107
974 8083.9888614348865303       0                      4111
975 8084.2207445947806264       0                      4115
976 8089.1629002923018561       0.38981207399022227422 4119
977 8083.4489411135336923     331.47991378067007417    4124
978 8083.4327281802097787     323.85258569666626727    4128
979 8088.3153352652043395     110.47165082683605419    4132
980 8088.3223852268274641     112.46588875373876704    4136
981 8089.0693700898773386     132.69466194085035227    4140
982 8081.9195738884627644       0                      4144
983 8081.9164202459787703       0                      4148
984 8081.9193024226451598       0                      4152
985 8082.9497577617958086       0                      4156
986 8082.9527314884117004       0                      4160
987 8092.5510950621965094     851.07050389557298331    4164
988 8089.564086571687767        0.41845305021162032544 4169
989 8089.2505995783685648       0                      4173
990 8082.1675192900283946     332.80885166625824922    4177
991 8083.0230640096915522     321.92697051381412621    4181
992 8089.7965382432767001     139.53601344060407996    4185
993 8094.9421982745998321     107.09305104535535236    4189
994 8089.1635768173055112     116.77364972040753344    4194
995 8083.0039734546962791     322.6960490907916892     4198
996 8083.9759051767432538     554.64705478062603561    4202
997 8092.1261813237551905     261.8492614477817142     4206
998 8092.9884222070222677     293.36354723870022099    4210
999 8084.7826035098041757     584.027919027875555      4214
1000 8095.5207171511274282      92.919257520104238779   4218
