1 9241.8429640613994707     49279.028073356414097      5
2 9428.1663194187221961     42353.542199227747915      9
3 9120.4282880164919334     56839.468478973409219      14
4 9395.2090234747738577     50350.905797170045844      18
5 9383.7813453324451984     50493.802844682482828      23
6 9404.3145654598120018     50515.325169151146838      27
7 9179.0505159502426977     23229.42877411318841       31
8 9134.4137758612305333     1209.9782063948330233     36
9 9194.7552679949039884     11902.195024934222602      41
10 9142.5848819146594906     3754.0023722024175186     45
11 8940.3980183841849794     738.04494236056882528    50
12 8628.6311671677522099     2433.1514620843063312     54
13 9535.9876442774639145     39160.616334471960727      59
14 8834.2186447229141777     5797.2342586748227404     63
15 8856.5312371371364861     7305.1555750793759216     68
16 8705.2963701461885648     1240.8498573614119778     72
17 8833.7999753701187728     3555.7634451802919102     77
18 8718.4353762019254646     1868.6221627781364987     81
19 8821.6077992352547881     2224.6138948302891549     86
20 8799.5597669338312699     414.02406064149880649    91
21 8487.0577129190351116     3784.746796584823187      95
22 8692.4723817898775451     1718.330897816242441      100
23 8810.4054305241152178     1286.4280509097404774     104
24 8682.8284217379332404     760.6411972474054437     109
25 8862.4578064434681437     3009.9960000853543534     113
26 9082.4794146329350042     1519.7254803235607596     118
27 8623.0204453727310465     6246.7010195512484643     123
28 8801.6218225268548849     1058.1115700318391646     127
29 9124.5851307509619801     5477.4977907768025034     132
30 8816.4054377976426622     1391.8753725454837422     136
31 9003.3073531097143132     20787.3714714769485        140
32 8696.8763779183609586     1547.5828211627203927     145
33 9212.5690376156708226     223.17764215860177046    150
34 9025.2036810144818446      97.056579495868035679   155
35 9000.3693502207497659     159.08814510454567426    159
36 9025.6035139108189469     706.78565229178525442    164
37 9037.615265065440326      531.06517327234371351    168
38 9228.2355638528679265      43.492826518972336203   173
39 8985.1874884761618887      40.660410406980069808   177
40 8789.8337300811235764     452.25104836104321748    182
41 8493.2134858436420473     1084.6473459367475698     186
42 9214.6567719709710218      46.527390964500717985   191
43 8968.1095621786316769     140.35163378727204986    195
44 8987.0306044871977065      40.82128451194984109    200
45 8943.171117207260977      1278.4417754737048654     204
46 8946.0415927022404503     642.29222694310487896    209
47 8998.9380631203403027     153.06086184503567438    213
48 9008.0303886234269157     396.57015022088830847    218
49 8882.8796743108468945     171.08718990760064571    223
50 9171.9841621358755219      91.795157147343871884   228
51 9117.9277854467418365      85.218717631986564243   232
52 9110.2549523664474691     2312.2329236899577154     237
53 9466.915055061224848      142.59211594724018823    241
54 8843.8904837842783309     161.6688243699103964     246
55 9267.7749200277503405      81.569918991585097956   250
56 9033.2310424521601817      34.755640415631042117   255
57 8849.5840020019568328     130.03155374781584896    260
58 8987.7595516487381246     623.08257301683170226    264
59 8994.0163916939727642     207.32150186815022153    269
60 8964.2327336163307336      60.521169903277439062   273
61 8918.3880594227466645     466.00538551164015644    278
62 9009.580850589538386      224.92013352940028881    282
63 9005.6705337214625615     974.31691987418616918    287
64 8999.8741730626024946      36.979729412978315395   292
65 9054.4092172434357053     455.98599223640098899    297
66 8813.9773274441104149     480.71976194540877714    301
67 8997.8568120108229778     521.73802537932249379    306
68 9127.8330266258963093      87.174240485680101642   310
69 9000.0305621569332288      37.094738714502227594   315
70 9014.765730006431113       40.624440007021604515   320
71 9000.8948030489609664     569.66102007461222456    324
72 8855.5036986116065236     437.56401895791515244    329
73 8995.1652361329470295     114.45405112287990335    333
74 8982.5383576837521105       6.4952042019162172792  339
75 8974.9942635967636306       0                      343
76 8958.8708157580440457       0                      348
77 8980.5200961658410961       0                      352
78 8856.4922215569276887     222.08354065474594563    357
79 8701.3566713254786009     115.37460192194447473    362
80 8826.4469217665136966     301.56733352729378339    366
81 8963.3298760986672278     161.86008129518739906    371
82 8823.5269893646891433       0                      375
83 8523.6162451918171428     639.03210531417676066    380
84 8404.3532173632702325      39.107460548229653341   385
85 8958.3627261074216221       0                      389
86 8957.2019107435298793       0                      394
87 8826.6682847374104313     237.28162546944508904    399
88 8962.0203055304518784     133.93715796349576408    403
89 8590.4219059777751681     405.21934656607368197    408
90 8606.5763116615162289     587.39468042752355359    412
91 8710.2349215680133057     187.79482218641805957    417
92 8731.7609159881940286     2879.2751032900609971     421
93 8827.6172551874878991       0                      426
94 8822.452277361007873        0                      431
95 8825.7938707529101521      60.69263456533570178    435
96 8975.3541905031906936       0                      440
97 9324.7901288145894796      76.51179080660035936    445
98 8570.7145425349008292     193.43516214703365108    449
99 9326.0767023033040459      45.678285115288375096   454
100 8595.9524529092050216       0.52727913708079787725 459
101 8376.8266585622950515     855.89507048328528072    463
102 8565.4660350558588107       1.8054138739268739133  468
103 8814.310978625453572        0                      473
104 8928.5141950241850282       0                      477
105 8951.3641209848647122       0                      483
106 8614.1566404796849383       6.5930961079463985541  487
107 8458.4936995705811569      47.371061735655452196   492
108 8957.3339038993399299     144.75559451179515236    496
109 8191.9145398368345923     1599.5154594397456549     501
110 8346.8099550935858133     3975.9126740040451295     505
111 8598.4684410783193016     416.76032209099508918    510
112 8601.4226273943786509      78.841085682424676406   514
113 8629.4247926419629948     867.69116367834089942    519
114 8698.9040912780546932       0                      524
115 9152.0120916907944775     4268.6049345949541021     529
116 8518.5631642138341704      19.811541182161562347   534
117 8483.2063992760686233      10.584655785784320869   538
118 9197.7497186129585316      76.075184993246878662   543
119 8767.6523237739456818       0                      548
120 8186.3243948082927091     1402.6909457353287962     553
121 8390.740880678897156      3156.1703007448604694     557
122 8591.4238003627688158       2.380214813590581624   562
123 8509.0620966085625696     641.85369290063067638    567
124 8595.2831646535632899       1.0737666444148314948  572
125 8699.0848693485568219       0                      576
126 9198.6508680552033184       0.05795772246534380834 581
127 9612.8129113483755646      33.183834109688440606   586
128 8600.2502667437620403     831.46742591276210987    590
129 8657.7128105708761723     5635.545867170022575      595
130 8953.619104610510476        0                      600
131 8708.3380461771012051      84.664086532816554609   604
132 9092.3367641807162727       0                      610
133 9363.718288772233791        9.6786716441411240197  614
134 8349.2594651700637769      65.866115397286932875   619
135 8511.7587067985150497     2883.47678085626967       624
136 8555.4955279505920771     9661.1909198550456495     629
137 8583.5317439763239236     503.64974413019450594    634
138 8698.8848385973924451       0                      639
139 9351.5512056138340995      91.249625716077019888   644
140 8232.5536418480587599       0                      649
141 8214.7061187926519779     2276.4362690445636872     654
142 9546.2755450307377032      76.177089351536835693   660
143 9486.0360116005758755      13.868307346073970976   665
144 8483.9374563024794043      15.804333641730877957   670
145 8697.3207689787122945       0                      675
146 8161.1278764284961653       0                      680
147 8339.2332782867033529       9.431612741735065697   685
148 9787.5578678898891667       0                      690
149 9786.4031325437499618       0.32010813932287629502 695
150 8337.4089932220576884     360.11985177445529871    700
151 8655.5405619514858699       0                      705
152 8175.9148413815128151     1209.1165202346605838     710
153 8183.1358822421716468       0                      715
154 8201.2657710160092392     262.11805459292224896    720
155 8276.7078744874488621     443.79090269908982691    725
156 8376.8963944407587405     3926.9514485879312815     730
157 8461.4702264943516639       7.1215124682311419235  735
158 8667.9354949640019186     106.70685560754678534    740
159 8936.8279703375228564     7446.3043151300789759     745
160 9220.2352136564295506     490.17608447149399353    750
161 8539.8352837094917049     10076.350551869512856      755
162 8232.3589278945273691     821.60130621332211831    760
163 8184.123124750713032        0                      765
164 8206.7938024006361957       0                      770
165 8163.053678610796851        0                      775
166 8130.9683886656985123       0                      780
167 8135.5240349451869406      64.722745694043737785   785
168 8131.257841790465136      404.81064458043556442    790
169 8150.9336154097654799       0                      796
170 8165.2039590567728737       0                      801
171 8137.3958835262046705      74.280763634331464118   806
172 8362.9630214525786869      31.633988805685117285   810
173 8129.7980656229210581       0                      816
174 8145.9464028598922596      81.161430996330267362   820
175 8348.9452932006824994       0.19515287715159454485 826
176 8138.2996359779936029      70.637100761853261588   831
177 8352.250939465709962       34.79898927040181178    836
178 8181.8106629661797342       0                      841
179 8139.1547492526715359       0.00046932426150361241 846
180 8503.2128627565853094      44.027225836450817553   851
181 8186.3790410944047835       3.2966659900777672831  856
182 8123.3279903380935139       0                      861
183 8758.1923653334742994     135.29476505390340435    866
184 8154.280997014418972        0                      872
185 8532.9305844468872237       3.3275819156111126063  877
186 8135.9290331557431273      68.214533039356865629   882
187 8455.7990837752295192      10.474009640567743418   887
188 8205.9012961051412276       0                      892
189 8131.1817328614270082      36.40304068157662698    897
190 8277.0592537535449082     169.17595362721559127    902
191 8700.9087700064192177       0                      906
192 8960.1375760192659072       8.5681555912295337407  911
193 8199.4178781005757628     169.31773994139726369    916
194 8528.3785723845739994     1024.5168138490789715     921
195 8807.6593916435886058     396.19630567305796376    926
196 8442.8122049582689215     1013.1355938233594998     931
197 8455.3825550966284936     490.06803599693967044    936
198 8131.956063514780908        5.3353110963770626896  941
199 8305.3591218836318149       0                      947
200 9788.2899729016480705       0                      952
201 8210.0657422576750832       4.2752733817079695555  957
202 8131.0293780803822301       0                      962
203 8122.5710068025855435       0                      967
204 8149.6048978423186782       0                      972
205 8138.810392635225071        0                      977
206 8281.8762391153813951      14.087993436199095498   982
207 8217.9869411028957984     108.79055765854612048    987
208 8131.6034833121793781       0                      992
209 8128.5769984248108813       0                      997
210 8152.3061074263241608       0                      1002
211 8208.8229188788791362       7.5174469119349724977  1007
212 8427.2412390317185782      32.533604745804034053   1012
213 8114.4670385929384793     139.08560620474366942    1017
214 8135.0921611402054623       0                      1022
215 8240.4682372409351956       0                      1027
216 8504.0085405187492142      54.969613106711882722   1032
217 8199.5898437251671567       5.7610497446862600768  1037
218 8114.1836018536678239     277.18406233010375672    1042
219 8175.5793783299723145       0                      1047
220 8175.8884352605728054       0                      1052
221 8141.4821913627056347       0                      1057
222 8202.3472343425128201      25.892806186747623798   1062
223 8221.4274970565384137     106.3088270546278693     1067
224 8115.4592625916948236       0                      1072
225 8479.858072106137115      992.6297358087391558     1077
226 8132.7238829843417989       0                      1082
227 8193.2743421761206264       0                      1087
228 8211.5163147960411152      23.142509238664597859   1092
229 8273.8130692716131307      60.528764849773544654   1097
230 8182.3026534267146417       0                      1102
231 8132.7016696608843631       2.3980795007902826477  1107
232 8119.6680793435407395     469.29600699050507728    1112
233 8111.4753694048704347     122.13576276197048287    1117
234 8180.3505841456244525     187.5283021758800146     1122
235 8106.7458175444598965       0                      1127
236 8245.5277583309525653      29.829167159699611744   1132
237 8284.5342147059855051       0                      1138
238 8140.3072188689948234       0                      1142
239 8245.05018517661847        15.812577133972405719   1148
240 8120.7083509233134464       0.32835104479745408357 1152
241 8386.1180409240860172      14.345992093619534202   1157
242 8315.3918076018271677       0.11494953463919772851 1162
243 8094.7351205716549885       0                      1167
244 8579.2946772474751924     1461.7988302913538519     1172
245 8156.3662345672764786     322.56325051337000787    1178
246 8377.3781730772170704       2.6038221874261338051  1183
247 8098.6007734063960015       0                      1188
248 8250.590408614527405        8.3689368604307645683  1193
249 8097.0782636596450175     374.56702520809847101    1198
250 8115.3023991032378035     427.56229700493975088    1202
251 8235.2005876516541321     365.34504023026107689    1207
252 8300.9774163088877685     577.19173877198568334    1212
253 8195.0382073288255924     304.88394714009336894    1217
254 8485.7625603721899097     975.05159481610985495    1222
255 8782.4602105514750292      23.895375875556521095   1227
256 8702.9480657596232049     128.83098957475803559    1232
257 8091.228479085926665        0                      1237
258 8090.3615062666431186       0                      1242
259 8124.2010747812964837       0                      1248
260 8893.0512092628559913       0                      1253
261 8199.7978870100923814      20.23551345658278322    1258
262 8207.540790839402689       93.728946745441660937   1263
263 8101.5757285219151527       0.04339871281245664264 1268
264 8165.4141016349549318       0                      1273
265 8137.65627190941359        45.601079263078844406   1278
266 8548.0091385916857689      67.129665057600746536   1283
267 8144.0760491754035684     206.53249552230346353    1287
268 8668.685316006805806       82.891570424675435902   1292
269 8189.9610130925293561     567.47340436783770201    1297
270 8178.0318776604608502     495.16159114357202498    1302
271 8712.8299956399405346     979.41400852811989353    1307
272 8383.341345116512457      1687.1428341892069511     1312
273 8431.3525705526626552     7543.4035397008647124     1317
274 8482.4853165280910616       0.00925206505031808679 1323
275 9792.9545690675713558       0.82470684286203810309 1328
276 9992.8461128534745512       0                      1333
277 8107.3859598774843107       0                      1338
278 8234.6482724487941596       0                      1343
279 8092.1146159340560189       0                      1348
280 8278.9422543789914926       0.8279064765834848183  1353
281 8280.1358095812229294      13.686403570442639221   1358
282 8100.6054348509333067      51.196569300654729773   1363
283 8104.3560869834827827     175.97886273759115738    1368
284 8091.0296759268521782     323.18925075998527063    1373
285 8163.8552113251662377     144.61297408632904649    1377
286 8231.7417908877669106     156.82899021323680699    1382
287 8153.4296891776539269     194.59423452018813805    1387
288 8162.6028133836625784       0                      1393
289 8162.9103575870030909       0                      1398
290 8144.3977773622291352       0                      1403
291 8110.3291319181716972       0                      1408
292 8278.7816921965168149      12.937475694921104719   1413
293 8229.1613624305864505      80.640440874997011633   1418
294 8128.0063055877199076       0                      1423
295 8096.4199833006341578       0                      1428
296 8106.5685651399835479       0                      1433
297 8107.0360915767769256       0                      1437
298 8096.0707210987866347       8.9262938654918304593  1442
299 8095.3491536127821746     124.77570831439625465    1447
300 8097.7010554920998402       0                      1452
301 8112.8248924703475495       0.13551461764336614202 1457
302 8203.0161396427538421     450.00259737756209688    1462
303 8146.362991044793489       30.316587875643968175   1467
304 8107.0674482401527712       0                      1472
305 8096.1565973381857475       0                      1478
306 8109.9988957619343637     272.7628325475868678     1483
307 8190.3811725717760055      25.264342662421640284   1487
308 8265.1040683511237148      59.495074024955307834   1492
309 8162.6234719130461599       0                      1497
310 8102.7059670640728655       0                      1502
311 8096.0811401100036164       0                      1507
312 8089.3013270515493787       0                      1512
313 8089.3196302516935248       0                      1517
314 8101.8899499657236447       0.00264325345304594877 1522
315 8092.7974808194376237       0                      1527
316 8185.6135851225380975      27.058914742559494471   1532
317 8261.4933247450844647      61.014294866782925908   1537
318 8091.2469813457291821       0                      1542
319 8094.459434451638117        0                      1547
320 8093.0585667481600467       0                      1552
321 8090.0970334144785738       0                      1557
322 8104.3513129032799043       1.4283063021039525964  1562
323 8091.7599803193506887       0                      1567
324 8107.7717311803799021      66.558656244793610313   1571
325 8101.0344278515394763     418.99530367093569794    1576
326 8130.4452696928783553       0                      1581
327 8166.5732932946411893       1.4453506278304286692  1586
328 8105.0061074280301909       0                      1591
329 8094.3414356890116323     197.31918871264576865    1597
330 8094.9900429973777136     211.44687787362892095    1602
331 8154.0593310398307949     169.5009593442439666     1607
332 8258.8621974454963492      90.881296111526935988   1612
333 8125.5620000584594891       2.9325953464152054728  1616
334 8088.9181698708216572       0                      1621
335 8125.3158759290581656       0                      1626
336 8092.4586637540178344       0                      1632
337 8124.6996733663381747     293.97605902800643207    1637
338 8125.003748269839889      294.56884288550878637    1642
339 8104.7572744320787024       0                      1647
340 8250.2594990107791091      39.974916319275600074   1652
341 8269.2542328101535531      48.147053701556281169   1657
342 8100.0086074078280944       0                      1662
343 8090.8279819980152752     318.58742668143895571    1667
344 8091.7121462291734133       0                      1672
345 8093.7562466622684951       0                      1677
346 8104.5324092219379963       0                      1682
347 8087.7423515379578021       0                      1687
348 8086.9975338551093955       0                      1692
349 8092.0361007962364965       0                      1697
350 8096.8035883540842406       0                      1702
351 8172.4907558958639129      35.636692283155468886   1707
352 8264.9221172731122351      53.585658970189186334   1712
353 8085.1308728487483677       0                      1717
354 8083.1586712271810029       0                      1722
355 8083.2624282838451109       0                      1727
356 8223.3776561291088001      80.089903715128869521   1733
357 8195.406835262047025        0.17904039503249055687 1738
358 8186.9061492868913774      27.308829542498248344   1743
359 8245.0678574424873659      62.710909911743748069   1748
360 8086.1090003919043738       0                      1753
361 8089.4649107166715112       0                      1757
362 8125.1531527225861282       0                      1762
363 8113.5331257070065476       0                      1767
364 8084.028982678821194        0                      1772
365 8115.0026566990018182       0                      1777
366 8085.0627760045463219     381.72673327690699807    1782
367 8084.9976049511515157       0                      1787
368 8140.8360325246394495     122.22253123209164016    1792
369 8158.7171622740806924     551.60505957953728284    1797
370 8109.4312538770991523       0                      1802
371 8082.0327199265466334       0                      1808
372 8108.0473317783589664       0                      1813
373 8092.6440462429782201       0                      1818
374 8094.1890774105722812       0                      1823
375 8094.1189801068485394       0                      1828
376 8092.2865232948715857       0                      1833
377 8186.3485235622747496      29.225483552548830346   1839
378 8232.2558033805107698      65.168556970936748485   1843
379 8089.0961126427446288       0                      1848
380 8089.55735126422951         0                      1853
381 8082.3382435239764163       0                      1858
382 8082.4747166530632967       0                      1863
383 8083.9169749148086339       0                      1868
384 8089.6837057533475672       0                      1873
385 8093.9076197482354473       0                      1878
386 8083.9629936146302498     342.98632390672293013    1883
387 8120.4328651995110704      77.255884601422735614   1888
388 8200.9722927211714705     362.70777561421385826    1893
389 8111.4815520973761522      83.073802594787764519   1898
390 8093.6674896056847501       0                      1903
391 8165.4404155661268305       0                      1909
392 8165.9754203663251246       0                      1914
393 8085.6643699682499573       0                      1919
394 8085.1220254596310042       0                      1924
395 8205.7806279309788806     113.21285567925190207    1929
396 8124.8215276032269685       6.2136256225449333357  1934
397 8083.053807202914868        0                      1939
398 8082.9074799543695917       0                      1943
399 8083.3745823176095655       0                      1948
400 8082.9261661235941574       0                      1953
401 8084.9958272581598067     332.6681160843150451     1958
402 8085.101587868378374        0                      1963
403 8088.7576256022466623     100.93216622412454342    1968
404 8093.0579669338703752     251.7287129804840049     1973
405 8130.6668134396095411       0                      1978
406 8151.0727057105250424       0                      1983
407 8090.2319324496820627     170.6778922131089189     1988
408 8087.8685980565223872       0                      1993
409 8084.3698470460703902       0                      1998
410 8103.3287409842851048     253.15272938302589978    2003
411 8088.4951421063678936       0                      2008
412 8082.0406265380570403       0                      2013
413 8082.1681126492494514       0                      2018
414 8082.0530852477486405       0                      2023
415 8082.4988235164155412       0                      2028
416 8082.8806825989486242       0                      2033
417 8082.8792270421472494       0                      2038
418 8083.1623761916889634       0                      2043
419 8083.9533798037227825     345.51235746188825715    2048
420 8141.148388921111291       80.947439621720931768   2053
421 8145.3680895269308166     484.47611511644015536    2058
422 8084.9049605743839493       0                      2063
423 8088.5345726184314117       0                      2068
424 8087.8049284157023067     250.79181515110295209    2073
425 8085.7269440263207798     299.97929221950397505    2078
426 8082.5327089294305551       0                      2083
427 8082.0584586161112384       0                      2088
428 8082.1279766707384624       0                      2093
429 8082.1608223881385129       0                      2098
430 8082.3455691825820395       0                      2103
431 8082.8261959272185777       0                      2108
432 8087.2898914792504002     140.43888413040988894    2112
433 8089.5899926833826612     503.97130784662971337    2117
434 8083.4697021963838779     304.21451906547332555    2122
435 8136.470803992524452        0                      2127
436 8141.4748764716896403       0.01149105088505466936 2132
437 8088.5390855465375353     105.0534304448000853     2137
438 8090.6727640152421372     513.27416103781365564    2143
439 8087.2194996931539208     334.39760363848506586    2147
440 8085.8936594944807439     298.68112910087410228    2152
441 8082.5433099191695874       0                      2157
442 8082.1153425734282791       0                      2162
443 8082.0449555431596309       0                      2167
444 8082.8447771249921061       0                      2172
445 8082.0689076849248522       0                      2177
446 8082.048192163540989        0                      2182
447 8082.0803666127658289       0                      2187
448 8083.0369818264725836       0                      2192
449 8086.7606492610138957     123.43648572366440419    2197
450 8139.459652644111884        0                      2202
451 8139.6697141867107348       0                      2206
452 8088.4487945805558411       0                      2212
453 8085.5238679120757297       0                      2217
454 8083.5916135003244563       0                      2222
455 8084.1118072687386302     337.18179703742146103    2226
456 8082.0196469300553872       0                      2231
457 8095.1926288132499394     366.34889295693506028    2236
458 8084.0604489444285718       0                      2242
459 8140.5184462530751262       0                      2247
460 8142.3373683785903268      97.762693975474164176   2252
461 8083.826892242890608      301.0409508591295662     2257
462 8082.5305767215204469       0                      2262
463 8081.9858925843445832       0                      2267
464 8082.131397640945579        0                      2271
465 8083.0128215363720301       0                      2277
466 8083.6941978092309          0                      2282
467 8137.0452531891451144     507.802203557581322      2287
468 8138.3236999768696478       0                      2292
469 8083.7874948928556478     301.88605451779636724    2297
470 8082.9684216337682301       0                      2302
471 8082.041814899252131        0                      2307
472 8081.9709786191242529       0                      2312
473 8082.1518249661303344       0                      2316
474 8139.7230034205076663       0                      2322
475 8140.8806745502151898       0                      2327
476 8082.3267451319807151       0                      2332
477 8082.4309807514418935       0                      2336
478 8083.9182516052869687     299.19665661740589258    2341
479 8082.4783323818319332       0                      2346
480 8082.0161809610426644       0                      2351
481 8081.9659154973051045       0                      2356
482 8082.0769811488262349       0                      2361
483 8082.9031996984667785       0                      2366
484 8082.0383534587545          0                      2371
485 8141.2573073214325632      94.895524489573617188   2376
486 8141.7378932568672099      95.879330464825386571   2381
487 8084.0480021565554125     297.90571137931635803    2386
488 8082.4665113640339769       0                      2391
489 8082.036347891134028        0                      2396
490 8082.0997639571714899       0                      2400
491 8082.0217810556387121       0                      2405
492 8081.9760439901019708       0                      2410
493 8082.9656762020804308       0                      2415
494 8082.7459494046215696     372.40389164402176903    2420
495 8084.2443199655708668       0                      2425
496 8088.8521367660187025     476.34458045495910028    2430
497 8137.4749694706379159       0.82574102938826376974 2435
498 8142.934181872001318        0                      2440
499 8136.8130182824343137     3624.9594911676822448     2445
500 8135.732853155446719        0.16265254595875533461 2450
501 8137.8608323500193364       0                      2455
502 8084.9161607845217077       0                      2460
503 8084.0550927448766743     297.64140665598654323    2465
504 8082.0004983281787645       0                      2470
505 8082.0176548669560361       0                      2475
506 8081.9399810047652863       0                      2480
507 8082.1088624783378691       0                      2485
508 8081.9378581190694604       0                      2490
509 8082.0064597434857205       0                      2495
510 8146.3272171156277182       0                      2501
511 8147.3567452489496645     124.58797403924282321    2506
512 8082.0895897023392536       0                      2511
513 8082.1215913343021384       0                      2516
514 8084.0530212699495678     296.82862781902048255    2521
515 8082.4554291571403155       0                      2526
516 8081.9644299199262605       0                      2530
517 8081.9970485981548336       0                      2535
518 8082.9276768487006848       0                      2540
519 8082.0010091214235217       0                      2545
520 8082.0079991624397735       0                      2550
521 8082.8492692693935169       0                      2555
522 8083.6515482457352846       0                      2560
523 8082.1569984402112823     335.07685532345175261    2565
524 8136.8836187099659583       0.24325973839415557243 2570
525 8142.942624249995788        0                      2575
526 8082.0173061660088933       0                      2580
527 8082.0342186885936826       0                      2585
528 8137.0824169625930153       0.0194086436455502484  2590
529 8084.0051873275870093     338.55089897992007764    2595
530 8082.0058707418565973       0                      2600
531 8081.9327701789306957       0                      2605
532 8082.1640307999277866       0                      2610
533 8081.9460475012901952       0                      2615
534 8081.9469081865581757       0                      2620
535 8138.0602287264318875       0                      2625
536 8084.0822359137109743     295.26872948008974618    2630
537 8082.4354811473158406       0                      2635
538 8081.9758392558751439       0                      2640
539 8081.9167177763929431       0                      2645
540 8082.0315524383786396       0                      2650
541 8081.9683445758419111       0                      2655
542 8141.4821913626819878       0                      2660
543 8137.7127502573794118       0                      2665
544 8084.0358264782116748     295.53661802736064601    2670
545 8082.4657730923518102       0                      2675
546 8081.9660862663859007       0                      2680
547 8082.9345414224608248       0                      2685
548 8084.0645226601800459       0                      2689
549 8084.1353553194448978       0                      2694
550 8084.0520653566236433       0                      2699
551 8082.158090833391725      333.65910565694917977    2704
552 8082.75402344464419         0                      2709
553 8084.0855973706857185       0                      2714
554 8138.8352230944637995       0                      2719
555 8138.8972155558221857       0                      2724
556 8088.7768598485936309       0                      2729
557 8081.9461369574628407       0                      2734
558 8137.6614565247173232       0                      2739
559 8138.7191496675704911       0                      2745
560 8082.3088604259273779     325.76278968696652782    2749
561 8081.9818645356954221       0                      2754
562 8088.4006680244601739     114.9114016764349202     2759
563 8081.9212586271833061       0                      2764
564 8081.9537653576890079       0                      2769
565 8081.9234104928837041       0                      2774
566 8082.9235310366766498       0                      2779
567 8088.3233070352425784     109.67142972481201468    2784
568 8082.7550401520175001       0                      2789
569 8083.999792900821376        0                      2793
570 8137.4257480356709493       0.55873647005465476578 2798
571 8142.9114410940883317       0                      2803
572 8083.9368705104616311     344.10885474209050017    2808
573 8081.9203794707837005       0                      2814
574 8139.5377692897400266       0                      2819
575 8088.3465810881607467     108.6870001191310422     2824
576 8082.3102639940889276     324.33200195651966169    2829
577 8081.9721334685809779       0                      2834
578 8081.9174166122120369       0                      2839
579 8081.9207105081841291       0                      2843
580 8081.9201980625466604       0                      2848
581 8081.9445026055873313       0                      2853
582 8083.4279503744974136     300.91674309592451664    2858
583 8083.9709865918448486     342.61198868677695373    2863
584 8093.1049338383554641     171.88606049567658829    2868
585 8138.7998786379612284       0                      2873
586 8139.4219570107734398       0.00383503859123379481 2878
587 8083.5031622443602828       0                      2883
588 8141.1203326609720534       0                      2888
589 8082.1942892500865128     328.0833689367349848     2893
590 8081.9248219340051946       0                      2898
591 8081.9187874481976905       0                      2903
592 8081.9844697470161918       0                      2908
593 8081.9177064189643716       0                      2913
594 8082.0166213032125597       0                      2918
595 8082.9217348223583031       0                      2923
596 8084.0275961211509639       0                      2928
597 8088.3227803968939043     110.80761250078899138    2933
598 8144.4938437171676924     100.50609007053022026    2938
599 8140.0154516405800678     413.54097970296794529    2943
600 8140.5194723394415632       0                      2948
601 8139.666654836935777        0                      2953
602 8083.5102359747552327       0                      2958
603 8083.5002060719816654       0                      2963
604 8082.1856344034131325     328.63542573044020401    2968
605 8081.9172324014289188       0                      2973
606 8081.9162446564951097       0                      2978
607 8081.9246942478084748       0                      2983
608 8138.7998786379703233       0                      2988
609 8082.1610076198367096     331.42058288486583706    2993
610 8081.9255313694311553       0                      2998
611 8081.9184407918974102       0                      3003
612 8081.9202332678169114       0                      3008
613 8081.9213485773352659       0                      3013
614 8081.945196848318119        0                      3018
615 8081.9870893957722728       0                      3023
616 8082.159658894786844      332.82145692803550219    3028
617 8082.9199087544075155       0                      3033
618 8084.857323720041677        0                      3038
619 8140.0223974442124018       0                      3042
620 8139.0996361137877102       0                      3047
621 8081.9155516068603902       0                      3053
622 8081.9224936411937961       0                      3058
623 8081.993402374064317        0                      3063
624 8143.3745916527759618       0                      3068
625 8082.296486252833347      325.15988595463153388    3073
626 8081.9186758322175592       0                      3078
627 8081.9171255172268502       0                      3083
628 8081.919573888456398        0                      3088
629 8081.9851735521679075       0                      3093
630 8082.7587772263877923       0                      3098
631 8082.950268591236636        0                      3103
632 8082.7832617677686358       0                      3108
633 8082.1605025784774625     333.37565450306823323    3113
634 8138.6264439480428337       0.00020957853801899869 3118
635 8137.0738974667583534       0                      3123
636 8136.0912563161382423       0.00203431694387422443 3128
637 8136.2183069911843631       0.00081847155433025789 3133
638 8081.9162248666279993       0                      3138
639 8081.9163619098035269       0                      3143
640 8081.929658463935084        0                      3148
641 8082.2236284071386763     328.42739246726398505    3153
642 8083.9945086721381813       0                      3158
643 8089.1619999243812345     119.46007007404895717    3163
644 8088.3464684101581952     110.46986781434048908    3168
645 8139.2206661496002198       0                      3173
646 8138.0128278205393144       0.00676429478062139794 3178
647 8081.9950792979079779       0                      3183
648 8138.2313036690920853       0.00410399818314645132 3188
649 8082.1816310825151959     328.90640057055520629    3193
650 8082.7539312078697549       0                      3198
651 8081.915516104035305        0                      3203
652 8081.9252775892764475       0                      3208
653 8081.9800758644023517       0                      3214
654 8138.2810194202793355       0.41154443357224840261 3218
655 8082.3592358177766073     322.66562373665607311    3223
656 8081.9660381020848945       0                      3228
657 8082.7533523686151966       0                      3233
658 8081.9206495070820893       0                      3238
659 8082.0135473932523382       0                      3243
660 8081.9208200243074316       0                      3248
661 8081.9444901388505968       0                      3253
662 8082.1625053116522395     332.53839088270393631    3258
663 8082.9191081758044675       0                      3263
664 8083.9841287306526283       0                      3268
665 8142.6564088735503901       0                      3273
666 8137.1187843105490174       0.52143100710637346751 3278
667 8081.9877869282199754       0                      3283
668 8081.9154192493651863       0                      3288
669 8081.93210442990312         0                      3293
670 8083.64213414409096         0                      3298
671 8140.1023367453562969       0                      3303
672 8082.3718815575257395     322.38589956952023385    3308
673 8081.9197270721861059       0                      3313
674 8081.9187425570762571       0                      3318
675 8081.9195003569802793       0                      3323
676 8082.7539192050271595       0                      3328
677 8082.920219934857414        0                      3333
678 8086.6495674126881568     127.1389043702560997     3338
679 8088.3357288657698518     112.10193455986568267    3343
680 8082.1662878288416323     333.64622800430112193    3348
681 8141.8500534883924047     502.40127396948469141    3353
682 8142.0753652518415038      88.368288585757312603   3358
683 8083.9861339457593203       0                      3363
684 8138.6795870284713601       0                      3368
685 8138.1589083192611724       0.00000045907549693723 3373
686 8136.7741066816906823       0                      3378
687 8083.6256560056690432       0                      3384
688 8137.1193592945619457       0                      3389
689 8135.7585767072177987       0.3510027051885063476  3394
690 8082.75713075985459         0                      3398
691 8082.7632070430909152       0                      3403
692 8081.9181511017350203       0                      3408
693 8081.9198205575039538       0                      3413
694 8081.9932133078846164       0                      3418
695 8082.7813318836797407       0                      3423
696 8082.1675192900283946     332.80885166625824922    3428
697 8141.0886288703495666     501.74160916487886652    3433
698 8142.1849922692608743     107.67963567200956732    3437
699 8143.4025648412007286       0                      3443
700 8082.9673711546074628       0                      3448
701 8148.1096144167549937     718.93517746406223523    3453
702 8082.1855122739352737     328.62520061079572997    3457
703 8081.9203839055498975       0                      3462
704 8081.9155207554531444       0                      3467
705 8081.9432299018026242       0                      3472
706 8082.9227970572601407       0                      3477
707 8082.1776340785127104     332.83032668825097744    3482
708 8088.3466280439515685     112.60893089315592874    3487
709 8089.0944437454973013     132.85021704779313723    3492
710 8137.6713361645324767       0                      3497
711 8141.59469070637806         0                      3502
712 8082.7545114260883565       0                      3507
713 8136.2832934325215319       0.41550150662556878389 3512
714 8136.3864563562556214       0.4462815195492851883  3517
715 8082.1963890346414701     327.79288042142661652    3522
716 8081.9234840269691631       0                      3527
717 8081.9174005135373591       0                      3532
718 8081.9168212659114943       0                      3537
719 8081.9162586047232253       0                      3542
720 8082.0216019743111246       0                      3547
721 8085.1869268761356579       0                      3552
722 8083.9843793784175432       0                      3556
723 8088.3104717646374411     111.30921465429506156    3561
724 8138.5878640091314082       0                      3566
725 8137.7371930020808577       0.00028610448845803126 3571
726 8081.9877869282136089       0                      3577
727 8136.4173086418068124       0.39442912091979648315 3582
728 8082.1901238376258334     328.34403429700904553    3587
729 8081.9434730164439316       0                      3592
730 8083.9938658086239229     342.21062905729002068    3597
731 8082.5194311638533691     357.46983998067832999    3602
732 8086.6468726373877871     126.26883171290434404    3607
733 8092.161926992224835      137.25188028580879518    3611
734 8142.3794871018799313      75.759248779758252113   3616
735 8147.0907972131935821     720.82807783479347563    3621
736 8082.1692125679946912     331.11532613991323615    3627
737 8139.5290406210224319       0                      3632
738 8140.5846440752093258       0                      3637
739 8081.9173560131575869       0                      3642
740 8082.2014344166163937     327.51209935095783976    3647
741 8082.8029234429477583       0                      3652
742 8083.9821269534950261     321.88338986284685461    3657
743 8086.645815696313548      126.09020824818806261    3662
744 8092.1432018908617465     137.17826236808508611    3667
745 8085.0551662842690348     343.92588136839339086    3672
746 8138.2858796090977194       0                      3677
747 8138.6551213533894042       0.00228825209130003671 3682
748 8083.9809942730416878       0                      3687
749 8137.313486202076092        0                      3692
750 8081.9993606999514668       0                      3697
751 8082.9197071597036484       0                      3702
752 8085.1951318408564475       0                      3707
753 8138.6360916144703879       0                      3712
754 8138.5535178502377676       0.00059564968647014274 3717
755 8083.9952070911103874       0                      3722
756 8082.8357504545620031       0                      3728
757 8137.5315014601828807       0.15757542186727216404 3733
758 8082.1703909955294876     331.97235854717024495    3738
759 8089.1461945153641864     117.43716044917545105    3743
760 8088.3152882093845619     110.81799840984875516    3747
761 8083.4288941946724663     298.7180324713229993     3752
762 8089.0536067746206754     132.50976145513874371    3757
763 8083.0046695328046553     321.87232964244100231    3762
764 8138.6865748430609528       0.00006195502866179151 3767
765 8137.6366366970833042       0                      3772
766 8137.4255139623228388       0.1395071198438485871  3778
767 8138.2963503803193817       0                      3783
768 8137.4772929390801437       0.44556050518149431516 3788
769 8141.867454380187155        0                      3792
770 8083.9888614348774354       0                      3798
771 8084.8700831220612599       0                      3803
772 8137.0464411550765362       0                      3808
773 8081.918405026700384        0                      3813
774 8081.9175675008182225       0                      3818
775 8081.9188346712762723       0                      3823
776 8082.9234475227231087       0                      3828
777 8089.0445696049846447     132.85073274603178106    3833
778 8082.1659481262659028     333.3409960846845479     3838
779 8088.3073054306232734     111.80161704222456365    3843
780 8138.2930351682962282       0                      3848
781 8138.5961845815318156       0                      3853
782 8085.1984906484458406       0                      3859
783 8082.4952145646175268     358.57644185340143395    3864
784 8086.6468671088141491     126.61396049690118559    3869
785 8137.770364454430819        0                      3874
786 8139.4198254674320197       0                      3879
787 8081.9228797850364572       0                      3884
788 8081.9899584987333583       0                      3889
789 8082.7592657052591676       0                      3894
790 8082.9229032592138537       0                      3899
791 8082.9236086802193313       0                      3904
792 8082.8095282229824079       0                      3909
793 8083.6294847057542938       0                      3914
794 8083.9859596901687837       0                      3919
795 8142.1537285569938831     106.84441726507886017    3924
796 8141.160020960044676      497.94315294478991518    3929
797 8081.9195003569848268       0                      3934
798 8082.7822945693396832       0                      3940
799 8137.7098151687878271       0.13971096352812403807 3945
800 8082.9237054621398784       0                      3950
801 8092.139521717248499      136.70879094739163406    3955
802 8083.9764655513627076     343.02381025536072912    3960
803 8141.953094559409692       75.914953609296588866   3965
804 8146.6556579632360808     695.55097710976974668    3969
805 8092.1138544249834013     136.51371653855238719    3974
806 8082.0149536248318327       0                      3980
807 8140.4016004027289455       0                      3985
808 8137.4788857643688971       0                      3990
809 8081.9973873694079884       0                      3995
810 8083.9949812564755121     344.53525214318182179    4000
811 8084.8537748311955511       0                      4005
812 8082.4927237968377085     357.68621299969993288    4010
813 8138.0601178222386807       0                      4015
814 8139.1260207625255134       0                      4019
815 8082.9248189036079566       0                      4025
816 8139.4972768614752567       0                      4030
817 8081.9933946921119059       0                      4035
818 8081.9206835495597261       0                      4040
819 8085.1896774428478238       0                      4044
820 8085.1838323355596003       0                      4049
821 8138.1253467950573395     416.21691691483130171    4054
822 8143.6122801597039143     121.22615207791272951    4059
823 8081.9186758322184687       0                      4065
824 8137.1944902981122141       0                      4070
825 8081.9164202459787703       0                      4075
826 8081.9238411754049594       0                      4080
827 8081.9230092021471137       0                      4084
828 8081.9452364257558656       0                      4089
829 8081.9475344222591957       0                      4094
830 8081.9443276142001196       0                      4099
831 8138.7916216339999664       0                      4104
832 8138.435645919936178        0                      4109
833 8082.7559275043313392       0                      4115
834 8138.399036357368459        0                      4120
835 8083.9862395699337867     343.25545802221870417    4125
836 8084.0127504433003196       0                      4130
837 8086.6752012319338974     126.93299326805389171    4135
838 8092.1261813237551905     137.01832495083709773    4140
839 8143.6222621666483974      80.430573589332908568   4145
840 8145.8973013459226422     689.41004402969508646    4150
841 8082.7545906771301816       0                      4155
842 8138.2060936896823478       0                      4160
843 8083.4609334865544952     298.23846986331670905    4165
844 8088.3122163685820851     110.9852002060545999     4170
845 8136.9507183525001892       0.43604246713486916054 4175
846 8141.9261700056358677       0                      4180
847 8082.1660826803517921     332.25535806025959573    4185
848 8084.8486729139276576       0                      4191
849 8137.1792286672971386       0                      4196
850 8081.9945348779774577       0                      4201
851 8083.9982996058579374     345.45234981927524132    4206
852 8083.9893926995009679       0                      4211
853 8092.132213279134703      137.65879400651164133    4216
854 8143.4994783450410978     100.9328952426871524     4221
855 8138.0587145586550832       0                      4226
856 8082.8043723298596888       0                      4231
857 8082.0225328460019227       0                      4236
858 8083.991710334174968        0                      4241
859 8085.0589522422615119     342.45296259736733191    4246
860 8085.1876655408987062       0                      4251
861 8092.146634412532876      136.91547687357817153    4256
862 8143.5432070760807619     101.23329286925495296    4261
863 8082.7688918120993549       0                      4266
864 8138.5446889116337843       0                      4271
865 8138.7783753227358829       0                      4276
866 8086.6561673630985752     127.15275153869910696    4281
867 8082.4994063634376289     359.44597617525300848    4286
868 8082.5037701254987041     359.467598474421834      4291
869 8084.8025114742467849     348.12715598230619207    4296
870 8093.0051960294131277     151.09743726907015571    4301
871 8092.1251530750505481     137.45234954844528374    4306
872 8083.9922988078724302     340.93728077837795354    4311
873 8138.7713209562325574       0                      4315
874 8138.4631102363173341       0.00068014519223770975 4320
875 8137.8630243791412795       0.44369503231681389765 4326
876 8136.9075585466052871       0.45591835681863074337 4331
877 8082.1652295206722556     331.95092014032735506    4336
878 8085.9587241816489041       0.03265366517425852266 4342
879 8137.2994881660688407       0                      4347
880 8083.625649887389045        0                      4352
881 8082.9190409795255619       0                      4357
882 8138.5378100683074081       0                      4362
883 8139.225625909700284        0                      4367
884 8081.9464947539581772       0                      4373
885 8081.9164530493508209       0                      4378
886 8081.9151187665493126       0                      4383
887 8081.9186172812878795       0                      4388
888 8084.8457598891209273       0                      4394
889 8137.2317460163194482       0                      4398
890 8082.3852574011225443     322.10621064255491319    4403
891 8081.9583930758572023       0                      4408
892 8081.9888256743861348       0                      4413
893 8082.1763198716807892     332.27679169146944105    4418
894 8082.1857295410036386     332.00567353141781268    4423
895 8082.7535575608608269       0                      4428
896 8083.4327281802097787     298.46673385689354063    4433
897 8088.3415097451379552     110.77003873001714851    4438
898 8088.3200401864523883     112.13971983828901102    4443
899 8083.4426602762532639     301.29091029519651102    4448
900 8142.8362631748304921      74.674993673222772372   4453
901 8145.7628561633546269     689.25486317972035977    4458
902 8092.1642730823177772     137.78435656416053234    4463
903 8082.781596766214534        0                      4469
904 8081.9191705067687508       0                      4474
905 8081.9171294087445858       0                      4478
906 8082.9199913934398865       0                      4483
907 8083.9899556892496548       0                      4488
908 8082.1636453991786766     333.09223647733989537    4493
909 8084.0165625339195685       0                      4498
910 8088.3138388602483246     111.14183705929168866    4504
911 8138.2236934772026871       0.12658998439200261354 4509
912 8141.1252529563853386       0                      4514
913 8083.9839121741306371     341.07106986771003676    4519
914 8081.9433451492432141       0                      4525
915 8137.5500782074514063       0                      4530
916 8081.9429966318448351       0                      4535
917 8081.9429209166828514       0                      4540
918 8082.780377877965293        0                      4545
919 8082.7553443563374458       0                      4550
920 8139.0249256663955748       0                      4554
921 8082.1660247780400823     330.84516020889827814    4560
922 8137.2825108855076905       0                      4565
923 8082.1901238376258334     328.34403429700904553    4570
924 8081.987796503825848        0                      4575
925 8082.8022053214581319       0                      4580
926 8085.1860617810461918       0                      4585
927 8083.9926486939375536       0                      4590
928 8082.4910330404227352     357.111414235870825      4595
929 8087.1926855340361726     147.84332115992307877    4600
930 8137.6967942035880696       0.12154540434607198629 4605
931 8141.6485774236443831       0                      4610
932 8086.6438445612930082     125.19795950764343218    4615
933 8082.190123837617648      328.34403429700904553    4620
934 8081.919250560978071        0                      4625
935 8081.9175917182537887       0                      4630
936 8081.9193024226451598       0                      4635
937 8082.1697341523367868     330.54151121786725298    4640
938 8138.4440788853535196       0                      4646
939 8087.4880327634309651     133.66214497464139299    4651
940 8082.1628485197270493     333.92999809756719287    4656
941 8082.1937655521196575     331.74426693540056021    4661
942 8082.4954242079738833     358.87015193793848766    4666
943 8082.7534164636772402       0                      4671
944 8088.3102320428342864     111.63388668983984076    4676
945 8089.1603061441037426     117.10598967768279977    4681
946 8141.1187213285793405     499.09722274200680658    4686
947 8142.1979536587950861     107.15413260956809438    4691
948 8082.4924401733615014     358.00110906883207917    4696
949 8139.0170407339210215       0                      4701
950 8082.9608080737634737       0                      4706
951 8086.6553775415577547     126.97357304104284026    4711
952 8082.1901625482769305     332.58070078198488773    4716
953 8084.0198615094113848     342.79767801893257229    4721
954 8092.1337129187822939     137.22791651817487946    4726
955 8089.0570496759073649     132.32695756910345608    4731
956 8137.9055610736859308       0                      4736
957 8139.288206468275348        0                      4741
958 8082.0119760957632025       0                      4746
959 8092.1502829763921909     137.38455482690804388    4751
960 8083.9727637076211977     344.43542253175786527    4756
961 8084.013266126596136      341.52362102258609866    4761
962 8092.1455120259834075     137.27099666594079963    4766
963 8138.1046782825078481       0                      4771
964 8138.2593848558808531       0.0005814057845857552  4775
965 8082.1724186476085379     330.01056540955443097    4780
966 8138.1059600013586532       0                      4785
967 8081.9847604919104924       0                      4790
968 8081.9907422604719613       0                      4795
969 8082.8065553666738197       0                      4800
970 8083.9933251506845409       0                      4805
971 8084.0227669235846406       0                      4809
972 8137.8697141238353652       0.00000014767451515638 4814
973 8136.8347509073255424       0                      4819
974 8082.7870069904120101       0                      4824
975 8137.136503042998811        0                      4829
976 8081.9164449962099752       0                      4833
977 8081.9912796822918608       0                      4838
978 8081.9469002222749623       0                      4842
979 8081.9284724788749372       0                      4847
980 8082.8068744688807783       0                      4851
981 8082.9206324697279342       0                      4856
982 8084.8829153253027471       0                      4860
983 8137.8392557882571055       0                      4865
984 8141.6165964358433484       0                      4869
985 8081.9191948144507478       0                      4874
986 8082.9528777068044292       0                      4878
987 8081.9448984766613648       0                      4883
988 8082.1900094420916503     331.16975411788473593    4887
989 8082.9489513204553077       0                      4891
990 8082.9236464548612275       0                      4895
991 8089.0586847345757633     131.42474728150838814    4900
992 8136.7282327900838936       0.48774173536645037963 4904
993 8142.0015165832655839       0                      4908
994 8137.4492135235041133       0                      4913
995 8082.9225979244638438       0                      4917
996 8082.8053453164893654       0                      4921
997 8085.1908267250810241       0                      4925
998 8140.9523217900441523     497.47107934571693022    4930
999 8141.4750584657322179      87.842258581884280488   4934
1000 8081.9904444413541569       0                      4938
