1 8618.8329720237143192     2985.2761875058808982     5
2 8881.5940877786179044     5995.219542697183897      9
3 8415.8213230997098435     2975.0216212009413539     13
4 8201.4030420579820202     7890.2924447276218416     17
5 8195.574183660593917      4077.1450937768499898     21
6 8422.000461447665657      4108.9528216194603374     25
7 8417.7717377222161304     3144.9294467902982433     29
8 8479.965102036463577      43969.027283244249702      33
9 8502.8728073397087428     9846.1750930464368139     37
10 8337.8126623705211387     3750.8528633264727432     41
11 8450.0331528616134165     16696.904133835079847      45
12 8480.1116262324230775     2924.5930389905588527     49
13 8489.01558643122371       7973.61563791430126       53
14 8756.8609357777131663     3104.8485768006112266     57
15 8209.2594144593585952     6619.5258113119989503     62
16 8398.2937869323159248     5922.0446632764842434     66
17 8229.5203793355358357     7998.3588108018493585     70
18 8612.9826836156444188     2330.9689447300715983     74
19 8428.1063120967046416     3932.6191428107499632     78
20 8480.7197712360248261     3062.929620444460852      82
21 8418.2600127467994753     4127.0306957044840601     87
22 9296.5753371849477844     3336.7775021945844856     91
23 8273.6275095020337176     3090.3471224338704815     95
24 8884.9302093964543019     3247.5176078225304082     99
25 9078.3262826880472858     12293.672289461515902      104
26 8431.8674550815940165     18437.277353620891517      108
27 8269.4696608250942518     2407.9790226574100416     112
28 8370.7604215464089066     27288.527734904735553      116
29 8508.0728863722870301     3727.179046239771651      121
30 8614.1412527587453951     2201.0444426122116965     127
31 8689.0935093662683357     2749.1189840468173315     131
32 8594.1351332523518067     18568.932497313744534      136
33 8616.6158302983767499     2872.1922279062687267     140
34 8731.5879135289214901     15203.537338447626098      145
35 8850.7107669604993134     12529.5933372521813        149
36 8669.3665047871272691     13354.153481533183367      153
37 8556.796986807095891      2458.330985723698177      158
38 8335.0849092412172467     8231.2993581100345182     162
39 8618.7128639246111561     1737.2565234920232342     167
40 8468.7778560034621478     1479.007132647564049      171
41 8409.0385934542337054     955.04218187106403093    176
42 8609.5807843054826662     780.85733318643929124    180
43 8548.3980440788382111     968.53769147784919369    185
44 9591.3012724363343295     5405.1249231551773846     189
45 8311.5441011627262924     85233.963759364240104      194
46 8173.576422393151006      7282.9800967214669072     198
47 8467.9421704245360161     1774.8757147664969125     203
48 8871.0226824661531282     855.37485986449928532    207
49 8609.1441597679040569     1103.3706267290806409     212
50 8607.0801183599814976     746.59032512507906176    216
51 8419.1228155813132616     502.83862410167910184    221
52 8411.1248437127742363     241.85773574550114517    226
53 8445.1487274347327912     723.49623357515110911    230
54 8552.1656680075357144     636.79513075859381388    235
55 8402.5486708197295229     382.59085800053145476    239
56 8397.1743332547157479     315.32435418167085572    244
57 8575.3529240603074868     137.25375834314289136    249
58 8459.6273776013294992     765.91228728511282497    253
59 8647.9383862524355209      74.92139514219894636    258
60 8578.2412715667433076     384.61908394142022871    263
61 8298.5723954456916545     430.29415543966695168    268
62 8533.1703646585920069     584.13574846912717931    272
63 8627.3672090964191739      64.654040485276937034   277
64 8571.704836459713988      3228.2615989849227844     282
65 8522.4978435437496955     398.84610031060151414    286
66 8617.3298960493775667     1162.506642188634487      291
67 8534.7271907446720434     14373.263129800663592      296
68 8520.339066895603537      4059.1188894106999214     301
69 8815.6890601308678015      26.783057363404765283   305
70 8627.476553975349816       38.452147024464764513   310
71 8758.8093605333615415     1048.7943787464205343     315
72 8442.7979842827517132     320.74780916910509632    320
73 8428.3327949011218152      55.3233517510249726     324
74 8485.4248030455346452      35.797568289535696806   329
75 8642.3687451429177599      59.624472045952437327   334
76 8644.9406791824148968      62.118983894063156015   338
77 8817.0649845621665008      87.525500890289265499   343
78 8441.7933770735762664     210.71256100439347847    348
79 8904.7353096019924124      19.800454914155107389   353
80 8625.2221906317536195       0                      357
81 8990.849624348233192      1478.9513806299994485     362
82 8424.0461393041387055     279.62790136310394473    367
83 8265.020189159329675      936.58781825778407892    372
84 9672.7667655278673919     402.99588912225271997    376
85 8344.4293275973523123     15884.479412425267583      381
86 8233.927975374928792      11432.807014757248908      386
87 8991.8654222628938442     2197.7492181911502485     391
88 8629.3186869007113273     149.79460937375353069    395
89 8623.2622203642349632     193.5095647087123325     400
90 8626.554025260886192      286.51205252742073526    405
91 8947.9970992325779662     19369.426003746219067      409
92 8999.6148336676797044     3544.6855854056916542     414
93 8532.2475839344933775     7397.5650601767456465     419
94 8575.7197339224803727     3323.2749200116695647     423
95 8773.6440900339748623     3763.4942725814144069     428
96 9152.2215730351781531     97164.157638456425047      433
97 11675.977987770307664       89.181159172872739305   438
98 8476.8389059475557588     2492.8057637027395685     442
99 8443.626946111644429      7970.3454716236419699     447
100 8195.3825117677406524     153.36351057159635047    452
101 8156.8278671065709204       0                      457
102 8574.1087371037847333     17520.446010009291058      461
103 8468.9329316139519506     1834.4841319917441069     466
104 8157.916699517159941      454.27759707787873822    471
105 8494.0502389594457782      29.45928509470068235    476
106 8164.4790341628340684     245.6472753454563076     481
107 8472.3523401986749377     369.80032844075759613    485
108 8487.7676115600024787     1032.5313472766988525     490
109 8520.5388694860794203     3600.9134889445972476     495
110 11845.285475690136082      295.58223420807729553    500
111 8345.0850910091503465     755.41277776809340594    505
112 8395.488712238968219      4001.9043049266570051     509
113 8170.050815438527934      5777.565134684909026      514
114 8156.4397592501227336       6.9374708962289712844  519
115 8175.9321437427079218     1103.6040213938190391     524
116 8091.8009745749031936       0                      528
117 8566.8301959962045657     5072.3695100187278513     533
118 8097.7182944562919147       0                      538
119 8108.1179816685917103      69.885292981613503116   543
120 8090.301558030675551        0                      548
121 8515.2320238306274405     134.83272169493889692    553
122 8094.5319543105933917     164.48611830739093875    558
123 8103.8504226608956742     141.23847842468887848    562
124 8116.204138103463265      1022.910841079192096      567
125 8175.0137332681943008     1214.8119427230883502     572
126 8099.5098971054703725       3.6047076964184237013  577
127 8131.8728197809350604     1289.8121592699399116     581
128 8286.4461506592197111      42.187932081399686979   586
129 8356.6272233806575969      56.446289596219997975   591
130 8209.427983585950642      958.64025965586245093    596
131 8174.7446405414539186     122.52809753816852378    601
132 8098.3705194265367027       0                      605
133 8112.2088417110498995       0                      610
134 8104.7665598556550322       0                      615
135 8451.9711153710322833      22.876260220062615502   620
136 8352.5847348137249355      56.37628582249711684    625
137 8816.1318377621955733      75.192868431360395221   629
138 8099.1596953140888218       0                      634
139 8130.7591040189445266       3.2593591649468849347  639
140 8330.0580453217280592       8.3945944074459735162  644
141 11552.397815554812041      3878.8108529252281187     649
142 8223.086339908406444      503.31122968852207578    654
143 8582.4178880916097114     3283.3220500822794747     659
144 8121.4099721407865218     9906.6886218678555451     663
145 8562.9447624720451131     3431.2613306106513846     668
146 11140.541653321246486      268.17444978497002239    673
147 8108.138610246749522      1414.2076093532318737     677
148 8525.7368225147038174     5364.5663353892405212     682
149 8114.8718618961383982       0                      687
150 8097.9046958601020378     167.33319496472154242    692
151 8102.6648712028290902       0.27198466650144376144 696
152 8562.8790374359577982      49.32469158881180249    701
153 8095.933308318840318        0                      706
154 8135.1802456958384937       0                      711
155 8224.4290492506588635       0                      716
156 8440.4624977725579811      41.709605042116628226   720
157 8583.2680722782934026     128.52794479549254447    725
158 8678.6816049457374902      67.578808591501257297   730
159 8092.7518628684747455       2.2702285243668711701  734
160 8125.2493165935893558     946.75299212667175652    739
161 11287.043259190973913      318.06418131540874583    744
162 8103.7574065221897399     3287.2271851073996913     749
163 8170.0683885553708024     4091.460929813137227      754
164 8506.8971335046480817     2534.5560931781351428     758
165 10331.542662842730351      14636.475813906445183      763
166 8488.04588949932986       92964.139908210985595      768
167 8095.1799689707349899     128.57061117084006696    772
168 8101.035934041758992      152.90558217377019901    777
169 8156.7638878838324672       0                      782
170 8154.3916381975022887       0                      787
171 8189.0313103684638918     480.02531771821196571    791
172 8503.6581756217237853       4.6079734588537801798  796
173 8255.7436943494994921      52.239059478087149557   801
174 8105.9042762843273522      59.259786081626614873   805
175 8466.373905897125951      1225.5198939853778484     810
176 8473.540714949978792       69.934346922348041176   815
177 8924.8211259677664202     4880.9184759318277429     819
178 8102.5441750988420608       0                      824
179 8193.5627428116458759      62.74770752040456756    829
180 8339.5765374925540527     259.92721769594072612    833
181 8346.8449259288991016     42335.01588848769461       838
182 8583.9242262383813795      17.717686908998455664   843
183 8318.388443936173644      1532.6642760310016911     847
184 8161.4813555938362697     3938.2875746531772165     852
185 8092.6114450465529444       0                      857
186 8098.8672546020889058       0                      862
187 8093.5585599328433091       0                      867
188 8281.1300613627518032      42.736907624610019241   871
189 8208.2504307624822104     122.6981936244738165     876
190 8096.1216851353237871       2.9996198423135242983  881
191 8121.316394589889569        0                      885
192 8302.3100361432971113     577.89422689012280898    890
193 8340.5919769171832741      69.94492434367361966    895
194 8210.4812063301324088     193.17911502987800532    900
195 8097.4805910394197781     729.0533507317055637     905
196 8153.7237927447131369     2176.4650276528268478     909
197 8201.0062091274303384     11169.563745048362762      914
198 8175.0481848016424919     6162.5607004653720651     918
199 8245.808142263766058      1473.2493857896984082     923
200 8145.6458368526200502     3343.1482483421236793     928
201 8089.2202221561301485       0                      933
202 8588.7554616740126221      49.582110941753626321   938
203 8104.5495818951267211     195.68149108801029001    943
204 8105.4455575481060805     174.63333691731821773    947
205 8155.8993584888476107     161.29890904868889834    952
206 8118.4899129891655321       0                      957
207 8090.0897968291001234       0                      961
208 8106.998024640022777        0                      966
209 8160.8986156505279723       3.7833338797098199358  970
210 8111.6503134981985568     355.94281342043478844    975
211 8089.2786023166854648       0                      980
212 8170.9658292710919341     1273.4873521770309708     985
213 8162.9249893122159847     291.2598981198403294     989
214 8328.2023337909158727     756.34579821395550425    994
215 8141.0001290810423598     172.349192381451644      999
216 8094.5244947256105661       0                      1004
217 8141.935093259147834      248.32176124912106729    1009
218 8106.4854591138891919     217.0119637165531401     1013
219 8108.6157042959075625     152.89389069415324229    1018
220 8269.1783969762764173      76.87737452155674589    1023
221 8172.0257126360611437     231.35498736144381837    1027
222 8099.7729235230417544       0                      1032
223 8101.4674534308223883       0                      1037
224 8144.319494987968028        0                      1041
225 8104.0990800347735785       0                      1046
226 8090.0177765561793422       0                      1051
227 8149.6410215983760281     212.10879441963223258    1056
228 8091.0859679814184346     511.13335746364828083    1060
229 8089.1372830430991598       0                      1065
230 8101.7033195790463651     355.78534764142392532    1070
231 8097.9179693818086889       0                      1075
232 8098.6681252487987877       0                      1079
233 8148.7073324472739841     153.27994778561892986    1084
234 8269.8216540659250313      65.10252973381076913    1089
235 8089.9603737388724767       0                      1093
236 8089.2196794628453063       0                      1098
237 8094.6399589588472736       0.10306486394835810694 1103
238 8475.7051205591778853      50.714765899413734473   1108
239 8090.9570940762841929       0                      1113
240 8089.986419678245511        0                      1118
241 8100.8619109170767842       0                      1122
242 8090.200368539617557        0                      1127
243 8088.4704027082771063       0                      1132
244 8428.2901725007559435      22.170949695272653912   1137
245 8096.3523778806547853       0                      1142
246 8108.6515568362101476     150.09943910791528765    1146
247 8191.9960124988756434     161.8432387559075778     1151
248 8089.509016526166306        0                      1156
249 8087.4250297785301882       0                      1160
250 8091.397231857908082        0                      1165
251 8098.4813505571573842       0                      1170
252 8278.9720768486622546       6.0102042674182722948  1175
253 8302.2724776110117091      33.739322224547542817   1179
254 8260.6799145875920658      11.196301912594075034   1184
255 8093.2058194615920002       0                      1189
256 8416.1395182800042676       0                      1193
257 8098.6086544045438131      46.050223991574924298   1198
258 8516.5370450309783337       7.3323823150411202576  1203
259 8087.5157983510280246     321.68170163909030634    1207
260 8451.3522885902930284      39.174773806438530244   1212
261 8299.6855361398302193     137.17561448607727925    1217
262 8113.4475078729774395     563.83128680949573663    1221
263 8092.7550833281138694       0                      1226
264 8093.9405743660536245       0                      1231
265 8098.5684253830168018       0                      1236
266 8098.103322947235938        0                      1240
267 8272.6809852038459212      54.135183052571321127   1245
268 8193.8056633244268596     156.040287811879125      1250
269 8088.9911302505352069       0                      1255
270 8090.0858386327618064       0                      1260
271 8087.864174151588486        0                      1264
272 8089.7573007948049053       0                      1269
273 8097.1630590319400653       0                      1274
274 8249.6218518010027765       0                      1278
275 8090.6506506545301818       0.00023131462779396787 1283
276 8119.5463448171394703     1624.4700098976657046     1288
277 8087.9493189264185276       0                      1293
278 8088.1294004118626617       0                      1297
279 8088.6373658040720329       0                      1302
280 8087.6713629791438507       0                      1307
281 8271.9186997946962947      63.49622068449149026    1312
282 8195.1921864240357536     150.70914235198088704    1316
283 8088.416940365771552        0                      1321
284 8088.88864428105353         0                      1326
285 8098.7688309671966636       0                      1330
286 8248.7384738413584273       0                      1335
287 8093.5613339785495555       0                      1340
288 8093.7128209927450371      61.657979214930058731   1344
289 8088.0775619543865105       0                      1349
290 8103.4702851355905295     436.69487702292940412    1354
291 8087.5641045122129071     323.03707101640986821    1358
292 8088.0676678085073945       0                      1363
293 8088.1555436040962377       0                      1368
294 8144.6904729808984484       0                      1373
295 8154.8634994120675401     420.78835807511478606    1377
296 8141.6564347977409852       0                      1382
297 8097.3511192734304132     274.68351064875861312    1386
298 8682.4961545280784776      56.188455937934932649   1391
299 8167.5508336010143466       5.7020566620897978893  1396
300 8087.6089610257586173       0                      1400
301 8089.8768074545250784       0                      1405
302 8087.8714486165763446       0                      1410
303 8087.4041851947367832       0                      1414
304 8089.2042669330849094       0                      1419
305 8090.8403442964818169       0                      1424
306 8093.2193252604556619     407.52019663925034365    1429
307 8093.30696401050227       420.05082662448825204    1433
308 8090.0996226767938424       0                      1438
309 8272.0407665518087015      60.28708771106241926    1443
310 8184.0175276649360967     184.21243460871411912    1448
311 8087.202462538916734        0                      1452
312 8110.6625186155870324      82.300001498185807236   1457
313 8119.6813207096947735     1591.886768234242254      1462
314 8087.975379439460994        0                      1466
315 8091.5390192448703601       0                      1471
316 8273.4020523673789285      50.229775993746848428   1476
317 8198.0035092531306873     142.42091197457438057    1480
318 8097.768943817984109        0                      1485
319 8142.392806683521485        0                      1490
320 8088.715428466857702        0                      1494
321 8100.6607456473948332       0                      1499
322 8088.7896678920551494       0                      1504
323 8089.3877950295336632       0                      1508
324 8089.3906282573525459       0                      1513
325 8091.0937306300647833       0                      1518
326 8096.8308560184859743       0.41360663182684775929 1522
327 8175.0563335627093693     346.6731846116222755     1527
328 8094.7669385173749106       0                      1533
329 8121.0947594067019963     104.06523664095635695    1537
330 8082.3947175420798885       0                      1542
331 8113.0462937624834012       0.36069248444419782507 1546
332 8091.6688713639905473       0                      1551
333 8331.5227490306315303      44.267850007945312996   1556
334 8266.2438796619426284      73.914711916705300609   1561
335 8083.9426817661214955       0                      1566
336 8090.4973377483693184       0.98527345284414491466 1570
337 8087.636723903919119        0                      1575
338 8090.8565436400194812       0                      1579
339 8091.508850754422383        0                      1584
340 8111.8120142252018923       1.3502278844742388042  1589
341 8084.8154827148500772       0                      1593
342 8088.768505134098632      111.31932812660872401    1598
343 8138.2986765334962911     322.5688274144171146     1603
344 8118.4653826405874497     832.77841806947003533    1607
345 8082.7163441654020062     333.86023488124988035    1612
346 8122.8655761356849325       2.773367289680676695   1617
347 8087.3172750074263604       0                      1622
348 8093.5060320467955535     196.90027765407967308    1626
349 8095.6699169366565911     229.59739262881052468    1631
350 8093.7006105235486757     186.78732171725258127    1636
351 8595.2153677395253908      55.21544997007961797    1640
352 8175.3902096877272925       6.4726017155664017366  1645
353 8082.8885406831477667       0                      1650
354 8083.4093928662341568       0                      1655
355 8085.3476201638932253       0                      1659
356 8088.4387617339916687       0                      1664
357 8082.7199971547724999       0                      1669
358 8085.4284304173124838     289.37492813080467613    1673
359 8085.8065434780555734       0                      1678
360 8097.8368914536358716     146.07919755629271208    1683
361 8098.8060657293963231     356.0977582212704533     1687
362 8092.6703438814911351     140.17174063225951386    1692
363 8087.7717761931880887     354.48425899011692763    1697
364 8097.8964010925601542     484.6900649659041278     1702
365 8088.2616206773891463     333.64668624855590906    1707
366 8085.0234686498970405     569.698387644337231      1711
367 8082.5208085269414369       0                      1716
368 8082.7969597989749673       0                      1721
369 8082.5531538311352051       0                      1725
370 8082.4229740631144523       0                      1730
371 8083.8561156241657955       0                      1735
372 8098.2344146138430006       0.90182533786868857018 1739
373 8082.0863608113932059       0                      1744
374 8085.1315950410617006       0                      1749
375 8082.3166804593383858       0                      1754
376 8082.2863908183198873       0                      1758
377 8082.0002943549061456       0                      1763
378 8097.7302550043141309      27.217206128873215221   1767
379 8083.8035465443244902       0                      1772
380 8081.9524224758415585       0                      1777
381 8094.7376107309255531     394.42592341408868606    1782
382 8083.7751088753029762       0                      1786
383 8093.0736005606186154       0                      1791
384 8084.0800755596801537     310.26981649790303663    1796
385 8498.3966991688794224      96.622140875659809467   1800
386 8197.5687429987065116      12.484254926395252028   1805
387 8089.8702428725900972       0                      1810
388 8090.7616439316352626       0                      1814
389 8081.9934757261935374       0                      1819
390 8088.356993699873783        0                      1824
391 8095.9119810184311063     761.4141183160276114     1828
392 8092.8836988103648764       0                      1833
393 8082.8300080192657333       0                      1837
394 8103.709558334167923      659.27053797706867044    1842
395 8094.9819945122035278     926.66707378715670984    1847
396 8125.194151862745457      2435.6820697814328014     1852
397 8088.2171163342518412       0.09420561042978475852 1856
398 8106.7406324356024925     973.74698960658543001    1861
399 8087.3399772371922154       0                      1866
400 8082.0787943244622511       0                      1870
401 8082.1247841206049998       0                      1875
402 8082.4149912123457398     330.13185835806376645    1880
403 8082.1094698217020778       0                      1885
404 8082.1679311546904501       0                      1889
405 8083.01231117621046         0                      1894
406 8083.3150342134840685       0                      1898
407 8083.4652331390425388       0                      1903
408 8084.2763555579685999       0                      1908
409 8091.3668089814200357       0.01503684623045987816 1912
410 8082.0473627158826275       0                      1917
411 8084.8687422201128356       0                      1922
412 8082.3119901285272135     344.94430112003374234    1927
413 8091.2065184501670956       0                      1931
414 8094.2499296239129762     162.25213891995008453    1936
415 8086.641817538585201        0                      1941
416 8090.828988759432832       75.554343796066305572   1945
417 8087.8389636684305515     601.05212538086107088    1950
418 8085.9486685518104423     474.94908976662327404    1955
419 8082.9202805843633541     330.14507488339262409    1959
420 8082.0153465119819884       0                      1964
421 8082.9194960130625986       0                      1969
422 8083.140507751201767        0                      1973
423 8081.9777104305958346       0                      1978
424 8082.4089799623707222       0                      1983
425 8082.2748063494145754       0                      1987
426 8082.5751866090122348       0                      1992
427 8084.0552024410990271       0                      1997
428 8088.3954233622362153     111.2522582421914592     2001
429 8089.5496645589728359     371.69021270543555602    2006
430 8105.0086043229730421     787.65103201866293148    2011
431 8084.4693132555012198     577.45899954388278275    2015
432 8087.6470578185517297       2.7927229247403673185  2020
433 8084.8318014338938156       0                      2025
434 8093.6987033360837813     143.10285730158821593    2029
435 8082.211293293226845      334.02751016721816768    2034
436 8081.9503157547278533       0                      2039
437 8081.9803692324521762       0                      2044
438 8082.0674151626044477       0                      2048
439 8094.6587484998217406     340.9903995867639992     2053
440 8082.1849756803640048     331.73463362612699257    2058
441 8081.9842569501197431       0                      2062
442 8082.0311773122430168       0                      2067
443 8083.9072133925419621       0                      2072
444 8082.2337259803571214       0                      2077
445 8081.9638778394137262       0                      2081
446 8081.977483935464079        0                      2086
447 8082.1725233939096142     334.5514339857147661     2090
448 8082.9791305330500109       0                      2095
449 8089.9319570562574881       0                      2100
450 8091.5478372012539694       0.04038424471738545629 2104
451 8082.0214694525348023       0                      2109
452 8082.2399337446231584       0                      2114
453 8087.9816100742000344       0                      2119
454 8089.8617509317209624       0                      2123
455 8082.1807998520953333     333.42004604590829331    2128
456 8081.9591677660700952       0                      2133
457 8082.0022918973863852       0                      2137
458 8082.0307172434213498       0                      2142
459 8081.9697302717586354       0                      2147
460 8082.9531138674719841       0                      2151
461 8084.0471744728456542       0                      2156
462 8084.1866835711098247     343.61795089323464936    2161
463 8088.3735930706579893     110.45601024590715156    2165
464 8082.1917002516456705     333.73384357178679238    2170
465 8095.5542653043839891     142.27158810341919093    2175
466 8091.2411453073900702     430.64181839881968017    2179
467 8083.9972960924760628     539.74103333593245679    2184
468 8105.176021615224272      1853.2869361536322685     2189
469 8083.7098470097444078       0                      2194
470 8102.7782587138663075     1775.5605261540983975     2198
471 8082.1820924097601164     331.45972175659585446    2203
472 8081.9519013807484953       0                      2207
473 8081.9400368064871145       0                      2212
474 8081.945267079219775        0                      2217
475 8082.1354630233390708       0                      2222
476 8084.2413671312851875       0                      2226
477 8088.0029095323516231       0                      2231
478 8082.1603644474389512     333.96438413428433023    2235
479 8081.9461369574628407       0                      2240
480 8081.9371508616186475       0                      2245
481 8081.9375103379898064       0                      2250
482 8081.9351476921992798       0                      2255
483 8082.1974554431217257       0                      2259
484 8082.0389716694553499       0                      2264
485 8081.9232996040163925       0                      2269
486 8082.3302967480294683       0                      2274
487 8081.9269781129578405       0                      2278
488 8082.1488685740405344       0                      2283
489 8090.6591982458830898     155.11312501663849162    2288
490 8090.7272393043840566     155.5052286888066817     2292
491 8082.1584979460367322     332.55015350343984437    2297
492 8081.9360136044097089       0                      2302
493 8082.0109382672717402       0                      2307
494 8082.0297683889712062       0                      2311
495 8082.2852887469216512       0                      2316
496 8082.7628056302664845       0                      2321
497 8083.0135178610053117       0                      2325
498 8082.0029414218370221       0                      2330
499 8082.180920719641108        0                      2334
500 8082.2257936325049741     329.61662906792571448    2339
501 8088.1666047725584576     349.74790557021270843    2344
502 8100.4815861912802575     466.67228107355003885    2348
503 8084.1809607225886793       0                      2353
504 8081.9397543846598637       0                      2358
505 8081.9800341725294857       0                      2363
506 8091.1808639816308641     145.10810250014168332    2367
507 8102.7569640678466385     1079.3261210941136596     2372
508 8082.1757539620439275     334.50599230079291146    2377
509 8081.9308856958614342       0                      2382
510 8081.9344285159804713       0                      2386
511 8082.0092725087160943       0                      2391
512 8082.16128055468198         0                      2396
513 8082.0946610810260609       0                      2400
514 8082.1472913367460933       0                      2405
515 8082.8638097257253321       0                      2410
516 8082.194085010623894      334.73951583815068034    2414
517 8082.9346342090930193       0                      2419
518 8089.1780142558136504     306.52253347659291194    2424
519 8098.9663641988499876     353.29366365805549322    2428
520 8088.3314171565571087     112.48877107211208681    2433
521 8084.1968604638177567     339.68630756768897072    2438
522 8083.6587547683602679       0                      2443
523 8087.9123419279485461       0                      2448
524 8082.207214753455446      333.33277265861090655    2452
525 8081.9264910296724338       0                      2457
526 8081.9254689898507422       0                      2462
527 8081.9498627969824156       0                      2467
528 8091.7694140484145464       0.89358390664366882383 2471
529 8081.9248892400564728       0                      2476
530 8082.0272640631446848       0                      2481
531 8082.9299952797255173       0                      2485
532 8082.5086007837289799     358.22649569327035124    2490
533 8092.1482068335790245     261.25903892514855897    2495
534 8091.1276256825813107       0                      2499
535 8093.0204821578381598     293.42850897471589633    2504
536 8098.3681131028852178     7272.4443228549089326     2509
537 8087.5612800326707656       0                      2514
538 8085.5708767897758662       0                      2519
539 8085.5701985681998849       0                      2523
540 8082.1772748996818336     335.34514820870839458    2528
541 8081.9198205575066822       0                      2533
542 8081.9263538961313316       0                      2537
543 8082.0173944170173854       0                      2542
544 8082.2986658759364218       0                      2547
545 8089.163752037508857        0                      2552
546 8082.2709287423995193     332.15630399556391694    2557
547 8081.9199013977613504       0                      2561
548 8081.9205344467809482       0                      2566
549 8081.9296437372513537       0                      2571
550 8082.0057680110530782       0                      2575
551 8082.7894343164280144       0                      2580
552 8081.9964873423941754       0                      2585
553 8082.1648761327533066     331.39796647914954519    2590
554 8082.9253064833574172       0                      2594
555 8088.3466280080428987     113.08221447065024279    2599
556 8089.5175203659136969     313.13213634676185393    2604
557 8098.4674497213491122     354.67953222077943565    2608
558 8082.5162486673461899     359.69202172181724109    2613
559 8083.5211915539057372       0                      2618
560 8086.8568323914141729       0                      2623
561 8088.8350241788348285     973.19297050824570761    2627
562 8091.457883323760143      271.92973331473791632    2632
563 8082.1742986611570814     335.62966247909605499    2637
564 8081.9195003569848268       0                      2642
565 8081.9275590463748813       0                      2646
566 8087.8534885197896074       0                      2651
567 8089.9538174168301339       0                      2656
568 8083.8933070786179087       0                      2661
569 8082.172053831051926      335.91420964351408429    2666
570 8081.9155207554513254       0                      2671
571 8081.935995046464086        0                      2675
572 8082.24161505745451         0                      2680
573 8082.2697117294383133       0                      2685
574 8090.3811748369789711     403.15891610164152326    2690
575 8082.1696631572176557     335.07428341312146358    2695
576 8081.9151187665493126       0                      2700
577 8081.923785096053507        0                      2705
578 8090.6770776369212399       0                      2710
579 8082.9752244453175081       0                      2714
580 8083.03980891759511         0                      2719
581 8091.0091576799450195       0                      2724
582 8082.2399686346534509     331.33921140498881641    2728
583 8081.9228295991561026       0                      2733
584 8081.9162586047232253       0                      2738
585 8081.915516104035305        0                      2743
586 8081.9252025324840361       0                      2747
587 8087.8008688773070389       0                      2752
588 8081.9904444413541569       0                      2757
589 8082.9223788947847424       0                      2761
590 8082.7552682246505356       0                      2766
591 8088.3413736756720027     111.11675832724492352    2771
592 8082.1625053116522395     332.53839088270393631    2776
593 8096.5123153039994577     115.00598835044736745    2780
594 8082.5063174009110298     360.6108681050324094     2785
595 8088.1418789205554276       0                      2790
596 8087.2742846779638057       0                      2795
597 8081.918787448207695        0                      2800
598 8081.99738196682938         0                      2804
599 8082.2170603493868839     332.21244330065655959    2809
600 8081.9162248666279993       0                      2814
601 8081.9171294087445858       0                      2818
602 8081.9273412536813339       0                      2823
603 8081.9428681556437368       0                      2828
604 8082.7533523686151966       0                      2833
605 8081.9887097762302801       0                      2837
606 8083.4443953734798924     330.96105918044054306    2842
607 8083.9752154747320674     543.54446563606916243    2847
608 8093.6208309092653508     118.63043260210096719    2851
609 8094.5656592805780747     431.7421396101379969     2856
610 8098.1012889137991806     650.77302780954562422    2861
611 8083.686590897975293        0                      2866
612 8087.9958525503516285     313.99844467912794244    2870
613 8082.2108359815229051     331.66077198436357776    2875
614 8081.9163619098035269       0                      2880
615 8081.9191705067687508       0                      2885
616 8081.9429209166828514       0                      2889
617 8082.9199913934398865       0                      2894
618 8081.9888256743861348       0                      2899
619 8088.3154542824195232     111.79148802950035702    2904
620 8088.3122163685820851     110.9852002060545999     2909
621 8082.9960901041586112     321.88493714808834056    2914
622 8089.6185956407298363       0                      2918
623 8092.2986322607039256       1.0947234304875361754  2923
624 8085.9550698617331363       0.16185139079010449348 2929
625 8084.7245423377207771     312.16817335741103534    2934
626 8090.7872894692745831     366.85719542747523292    2938
627 8082.7535575608608269       0                      2943
628 8082.8024899778747567       0                      2948
629 8087.061782030712493        0                      2952
630 8081.9171255172268502       0                      2957
631 8081.9945348779774577       0                      2962
632 8082.1636453991786766     333.09223647733989537    2966
633 8097.4139505179418848     122.20651066305413224    2971
634 8082.7904703797930779       0                      2976
635 8081.9920798740058672       0                      2981
636 8094.589972885413772      442.74450599197166412    2985
637 8097.6623699213214422     136.26137300014414677    2990
638 8081.9186758322175592       0                      2995
639 8081.9193173883704731       0                      3000
640 8081.9206495070820893       0                      3005
641 8083.9899556892496548       0                      3010
642 8084.7946693499898174     579.15547970356794849    3015
643 8088.3138388602483246     111.14183705929168866    3019
644 8090.8589806858963129       0.00022668627055912928 3024
645 8090.4607764215752468       0.00007361421206736962 3029
646 8089.9239236079656621       0                      3033
647 8081.9512193111768283       0                      3038
648 8087.5528026922956997       0                      3043
649 8081.9206835495597261       0                      3048
650 8081.9292845302197748       0                      3053
651 8081.9722428138538817       0                      3058
652 8082.7833314573344978       0                      3062
653 8082.8116347424847845       0                      3067
654 8084.0253594284204155       0                      3072
655 8087.7625168946005942     346.6784811417356309     3077
656 8099.9034228177297337     432.22162272948486361    3081
657 8081.9987212962796548       0                      3086
658 8081.9172324014280093       0                      3091
659 8081.9203839055498975       0                      3096
660 8087.0434757765342511     323.51892211248531339    3100
661 8088.3805062315932446     322.52464710032438688    3105
662 8087.9554823256594318       0                      3110
663 8082.1628865455622872     332.7873980549691737     3115
664 8082.1698047463150942     333.3970770596634452     3120
665 8088.3138943076673968     111.46633333930084575    3124
666 8089.0668070126521343     132.52322037976827573    3129
667 8089.155274973694759      116.76087365437152243    3134
668 8095.1329997486209322      99.904161316172206853   3138
669 8088.2598977860425293     318.75678851664338254    3143
670 8088.3300761430009516     322.20313941742546149    3148
671 8083.4318791422310824     325.93745783201933364    3153
672 8088.3466713316001915     110.62594974791473135    3157
673 8082.166148232764499      331.70201113351868116    3162
674 8091.1965448710607234       0.36332828283971901895 3167
675 8090.4802797149295657       0.00224820484224849118 3172
676 8083.989692803642356        0                      3176
677 8086.9232055448874235       0                      3181
678 8086.9565601797194176       0                      3186
679 8082.1647311047172479     331.4311408273342181     3191
680 8081.9429966318448351       0                      3195
681 8082.9191081758044675       0                      3200
682 8082.9482133359324507       0                      3205
683 8088.533747924590898      321.67149580360955952    3209
684 8104.7249169340602748     793.48396986095917782    3214
685 8081.9452364257558656       0                      3219
686 8086.9701844481196531       0                      3224
687 8081.9444769443598489       0                      3228
688 8082.1916465295253147     333.13453252566716856    3233
689 8090.4580132471228353       0                      3238
690 8091.2247030652115427       0.47232578638597716436 3243
691 8083.9888614348865303       0                      3247
692 8087.3024558774786783     320.39849350178184295    3252
693 8081.9154192493651863       0                      3257
694 8081.9155516068603902       0                      3262
695 8082.1612705532816108     331.6806402587827165     3266
696 8088.3137315308194957     110.31546624938309265    3271
697 8088.35490416707853       111.7788107408619851     3276
698 8083.0132997879909453     322.71704709261473454    3280
699 8088.3101768115966479     110.96212734689930812    3285
700 8089.0725728254219575     314.05701357542341157    3289
701 8099.2720893910473023     389.85891027062274361    3294
702 8087.6557328760418386     3613.1345268748714261     3299
703 8081.9786295548856287       0                      3304
704 8088.3284811250441635       0                      3309
705 8082.1601371898959769     331.40983747457249819    3314
706 8082.1901625482769305     332.58070078198488773    3319
707 8082.1605025784774625     333.37565450306823323    3323
708 8088.3377263138481794     111.60875305355345688    3328
709 8089.0570496759073649     132.32695756910345608    3333
710 8094.1138175039768612     429.21861728501949074    3337
711 8094.5257974583500982     124.45452674899918577    3342
712 8092.123565482851518      262.01021808770087773    3347
713 8083.62492096636106         0                      3351
714 8084.6863746291755888     311.64787455602328237    3356
715 8086.9869298448720656       0                      3361
716 8087.075550064097115      325.87549815354742577    3366
717 8086.6433957136059689     125.37583691623619586    3370
718 8087.4583589499798109     133.32083676523706117    3375
719 8082.4964167352145523     358.84859357047321282    3380
720 8084.8623771691200091       0                      3384
721 8083.3532208441920375     345.78834949209749539    3389
722 8088.4975253803486339     319.9467750272988269     3394
723 8104.7640749590600535     793.24981711542102403    3398
724 8089.0604458047882872     4471.7871175107402451     3403
725 8081.9864761679291405       0                      3408
726 8086.9697532635800599       0                      3412
727 8081.9194838771300056       0                      3417
728 8082.7553443563374458       0                      3422
729 8082.7558430909612071       0                      3427
730 8082.9236086802193313       0                      3431
731 8089.7596245963750334       0                      3436
732 8094.4427488619794531      92.136684897238012582   3441
733 8081.9884437898590477       0                      3446
734 8086.8202293876984186       0                      3450
735 8086.9074145952181425     322.08298124930473705    3455
736 8082.8030234908374041       0                      3460
737 8082.9225881520123949       0                      3464
738 8088.1669143997150968       0                      3469
739 8081.9847604919104924       0                      3473
740 8083.9971784219869733       0                      3478
741 8085.1838323355596003       0                      3483
742 8094.9063926715889465      99.127360254213940038   3487
743 8082.4915085665943479     357.40441088859716956    3492
744 8081.9164449962072467       0                      3497
745 8081.9172638838745115       0                      3502
746 8087.0210724125436172       0                      3506
747 8088.3508416910990491     111.94658062717508074    3511
748 8083.4409291357014808     328.1717507744407385     3516
749 8083.456823408209857      322.19630890970864812    3520
750 8088.3112017078110512     110.63846833698090677    3525
751 8082.1974816354895665     333.43943852942089734    3530
752 8089.0652219329203945     132.87766760837052971    3534
753 8090.3942630678848218       0                      3539
754 8090.5297366975428304       0.00264497594804431442 3544
755 8088.3236718480338823     111.97178318650823314    3548
756 8082.8012256287365744       0                      3553
757 8086.8531228624678988       0                      3558
758 8086.8359146000902911       0                      3563
759 8081.9191948144507478       0                      3568
760 8082.7545559941127067       0                      3572
761 8082.7582111163319496       0                      3577
762 8089.253077514992583      312.41535629482484637    3582
763 8098.3365873235625259     353.46805486376473482    3586
764 8082.4929449819073852     358.29446369835949326    3591
765 8081.9444901388505968       0                      3596
766 8086.8846337791792394       0                      3601
767 8083.0007325325213969     322.15116088678820461    3605
768 8084.854596975844288        0                      3610
769 8086.6461067866357553     126.43516629327585576    3615
770 8083.9852644520506146     322.98702607489690308    3620
771 8081.9233698682837712       0                      3624
772 8081.9167177763920336       0                      3629
773 8086.88224174624429         0                      3634
774 8082.9487096250149989       0                      3639
775 8088.4492692470448674     319.74163224927946203    3643
776 8105.597640889410286      847.40846126729900334    3648
777 8081.9973873694134454       0                      3653
778 8081.9858504820695089       0                      3658
779 8082.7986017235534746       0                      3662
780 8082.8019485329887175       0                      3667
781 8084.0162617830137606       0                      3672
782 8085.9494232295437541       0.09481193734070640644 3676
783 8094.5147250243908275     138.86257843837969972    3681
784 8091.7356229753013395     423.25067760449354637    3686
785 8082.9527314884117004       0                      3691
786 8082.7993945635962518       0                      3695
787 8081.987796503825848        0                      3700
788 8084.017699521553368        0                      3705
789 8085.2131379370212017       0                      3709
790 8089.8078305757089765     302.62999038183460243    3714
791 8098.5380767653632574     354.36023393693238859    3718
792 8081.9206835495560881       0                      3723
793 8082.5000498271510878     359.74007184602783127    3728
794 8083.9981952815278419     550.43926654771087215    3733
795 8086.6454968109428592     125.91176585546750744    3737
796 8092.1698876831005691     263.28001410230899637    3742
797 8085.0577809976339267     612.68298599839431517    3747
798 8086.6778586251766683     127.27939389348424015    3751
799 8083.9819683354544395     322.16184130380173656    3756
800 8089.8305522093896798       0                      3761
801 8093.4549655808050375      79.875787391876286847   3765
802 8086.6587458990470623     127.49939333811731501    3770
803 8082.5287687067966544     359.22947743355035755    3775
804 8086.6553775415577547     126.97357304104284026    3780
805 8088.3152882093845619     110.81799840984875516    3785
806 8092.1313908938655004     262.68449144364672065    3789
807 8083.980252568438118      552.60855529719447077    3794
808 8097.5913882781278517     283.9439444766690599     3799
809 8091.1270583600726241     280.0225242932896208     3803
810 8084.2207872193785079       0                      3808
811 8089.7943314118392664       0                      3813
812 8082.1662878288416323     333.64622800430112193    3817
813 8093.4912509643336307      80.069561566931284347   3822
814 8081.9912796822918608       0                      3827
815 8081.99177415324084         0                      3832
816 8082.8032492598604222       0                      3837
817 8085.1902865283245774       0                      3841
818 8089.0688345192838824     312.75544858332494869    3846
819 8098.5267573408928001     354.09184899465344643    3851
820 8081.9172030415002155       0                      3856
821 8086.674432436531788      126.75401608107836182    3860
822 8082.4954242079738833     358.87015193793848766    3865
823 8082.1937655521196575     331.74426693540056021    3870
824 8088.3190959501444013     110.65097358313781228    3874
825 8090.3691335052753857       0                      3879
826 8093.5047274683029173      79.56558806995768407    3884
827 8083.9978475939724376       0                      3888
828 8086.9550874477554316       0                      3893
829 8082.8282617264048895       0                      3898
830 8081.995671463853796        0                      3903
831 8081.9973873694079884       0                      3908
832 8083.9966952259455866       0                      3912
833 8085.1988312416742701       0                      3917
834 8089.0556915772167486     313.24613383692542357    3922
835 8099.2950801946180945     390.4880309221709922     3927
836 8089.6242226645344999     978.20789436295501673    3931
837 8087.0560917295770196       0                      3936
838 8081.9480346852324146       0                      3941
839 8082.9234475227231087       0                      3946
840 8082.9497577617958086       0                      3951
841 8082.4908449041131462     356.5367529293617963     3955
842 8086.9450148832174818       0                      3960
843 8082.1660826803517921     332.25535806025959573    3965
844 8088.3451717248271962     110.94954751527208714    3970
845 8082.1628485197270493     333.92999809756719287    3975
846 8088.3102320428342864     111.63388668983984076    3979
847 8087.529951442287711      348.36675103018842492    3984
848 8100.1284955989422087     432.66734234569520368    3989
849 8082.1660247780400823     330.84516020889827814    3994
850 8082.9190409795255619       0                      3999
851 8085.7276316804964154     652.71613309765780286    4003
852 8089.7602345258810601     139.94002771872487756    4008
853 8084.796531431987205      582.13232425173259799    4013
854 8090.2635086831369335       0.00007626926828588152 4017
855 8090.6641070473751824       0.00007100938903402693 4022
856 8093.0866239844472148     331.73298485763376675    4027
857 8083.9855062337128402     548.35230898868326221    4031
858 8091.3104752566368916       0.00006349457479720007 4036
859 8092.1043559154859395     392.69489747654711209    4041
860 8092.775387630647856      265.18560601798782272    4046
861 8083.6536518996817904       0                      4050
862 8091.5572908586455014       0.00000107751702763531 4055
863 8091.0733734883406214       0.00022211034136492615 4060
864 8082.1660247780446298     330.84516020889492438    4064
865 8092.3560101172215582       0                      4069
866 8081.9162446564741913       0                      4074
867 8094.6430430537247958     138.32893019065483031    4078
868 8092.7452861243928055     155.60112328270767534    4083
869 8082.9484890410913067       0                      4088
870 8082.9494417432724731       0                      4092
871 8089.0044893322947246       0                      4097
872 8096.2658886614444782      99.189423059311593533   4102
873 8081.919250560978071        0                      4107
874 8099.1816660170188698     358.07748499410246268    4111
875 8106.0970681268699991     802.84009936277584529    4116
876 8089.7656468485938603     139.38849748091280389    4121
877 8092.1592595925158093     262.76611555574095291    4125
878 8083.9783152727914057     550.3822947269644601     4130
879 8092.2479851300131486     277.66619972667143657    4135
880 8098.6567426438550683     287.26985786996300476    4140
881 8092.6276292749016648     5442.4031139406924922     4144
882 8088.2553009174571343     317.72298333215729826    4149
883 8091.1373505955243672     415.57906914571827883    4154
884 8081.9892909278105435       0                      4159
885 8081.9907422604719613       0                      4163
886 8082.8053453164893654       0                      4168
887 8083.9926486939375536       0                      4173
888 8083.9929198818872464       0                      4178
889 8084.8576839513652885       0                      4182
890 8085.9231222300859372       0.08188488870214716275 4187
891 8100.6677905680580807     396.70603651303832748    4192
892 8089.881625725606682      309.92864647274780054    4197
893 8081.989290927809634        0                      4202
894 8096.4374902584249867     165.22403288282151834    4206
895 8091.4626634889536945     354.81925195452589605    4211
896 8089.1521338390666642     117.09321033765371567    4216
897 8082.1613274428182194     332.23394583497565691    4221
898 8083.0137154835101683     323.54166759261443076    4225
899 8088.3236718480293348     111.97178318651222639    4230
900 8082.9989959702515989     321.60642301912309904    4234
901 8092.8170666774312849     419.45155968763549481    4239
902 8096.3528476942374255     150.05232925505126218    4244
903 8081.9197270721861059       0                      4249
904 8089.3404631511712068       0                      4254
905 8096.5696317231331705     164.77767726403936877    4259
906 8082.1723429173352997     334.79012136250503318    4264
907 8088.3425849033847044     110.44662064582161065    4268
908 8082.1881997533846516     333.4180184888665508     4273
909 8082.1999732277754447     332.60210569276284787    4278
910 8088.3266822002269691     111.15436506187459997    4282
911 8088.3495145886545288     112.44063120482327633    4287
912 8082.1648761327587636     331.39796647914954519    4292
913 8093.3579003093755091       1.0133438096585010157  4296
914 8091.2322210225484014       0                      4301
915 8088.6201647314574075     310.15022049358401546    4306
916 8089.4904707407131355       0                      4311
917 8087.8762265878731341     156.48784124632499015    4315
918 8082.1720281186780994     333.95146206974601455    4320
919 8088.3225361445511226     111.64644903179197399    4325
920 8095.7916396609261938      99.758350333887364059   4330
921 8082.4924401733615014     358.00110906883207917    4334
922 8082.8019560780858228       0                      4339
923 8088.4497341608011993       0                      4344
924 8081.9164202459787703       0                      4348
925 8082.7583046128238493       0                      4353
926 8082.7580098941862161       0                      4358
927 8082.7587413767205362       0                      4362
928 8091.5780499629963742       0                      4367
929 8091.5380564395982219       0.00006108894141833234 4372
930 8081.9233698682774047       0                      4376
931 8081.9823397076206675       0                      4381
932 8090.9307367166293261       0                      4386
933 8090.3804504649751834     308.31364958475745652    4391
934 8099.3911648399689511     358.37442937378483521    4396
935 8082.1612705532761538     331.68064025877936274    4400
936 8081.9235196297968287       0                      4405
937 8087.7997412054401138       0                      4410
938 8088.471003425282106        0                      4415
939 8089.1539430984257706     117.94492261263771127    4419
940 8098.4555870687663628     136.49052583656217053    4424
941 8087.7027562843368287       0                      4429
942 8081.9506722852647727       0                      4434
943 8081.9929714388799766       0                      4439
944 8082.017206981234267        0                      4443
945 8088.1921789707157586       0                      4448
946 8098.0696801343210609     121.65296689556321041    4453
947 8084.9747617766997791     418.05229879224970091    4457
948 8087.7458342099998845       0                      4462
949 8082.780377877965293        0                      4467
950 8083.6263736010196226       0                      4471
951 8082.7979317021618044       0                      4476
952 8085.2119707820493204       0                      4481
953 8090.3085140162938842       0                      4485
954 8094.026161850059907        2.925777901011891835   4490
955 8087.8004229957450661       0                      4495
956 8091.285066085474682      362.41532528372118804    4500
957 8104.8813826410469119     691.44401966505506607    4504
958 8087.7157027825733167       0                      4509
959 8081.9193024226451598       0                      4514
960 8081.9472932199550996       0                      4519
961 8082.7545906771301816       0                      4523
962 8082.7603888718858798       0                      4528
963 8088.3475147966073564     112.11452754246926133    4533
964 8083.0062153146318451     323.27546208983864062    4537
965 8090.051030187413744        0                      4542
966 8093.6701078055630205       1.18437307418179949    4547
967 8081.9815468447695821       0                      4552
968 8087.7333125391287467       0                      4556
969 8087.7524451735707771       0                      4561
970 8083.9855657234920727     551.05691024833765823    4566
971 8086.6483658166189343     126.95975836857290631    4570
972 8090.0591055868935655       0                      4575
973 8092.1694424701981916     263.37487281407419459    4580
974 8093.6592016334288928       1.1463425511841172089  4585
975 8081.9201433881307821       0                      4590
976 8087.6870831517308034       0                      4594
977 8089.2550168695115644       0                      4599
978 8083.9843793784175432       0                      4604
979 8092.1371463848099665     261.59384236080580877    4609
980 8084.0050754753756337     543.30856640142292235    4613
981 8096.0189459305593118      99.755240510255930531   4618
982 8088.2197625515682375      78.835488562570262161   4623
983 8081.9472534606557019       0                      4628
984 8089.0759005969703139       0                      4632
985 8098.0311309013723076     120.94142294204866062    4637
986 8084.1368537411426587     352.05818460722423424    4642
987 8089.0521513972335015     132.86420656964125442    4647
988 8089.0635994487947755     131.79090548512292003    4652
989 8087.6559957474264593     3609.1704849052703139     4656
990 8082.7862292952977441       0                      4661
991 8081.9432299018026242       0                      4666
992 8081.9441515629632704       0                      4671
993 8090.1368521624499408       0                      4675
994 8094.1945846353210072       2.7802105811715094319  4680
995 8082.1581563444033236     332.51700487527193673    4685
996 8082.0087549176987523       0                      4690
997 8081.9846017484624099       0                      4695
998 8082.9225979244638438       0                      4699
999 8083.6292459492942726       0                      4704
1000 8091.813819239161603        0                      4709
