1 11668.967018635827117      23331.529349943830312      4
2 11972.625250667426371      17035.661616565295844      9
3 11090.940017587665352      29875.644936673044867      14
4 11822.21411205464392       24389.561287137225008      19
5 11835.040018515666816      24214.69000329827395       23
6 11826.318291065170342      24302.551432492778986      28
7 11637.292747749173941      9841.4133071612868662     33
8 11652.278947809019883      7374.0623819803267907     38
9 11984.827171264178105      15392.138459054503983      42
10 10905.810843680315884      6441.1500687941388605     47
11 9336.885270775981553      4343.5504787412764927     52
12 8453.1142256034709135     4210.9250614289830992     57
13 8548.0602104836798389     4445.1130695010842828     62
14 11751.633396738410738      3876.8105302816343283     67
15 8365.2778138210069301     4669.1966905828621748     71
16 11859.477691680000135      945.9916355564339483     76
17 11770.608659648472894      10766.199387619933987      81
18 11502.740832952380515      7022.8584063287380559     86
19 12583.980919444087704      4595.373201872914251      91
20 10426.912237451913825      24533.131559550849488      96
21 11754.109677956575979      2477.4201577554495088     101
22 11755.012450898446332      4120.7394522474260157     106
23 8253.484191502460817      2853.8281372663318507     111
24 8582.4576684375551849     17528.854250988144486      116
25 8596.5913117052768939     15209.324290716391261      122
26 10806.960687776152554      1303.1778300312569172     127
27 12209.898344568695393      7087.4332525407899084     132
28 12023.442725447670455      1731.1452637112708999     137
29 8517.3296066849125054     1089.629082092289309      142
30 8550.9650810445709794     4008.6886523778757692     147
31 8271.1272549570985575     3817.0505677000905962     152
32 12222.592110428606247      7601.8272984021223238     158
33 8298.2702885442613479     550.54917803821047073    163
34 11398.49141814745235       3044.194879873341506      168
35 8367.9048406874862849     1915.582791482561106      174
36 8591.8189433818461112     4226.8835650794717367     179
37 9946.2162843753922061     492.09506615241377858    185
38 8916.7026736466832517     3900.9045266299795003     190
39 8260.9333058239317324     3067.3607643216500946     195
40 11500.171731505100979      4741.5274260567639431     200
41 11624.748800874611334      3621.4422673864382887     206
42 12100.271911582567554      13099.245257044371101      211
43 8241.7487647326888691     16412.615073290307919      217
44 12229.380579939104791      3235.3054903880233724     222
45 11905.760607063803036      4486.7541642582209533     227
46 9447.2362311087526905     1897.6976934204230929     233
47 11493.099023058488456      1339.2211890757000674     238
48 8493.7191117624952312     247.03999372946705648    244
49 9412.8369808596471557     7326.9793278384204314     249
50 8214.6876583519679116     2671.2844673594472624     255
51 9338.2091354641088401     3147.0962323996100167     260
52 9599.6366028782667854     311.6310838710214739     266
53 8725.7050418936178175     519.55995021240528331    272
54 12396.441027859575115      4533.9949934835858585     277
55 8558.0607392621168401     1404.0060806137548752     283
56 8604.9341835058839933     2677.0063699508768877     288
57 8660.7182216327546485     15768.538444454390628      294
58 8772.8757707712065894     416.74534208284495662    299
59 8633.9745583858602913     17071.721091424387851      305
60 8514.4564902761630947     2235.3254798704992936     310
61 8817.1322527027186879     386.85769401541745083    316
62 8871.51998385664956        62.590725043278396811   321
63 8685.1881267383978411     806.40902275471364646    327
64 8587.0891031168648624     347.86585796380654756    332
65 8734.6630068955237221     333.06681829240710613    338
66 9328.4579277741813712     555.96893941241432913    343
67 8495.5676136476031388     535.46338177538314085    348
68 8769.9589855814920156     271.47133309360145859    354
69 8562.9324603216919058     2902.4422462745028497     359
70 8592.0586094877780852     2319.6565766866756348     364
71 11645.161912382865921      2852.2432740375033973     370
72 9112.6449162949083984     12022.229076125189749      375
73 8751.9067167099819926     13785.020395619354531      380
74 8637.9771319223782484     1073.7171136247995946     387
75 8689.6221552835795592       9.3238780674868309006  392
76 8499.4246019193233224     1192.2216019131292342     398
77 8351.9067938486332423     135.81809347652324504    403
78 8357.2799985413457762     104.08904891225670042    409
79 8535.5704922173135856     5006.9672061093597222     414
80 8485.6441881478731375     2172.2527517163407538     420
81 8544.5725435859822028     8564.0262427404832124     425
82 8688.3083419135346048      13.967122289270054836   431
83 8730.2210006617751787      15.931686124553571915   436
84 9114.6988168720781687     927.81433999117757594    441
85 12047.214230325173048      3013.6603383879396461     448
86 8563.9993202364803437     4809.6935469152886071     453
87 9174.3933253988798242     502.03217759219370464    459
88 9281.00435382221076       3145.5314632178915417     464
89 9227.7739409545520175     1889.8247337807006261     470
90 8480.9575109217839781     110.22694185280479928    475
91 8324.6081281882597978      28.125580108759610454   480
92 8418.7981195728498278     541.39034959547416292    486
93 8477.3840412509434827       0                      491
94 8492.5563278232802986       0.51605059964791499816 497
95 8757.1864117103614262      74.306454156886928786   502
96 8595.2765953890702804      45.307974562727089562   508
97 8883.0483301576205122     538.8867467178812376     514
98 8388.2121139440059778      18.709285556365060188   519
99 8895.1885065630867757      60.222168659879656616   525
100 8787.2122295089575346      30.148026397578888691   530
101 8589.7628747040071175      61.529673203377875268   536
102 8398.6769718804243894     176.70168691631548086    541
103 8474.4193971175918705      32.527301474163728301   547
104 8340.9499030889237474      11.459137276201570188   552
105 8287.8339300372517755      13.03516099903000125    558
106 8212.7276108721162018     254.84244917255011842    563
107 8587.1418144203435077       0                      569
108 8640.2226394583303772      18.099749450992536737   574
109 9162.9123837950392044     141.86013947263643331    580
110 12504.766022231369789      1351.551628487232847      585
111 8242.0370912133203092     1859.5164589726957729     591
112 8309.9147712154117471       0                      596
113 8576.2413073926400102      60.600310838907063271   602
114 8372.5639410108287848     3138.5665190781592173     607
115 8672.8017396914401616       0.03689063578789150699 613
116 8577.5383638885668915       0                      618
117 8580.4547248597882572     252.01810798664968161    624
118 8355.4874934205963655      65.381946960962494586   629
119 8489.0770952007751475     224.01126063137502342    635
120 8452.0622686410024471       2.4401471857810070887  641
121 8460.8470555914336728       0.96802120776730005147 646
122 8739.8187883865684853     616.05587667497422899    651
123 8319.0036393878763192     1015.4860939918813756     657
124 8344.3011968842947681     3311.450771847775286      662
125 8472.3117746110656299     259.06925751322211227    667
126 9180.0035395206632529     1182.6708516078406319     673
127 9013.7138167358498322     4792.0116214676036179     678
128 8475.7795448107044649     12057.201705368985131      683
129 8291.0517256754355913     2988.772651727462744      690
130 8981.7487365294218762     599.73280670894291688    695
131 8590.9847874305341975       0                      701
132 8526.2259831580668106       0                      706
133 8530.5379723138885311     194.57554958574039006    712
134 8354.7603343654700438      63.596660931418178109   717
135 8467.7750944559538766       0                      723
136 8230.5054678232154401      71.0608413085886923     728
137 8594.6546445836938801      29.900040213301050329   733
138 8503.4048153359599382     1810.3242482165180718     739
139 8556.4740830017162807     7378.6039679150762822     744
140 8661.6293225653280388     1127.4608663317460469     750
141 8884.6507416794283927     1432.5325024249041235     756
142 8719.0293461649434903     3068.9067422860916849     761
143 8794.9124727300550148     2607.1466035980683955     767
144 12753.538846121171446      2838.6293720830090024     773
145 8367.1453069949893688     2525.7227891543448095     778
146 8361.8074008306739415     3195.0102596406659359     784
147 8530.9440158170782524       0                      790
148 8546.9347214289027761       0                      795
149 8486.2599807721235265     154.94361380748077295    800
150 8307.6635543217089435     103.2077143596719111     806
151 8210.7016612958777841     158.49559303305915137    811
152 8315.0237189300842147      10.733073880967699765   817
153 8314.3188500331161777      15.054569527767274195   822
154 8309.9857952557213139       0                      827
155 8557.0915045763613307     371.71332225776592395    833
156 10089.416639440218205      325.94020562269662378    839
157 8237.4527594751580182     1284.6447302189933453     844
158 8283.297679274364782      511.12222983911055962    849
159 8241.8887702352258202     797.14191899090769766    855
160 9545.5711770623875054       7.8473882898865792157  860
161 8471.9007330690947128      89.737883153310846751   866
162 8301.4310917724069441       0                      872
163 8125.3791709015022207      81.120486253229088902   877
164 8152.3021834607170604       0                      883
165 9633.0816831695883593     687.66373958205133476    888
166 8142.5396477715421497       0                      894
167 8543.5595602921512182      25.115664188884192498   900
168 8322.4336284068995155       0                      905
169 8479.2496996938134544       0                      911
170 8463.5774396798533417      95.964465344931113577   916
171 8551.2715698031461216       1.907217310220613804   922
172 8462.552791375284869       90.207917725062557679   927
173 8310.7695749372123828      66.457455878195204946   932
174 8454.0739967673871433       5.1531501865912749949  938
175 8149.6811266092336155      60.308128504661581815   943
176 8201.414322352175077      148.1960104925962014     948
177 8327.6002922954685346     193.88218224160490877    954
178 8414.4558334865632787      54.615029603349363185   959
179 8149.0500419891232013     233.92994197478449792    964
180 8140.2034313242038479       0                      970
181 8349.634296080283093        5.7724014256804032641  975
182 8144.7077964723430341       0                      981
183 8289.3662791999831825     122.6541303195947421     986
184 8887.5341153994431806     179.15818529843144802    992
185 8317.9957297693799774      28.477658511037251543   997
186 11445.538518518213095      467.91678691603118523    1003
187 8129.3685143992406665     251.16385119734894715    1008
188 9413.3358132719949936     565.75551443119627493    1014
189 11724.265905579173705      728.93418836319983711    1019
190 8158.1127082110851916     681.47633197497418678    1024
191 8174.5938127389254078       0                      1030
192 8375.8241383738368313     6960.460548681835462      1035
193 9137.247173207331798      2304.8441114518232098     1040
194 8268.9138002539893932     437.45313351824501069    1046
195 8460.4812053350178758       0                      1052
196 8301.5987814455984335       0                      1058
197 8553.3141357771837647       0                      1063
198 8286.4334218155763665      95.721436774198778608   1069
199 8288.4913256421641563      75.619097257768885356   1074
200 8116.6238301391040295       0                      1079
201 8128.556733854171398        3.1995844792813299406  1085
202 8314.1856542281311704       0                      1090
203 8508.6225785269125481       0                      1096
204 8176.2967552531690671      84.27407833732198128    1101
205 8284.1863357243528299      77.507930668684053899   1107
206 8112.0093994271128395       0                      1112
207 8473.8505697746913938      30.96506936846958169    1118
208 8157.950064698567985        0                      1124
209 8557.7214482511917595       0                      1129
210 8177.3528835174429332      93.168584606387184976   1134
211 8353.5475612391546747      33.17543189870937681    1140
212 8304.6924418393718952       0                      1145
213 8114.0291995172729003       0                      1150
214 8135.5376021694173687       0                      1155
215 8476.0068858904087392      23.906619950015986831   1161
216 8150.0140408516344905       0                      1166
217 8120.986686343961992      221.15603030949938557    1172
218 8175.4520162748240182     431.77556561992787465    1177
219 8207.2336280001800333       0                      1183
220 8546.5803470296523301     137.09149530161298003    1188
221 8814.5120422013023926     1384.2603503010816439     1193
222 8484.2948827253567288     461.25112652347138464    1199
223 8481.77063912687845        37.461004544743474298   1204
224 8203.6260233170432912       0                      1210
225 8749.2574526522603264     151.26940821594550357    1215
226 8110.7804500383108461     102.53567717435356599    1221
227 8332.0357175042845483      38.945481551969002965   1226
228 8112.6675924542296343       0                      1232
229 8109.4131899094891196       0                      1237
230 8428.5289099278288631      40.570260126471907824   1242
231 8137.4401355113441241       0.00790925307035616337 1248
232 8611.9671749807293963     215.1990192011542149     1254
233 8561.1057213021667849       0                      1259
234 8381.640388983021694        0                      1265
235 8344.3682198841906938       0                      1270
236 8124.041092796389421       51.158425082798714811   1275
237 8360.3545800464817148      31.481510904837453069   1281
238 8110.4634754216203874       0                      1286
239 8136.1286482921823335       0                      1292
240 8123.4356681741110151       0                      1297
241 8512.3834911006943003      48.307245301696539741   1302
242 8141.0834526714252206     225.1737508871605371     1307
243 8211.4187170507557312     1898.4688738991530954     1313
244 8221.6836975319456542       0                      1318
245 8234.7730566714908491       0                      1323
246 8309.3337508875338244     726.16338724351885503    1329
247 8317.5195557552433456     1007.2395814038900426     1334
248 8168.0680719197916915       0                      1340
249 8116.7334860685623426       0                      1346
250 8107.8823813864528347       0                      1351
251 8116.061844369629398      183.35377106220832388    1356
252 8152.6716429101415997       0                      1362
253 8142.1650602511690522       0                      1368
254 8110.4775218882241461       0                      1373
255 8230.4922480599580012       0                      1379
256 8126.2793862695516509      78.409245342710292448   1384
257 8291.3713855304631579      67.554786560788841143   1390
258 8108.4763561761874371       0                      1395
259 8109.1254742085384351       0                      1401
260 8971.8469453682027961      29.620920843026908642   1406
261 8132.6731598797041443       4.5416432968724338437  1412
262 8124.5457847632487756       0.73626234644595034418 1417
263 8142.8059849594510524       0                      1422
264 8181.2353226439172431     2160.1085659610735092     1428
265 8255.3828014842092671     380.21900120675871904    1433
266 8249.7096504922956228     1545.7326327574360221     1438
267 8345.9219804466047208     1423.8401331646352901     1444
268 8193.4613869910463109       0                      1449
269 8151.4093686476453513       0                      1455
270 8142.0000585415145906       0                      1461
271 8131.4651718221239207       0                      1466
272 8131.3347041361739684       0                      1471
273 8127.9329836921415335      65.309433123222561335   1477
274 8257.0556582544231787      82.462015732653597411   1482
275 8109.5840010120155057       0                      1487
276 8114.4193150836354107       0                      1493
277 8270.1295196514001873       0                      1498
278 8122.1428477126091821       0                      1503
279 8105.6674291991439532       0                      1509
280 8115.1146941235792838     608.23444394602188368    1514
281 8281.4457679460065265       0.45974252651041447315 1520
282 8170.5064163998213189       0                      1525
283 8121.3119986094916385       3.4426915556588713052  1531
284 8131.5876599479070137      78.517158958750030706   1536
285 8277.4025250809281715      73.313949280398517772   1541
286 8100.6183471736057982       0                      1547
287 8169.740598611846508      2317.2548544873470746     1552
288 8259.1120537329079525       0                      1558
289 8219.4888422813455691       0                      1563
290 8176.7028242864098502       0                      1569
291 8128.5132918821109342      48.281870482623205021   1574
292 8094.3252360333535762       0                      1579
293 8172.7871173845724115       0.00058017149827044648 1585
294 8129.6361867097630238       0                      1591
295 8168.6382439337021424     256.56284698050319548    1596
296 8142.7542106731380045       3.2049357595422240941  1601
297 8149.8028011905980748      31.98208837712991226    1607
298 8130.7776628969295416       0                      1612
299 8091.0463850065916631       0                      1617
300 8098.3919674289882096     124.53478249472051687    1623
301 8547.4449230161062587     321.57517516659436296    1628
302 8111.8937516810747184       0                      1634
303 8129.6147596587879889       0                      1639
304 8133.1465039787544811       0                      1644
305 8155.6123945491635823      29.367205226634364834   1650
306 8263.9385654326706572      79.25969056235072685    1655
307 8092.4335019166737766       0                      1660
308 8093.0117047817066123       0                      1666
309 8228.3165561376154074       1.0475326370909814333  1671
310 8291.1275806892335822     459.85603132681677607    1676
311 8094.1273221168758027     391.39239929060136092    1682
312 8103.1404505078844522     142.28461382084088882    1687
313 8131.0698637492441776     1111.9889557188187155     1693
314 8133.4675224237562361     548.45388836096253726    1698
315 8292.1798942742680083     522.73610187851704723    1703
316 8163.8141734537312004     191.00371947038706821    1708
317 8122.9639076584717259       0                      1715
318 8084.9969609839499753       0                      1720
319 8155.9030618708347902       0                      1726
320 8121.1380780902672996       0                      1732
321 8117.2283197882816239      58.17802693979693629    1737
322 8201.4673249442985252     113.39873578144282362    1743
323 8094.2140137357691856       0                      1748
324 8093.9603316587927111       0                      1753
325 8139.4535722829787119      99.125712435861089489   1759
326 8103.9498405601552804     270.13277384223459876    1764
327 8089.8780445115717157     354.50610210678911471    1770
328 8092.6532572918558799     112.63023219602489178    1776
329 8097.4927376739133251      48.232711301018149186   1781
330 8103.6652372426569855     487.60993324597393439    1787
331 8286.302284415522081        7.3341489414394400725  1792
332 8136.1224394916353049      61.48858350022482       1797
333 8087.0286599006740289       0                      1803
334 8102.2394663176191898       0                      1809
335 8123.5497937660511525      19.944699896698374175   1815
336 8107.1757699060781306     133.27687648090363837    1820
337 8124.2808511008843197      62.554027032514582629   1825
338 8206.224966811878403      102.15639017364728147    1831
339 8087.4174858235728607       0                      1836
340 8085.1389283312446423       0                      1841
341 8085.2350875354468371       0                      1847
342 8087.6185447776324509       0                      1852
343 8089.1611993621190777       0                      1858
344 8088.7330272583039914       0                      1864
345 8124.4757830339221982       0                      1869
346 8089.4004098767163669     443.51052652972532542    1874
347 8184.4332407302363208       0                      1880
348 8214.8587567919639696     1206.4976639988356055     1885
349 8089.9509905472887112     106.43127307544604321    1891
350 8179.7311085837864084     125.72095068211130808    1897
351 8090.1730443394944814       0.00565925706698989367 1902
352 8082.7031794952799828       0                      1908
353 8090.389217708758224        0                      1913
354 8083.5219546011021521       0                      1919
355 8168.8151043977040899     134.33048219645675658    1924
356 8090.7933594067017111       0.02779008755227267008 1930
357 8096.7312048072162725       0                      1935
358 8082.8771750066334789       0                      1941
359 8087.249761220326036        0.06009098969197983198 1946
360 8085.8416704450992256       0.01732051761137077747 1951
361 8083.61385082677225         0                      1958
362 8084.1172923642197929       0                      1963
363 8086.1729199818992129       0                      1969
364 8103.0849601909076227     186.85773695167247865    1974
365 8172.6563265906843299     302.56341204650573218    1980
366 8184.9379037606477141       0                      1985
367 8104.0567226319399197     1211.1865635125700464     1991
368 8087.0160983106006825       0                      1996
369 8096.4577347589793135       0                      2002
370 8088.4097587986962026     291.58034504317652136    2007
371 8083.5608140839403859       0                      2012
372 8082.6512720113805699       0                      2018
373 8082.5319309838869231       0                      2024
374 8082.501363966264762        0                      2029
375 8086.7161575578866177       0                      2035
376 8084.93099487366635         0                      2040
377 8085.9138817831280903     317.20948935558016046    2046
378 8083.462654918125736        0                      2051
379 8082.3661262488358261       0                      2057
380 8082.2604387144501743       0                      2062
381 8084.6324468764569247       0                      2067
382 8082.5172616259851566       0                      2073
383 8082.547999355239881        0                      2079
384 8147.5235549057424578      17.331830853709035978   2084
385 8150.0673840045756151      18.138531425551924769   2090
386 8143.1264638169295722     136.39277019153607284    2095
387 8103.0343334746958135       3.0149177589739135641  2100
388 8082.3243245443054548       0                      2106
389 8082.3808822381306527       0                      2112
390 8110.3469654517075469       0.09193592545511776459 2117
391 8085.040247140836982        0                      2122
392 8084.1282255921414617     348.07803227626220632    2128
393 8084.7800513685497208       0                      2133
394 8132.9159334899668465       0                      2141
395 8083.245242342025449        0                      2146
396 8139.0933345200255644       0                      2152
397 8275.7628660642003524      13.575674337076236498   2157
398 8082.509781010905499        0                      2163
399 8084.078756061171589        0                      2169
400 8108.0360653853722397     214.77280053348087563    2174
401 8090.2070657359026882       0.02039535686774997941 2179
402 8082.2609364653126249       0                      2185
403 8082.3254302857358198       0                      2190
404 8082.6199395641533556       0                      2195
405 8082.2369717053061322       0                      2201
406 8085.0910127619390551       0                      2207
407 8082.7379131957068239       0                      2213
408 8087.6535836014863889       0                      2218
409 8110.7006316177985354     209.08644041308744477    2224
410 8089.9447136802327805       0.01658999519233775657 2229
411 8082.498347818491311        0                      2235
412 8184.6386080616312029       0.00183437820956586358 2240
413 8089.4445408182091342       0                      2245
414 8088.0515216627754853     124.06280547198973352    2251
415 8082.215974370396907        0                      2256
416 8082.2126258406260604       0                      2262
417 8082.7390683592284404       0                      2268
418 8082.0230609392765473       0                      2274
419 8082.0502657488732439       0                      2279
420 8087.0137918394593726       0                      2285
421 8087.0859432372608353       0                      2290
422 8174.2273567383244881     137.12338930629860556    2296
423 8232.2821141614203952     277.92282249612082978    2301
424 8147.4322016692867692     129.23237408596921227    2306
425 8097.9246852233181926       1.6363926757740827611  2312
426 8082.0232983339828934       0                      2317
427 8084.2472602516209008       0                      2323
428 8082.1915544672165197       0                      2328
429 8090.6628114591785561       0                      2334
430 8111.3769695083628903       0                      2340
431 8083.0749036417510069       0                      2345
432 8089.9096284308652685     172.35814051954025672    2350
433 8083.2545536937241195       0                      2356
434 8187.1507736963312709     167.44154857390265079    2361
435 8173.1030426693796471     376.60849136210941879    2367
436 8082.0163023545810574       0                      2372
437 8095.0059105305354024     360.72625629853973805    2378
438 8082.0841688023729148       0                      2384
439 8082.1254768901490024       0                      2389
440 8134.4299867689451276       0                      2395
441 8144.3423751188647657     145.4383446290730717     2400
442 8098.0724907689918837       1.6703208919792054132  2406
443 8089.6009056642915311       0                      2411
444 8083.0552100716931818       0                      2417
445 8111.2397510575765409       0                      2422
446 8082.358850713110769        0                      2427
447 8083.5866890456145484       0                      2433
448 8082.6905659097728858     360.24034411432455727    2438
449 8084.2496299066651773       0                      2444
450 8087.5296323871407367     129.67729432439847415    2450
451 8238.9021362696767028       5.0483195040160930844  2455
452 8132.8305470683817475      16.272295449584444071   2461
453 8113.6684013222911744       1.6910814971848402433  2467
454 8088.8290260686699185       0                      2472
455 8205.412514538031246      450.62021935097652658    2478
456 8145.5178513862565524     153.71289631962429212    2483
457 8099.0735226104770845       1.4390195176306506131  2489
458 8082.1726153762756439       0                      2494
459 8082.0459960397220129       0                      2499
460 8083.0569270011437766       0                      2505
461 8088.8133380505496461       0                      2510
462 8084.3690945111375186       0.01405558171789451395 2516
463 8082.8691878183872177       0                      2521
464 8084.9576909082225029       0                      2527
465 8086.9003425162754866     128.27824405958455145    2532
466 8211.6177775739906792       4.6308411459699652113  2538
467 8147.8398739636431856      39.635946980702073006   2543
468 8093.5738679384130592     417.40136706086587992    2549
469 8083.191264745270928        0                      2555
470 8082.0316116826861617       0                      2560
471 8086.5005991414964228     332.165265705098534      2566
472 8082.6581109515773278       0                      2571
473 8082.2527089930372313       0                      2577
474 8081.9937381726194872       0                      2582
475 8082.4402659764491546       0                      2587
476 8082.0574870024411211       0                      2593
477 8082.0591612416255884       0                      2599
478 8144.9588833785855968       0                      2604
479 8150.1987021188224389     347.29102441488532804    2609
480 8113.6438349811078297     233.64086340828743005    2615
481 8089.1043622439274259       0.00043220111692417011 2620
482 8081.9753789323876845       0                      2626
483 8174.5292167345614871      41.313141354101453828   2632
484 8083.2907255616337352       0                      2638
485 8082.1644195496955945       0                      2643
486 8156.7762988037593459     143.57653614885049365    2649
487 8092.9176356795469474       0.71758896568338259581 2654
488 8083.8151261766088282       0                      2660
489 8086.7320414287869426       0                      2665
490 8082.0683155388478554       0                      2671
491 8081.9467697539330402       0                      2676
492 8082.1076575105689699       0                      2681
493 8083.1229679911084531       0                      2687
494 8083.1851151697646856       0                      2692
495 8084.8150792146689128       0                      2698
496 8084.5361149054751877       0                      2703
497 8157.7230727458299953     142.40393950207999296    2709
498 8083.8686125626391004       0                      2714
499 8082.0097430887299197       0                      2720
500 8081.9468508618256237       0                      2725
501 8082.9595605248514403       0                      2731
502 8113.2556963258894029       0                      2736
503 8104.0176630751284392     413.28717786395560552    2741
504 8091.426594418091554      548.41693958683686105    2747
505 8097.6314469528970221     177.03459844090295405    2753
506 8099.5745685457168292     154.47828859862323725    2758
507 8102.1012312928314714     943.41120014212060596    2764
508 8086.8369329796050806     341.39151422590487073    2769
509 8167.3935959981836277      20.59733659799246297    2775
510 8082.0119651607110427       0                      2780
511 8082.0442679413417864       0                      2786
512 8092.1553235760520693       0                      2791
513 8112.7475847556906956     231.71391001871688786    2797
514 8089.1832988521864536       0                      2802
515 8082.347374105443123        0                      2808
516 8082.6934088953357787       0                      2813
517 8083.0282103280887895       0                      2819
518 8093.4450487155409064       0                      2824
519 8082.1401566554450255       0                      2830
520 8082.8315991965318972       0                      2835
521 8089.8610625289338714       0                      2841
522 8083.9334105352572806       0                      2846
523 8082.1715489039916065     331.99387140517768557    2851
524 8088.1797496382023382       0.02098959047599371908 2857
525 8099.6366090534675095     135.494940161168131      2863
526 8082.9480184220010415       0                      2869
527 8083.0043833282879859       0                      2874
528 8093.0836130484467503       0                      2880
529 8094.2457260370838412       1.1700741370472400593  2885
530 8085.9924255319301665     326.1455867537050608     2891
531 8082.6748466735443799       0                      2896
532 8082.3583253144961418       0                      2902
533 8081.9952641156332902       0                      2907
534 8083.3123860113764749       0                      2912
535 8083.8807060544504566       0                      2918
536 8082.1587373981128621     333.94322397377749212    2923
537 8082.8060533326943187       0                      2929
538 8084.0140053885679663       0                      2935
539 8085.4482009735820611       0.02489564929027001522 2940
540 8089.5799337076368829       0                      2946
541 8090.5072279531796084       0                      2952
542 8082.1666627765462181       0                      2957
543 8082.0534323553647482       0                      2963
544 8081.9959969353776614       0                      2969
545 8089.9774852183345502       0                      2974
546 8090.121305757031223        0                      2979
547 8085.8411444106277486     324.76219814134100261    2985
548 8082.7094796765368301       0                      2990
549 8082.1054963703181784       0                      2996
550 8081.9648657549232666       0                      3001
551 8082.3629339899052866       0                      3007
552 8089.1714143338858776     132.56722452031038983    3012
553 8082.1993520654668828     334.67490366053129947    3017
554 8084.0554272541512546       0                      3023
555 8082.7839265161055664       0                      3028
556 8088.5317320572685276     110.20012492320347519    3033
557 8091.4235724948057396     449.15275721504343664    3039
558 8093.7832385430065187      89.27768083263948995    3044
559 8084.045487802023672      341.13535278697440845    3051
560 8082.7461111569682544     320.52725656926088504    3056
561 8089.2913707051930032       0                      3062
562 8089.6427292848193247       0                      3067
563 8082.2643913498213806     331.83203942511073592    3073
564 8081.9910559941999963       0                      3078
565 8081.9391150605551957       0                      3084
566 8081.9745253984729061       0                      3089
567 8083.1440553288075535     354.69411378798992018    3095
568 8083.4401639498937584     380.36579704302511118    3100
569 8087.5170611151561388       0.00016139141996784082 3105
570 8088.7496322773740758       0                      3111
571 8082.7588794280081856       0                      3117
572 8082.5980705224719713       0                      3122
573 8085.0476338701737404       0                      3127
574 8087.0149043768642514       0                      3133
575 8085.574948506169676      325.86774653008734504    3138
576 8082.7071614534670516       0                      3144
577 8081.9533339557947329       0                      3149
578 8081.9479554688241478       0                      3155
579 8081.9792017676045361       0                      3160
580 8082.0031415162993653       0                      3166
581 8082.1781630006262276     332.25473957341807818    3172
582 8082.2204034348760615       0                      3177
583 8082.9431472331098121       0                      3183
584 8082.7925644584374822       0                      3188
585 8091.8530977270656876      92.016735229444492461   3194
586 8090.6245525316899148     454.79127335960293976    3199
587 8081.9728069756047262       0                      3205
588 8083.6586229939712211       0                      3210
589 8083.6872611329845313       0                      3216
590 8091.4918516599100258       0                      3221
591 8090.0192354166729274       0                      3227
592 8082.254524986728029      334.91903993410500107    3232
593 8081.9405900329820724       0                      3238
594 8082.3332158188095491     342.23496320092772294    3243
595 8081.9742363291279617       0                      3249
596 8081.9645821031772357       0                      3254
597 8082.0086540729789704       0                      3260
598 8082.7996209225620987       0                      3266
599 8082.9478110634690893       0                      3271
600 8084.0496042003533148       0                      3276
601 8086.2734858301928398       0                      3282
602 8088.9429552687852265       0.04646814729815601508 3287
603 8081.9898245256254086       0                      3293
604 8087.0139459402635111       0.00004755889216908003 3299
605 8088.3545299448360311       0                      3304
606 8081.9541342587272084       0                      3310
607 8086.6415594753871119       0                      3315
608 8086.9258642725390018       0                      3321
609 8082.2576686756710842     334.07923977765250356    3326
610 8081.9911126341212366       0                      3332
611 8081.9472237434038107       0                      3337
612 8081.9708987750809683       0                      3343
613 8082.7806740085688944       0                      3348
614 8082.0342924102787947       0                      3353
615 8082.2344319634330532       0                      3359
616 8082.1589732691363679     335.36050343171280019    3364
617 8082.8043120436659592       0                      3370
618 8084.0826496132795          0                      3376
619 8087.816143284518148        0                      3381
620 8089.5892581341049663       0                      3387
621 8081.9398535815525975       0                      3392
622 8082.2113516263580095       0                      3398
623 8081.9931099054037986       0                      3403
624 8084.6243030440100483       0                      3409
625 8082.2854017417394061     336.62253158889620863    3414
626 8081.9682239896819738       0                      3420
627 8082.0151388532849523       0                      3425
628 8081.9971792792330234       0                      3431
629 8081.943042150560359        0                      3436
630 8084.9523064290224283       0                      3441
631 8084.0682838486673063       0                      3447
632 8087.3550496558927989       0.00356552347016458188 3452
633 8086.6234260071878452       0                      3458
634 8088.3672642686897234     109.80917451855688682    3463
635 8081.9280489766124447       0                      3469
636 8081.928566463050629        0                      3475
637 8084.7816595561380382       0                      3481
638 8082.0031675194240961       0                      3486
639 8082.0081998207269862       0                      3492
640 8084.746102278586477        0.02923193108455358208 3497
641 8082.1682294695992823     337.01852544367829978    3502
642 8081.9378581190694604       0                      3508
643 8081.9357707923827547       0                      3513
644 8081.9525384370554093       0                      3519
645 8089.1656037609764098       0                      3524
646 8081.9546392820429901       0                      3530
647 8081.987806656255998        0                      3535
648 8081.9892895977982334       0                      3541
649 8082.1530478263821351     334.48836129478047496    3546
650 8082.7667563936965962       0                      3552
651 8082.9321178374839292       0                      3557
652 8086.4694752022915054       0                      3562
653 8098.1941664936484813     354.71427968134372577    3568
654 8081.9905587413850299       0                      3574
655 8082.177771853484046      337.00455186665891461    3579
656 8081.9325868044588788       0                      3584
657 8081.9312250389903056       0                      3590
658 8081.9313195402082783       0                      3596
659 8081.933127937521931        0                      3601
660 8081.9564647942015654       0                      3607
661 8082.9346389707179696       0                      3612
662 8089.6257993549306775       0                      3617
663 8081.9760487447629203       0                      3623
664 8082.158987366371548      335.90559306130359118    3628
665 8087.3172475572146141       0.488931648259397722   3634
666 8081.9336580687186142       0                      3640
667 8087.0248038307800016       0                      3645
668 8081.9951928599939492       0                      3650
669 8082.1705404148706293     336.19878961561516917    3657
670 8084.0282424064225779       0                      3662
671 8081.9246163225434429       0                      3668
672 8081.9241924405450845       0                      3673
673 8082.0116996213746461       0                      3679
674 8081.9373923969169482       0                      3684
675 8081.9335487822236246       0                      3690
676 8086.4741256161405545       0                      3695
677 8082.1677146871679724     335.35847836611179673    3701
678 8082.9271684719706172       0                      3706
679 8089.1364372817433832       0                      3711
680 8082.7948647588746098       0                      3717
681 8082.772380834417163        0                      3723
682 8081.92125012787983         0                      3728
683 8081.9899543931260268       0                      3733
684 8086.7712561405487577       0                      3739
685 8081.9805485585775386       0                      3744
686 8081.9438140827214738       0                      3750
687 8082.1665302198125573     334.51904890832565798    3755
688 8081.9186172812924269       0                      3761
689 8081.9151187665493126       0                      3766
690 8081.9442220496794107       0                      3772
691 8081.9494832638292792       0                      3778
692 8081.9300511230949269       0                      3783
693 8086.2333150572749219       0                      3789
694 8082.1721242456369509     332.52550015640815673    3794
695 8081.9264910296724338       0                      3799
696 8082.9457623798962231       0                      3805
697 8081.9517325334682027       0                      3810
698 8082.0103461163507745       0                      3815
699 8082.8308654452284827       0                      3821
700 8084.1071685716806314       0                      3826
701 8082.1907248188617814       0                      3832
702 8081.9822846024817409       0                      3837
703 8085.9892998789091507       0                      3843
704 8088.3421280442280477     109.19673956102793966    3849
705 8090.306061636362756        0.00310709089923976584 3854
706 8082.0729961153892873       0                      3860
707 8087.8459873951596819       0                      3865
708 8082.1516971600822217       0                      3871
709 8082.1706994489177305     331.45131917153668155    3876
710 8081.919250560978071        0                      3882
711 8081.9155207554531444       0                      3887
712 8081.9466527557360678       0                      3892
713 8081.9856819435572106       0                      3898
714 8081.9888256743861348       0                      3904
715 8082.9327222096026162       0                      3909
716 8081.9429966318448351       0                      3915
717 8082.1739322198573063     337.5537301634983578     3920
718 8082.7553443563374458       0                      3926
719 8087.5564582727738525     404.67407342824793659    3931
720 8091.8452366622968839     101.8820046215379449     3936
721 8083.9899556892496548       0                      3942
722 8081.9674071104773247       0                      3948
723 8082.9588337213608611       0                      3953
724 8082.1737812025949097     332.30927389346015843    3959
725 8081.923785096053507        0                      3965
726 8081.9174166122047609       0                      3970
727 8081.9377933222631327       0                      3976
728 8081.9444901388505968       0                      3981
729 8084.1577606150176507     295.29106923019548958    3987
730 8088.3199970419182137     113.12982449293571108    3992
731 8082.1591511230135438     333.90855555797838861    3997
732 8089.0445696049846447     132.85073274603178106    4003
733 8093.034925892143292      618.37056118031887308    4008
734 8094.6757637408500159      73.185541733727205838   4013
735 8082.7837545324382518       0                      4020
736 8088.3963173092661236     432.82984236958009205    4026
737 8088.2981630509611932     431.75272878217771222    4031
738 8082.1742974381932072     331.46302343652502032    4037
739 8081.9227725220271168       0                      4042
740 8081.915516104035305        0                      4048
741 8081.9175675008182225       0                      4053
742 8082.9199913934398865       0                      4058
743 8088.7816394099063473       0                      4064
744 8081.9429209166828514       0                      4069
745 8082.1621840138459447     333.624759199968139      4074
746 8082.1723429173352997     334.79012136250503318    4081
747 8082.7552682246505356       0                      4086
748 8086.8199942415531041       0                      4092
749 8086.68934916706894         0                      4098
750 8082.8450752154676593       0                      4103
751 8084.1798531412205193     293.52090492593492854    4108
752 8081.9163619098035269       0                      4114
753 8081.9162248666279993       0                      4119
754 8081.9191705067687508       0                      4124
755 8082.7535575608608269       0                      4130
756 8086.6461067866357553     126.43516629327585576    4135
757 8083.4318791422310824     299.58820172437458496    4141
758 8086.9446149821760628       0                      4146
759 8087.8715536063727995       0                      4152
760 8088.3138388602483246     111.14183705929168866    4157
761 8086.5023731900027997       0                      4163
762 8081.9203794707837005       0                      4168
763 8082.0114490271080285       0                      4174
764 8082.1814267745776306     329.49010691031287479    4179
765 8081.9186758322175592       0                      4184
766 8081.9171294087445858       0                      4190
767 8081.9428681556437368       0                      4195
768 8082.9191081758044675       0                      4201
769 8088.909525894953731        0                      4206
770 8081.9444769443598489       0                      4212
771 8082.1636453991786766     333.09223647733989537    4217
772 8082.9482133359324507       0                      4223
773 8081.9206835495597261       0                      4228
774 8082.1832833777743872     330.34572675036014289    4234
775 8082.9225881520123949       0                      4240
776 8083.432901804481844      298.76379984544075796    4245
777 8088.2377015714464505       0                      4250
778 8086.6654283362222486       0                      4256
779 8089.1853915453530135     117.41296384244434137    4261
780 8088.3102320428342864     111.63388668983984076    4267
781 8084.1627336245283004     292.05550819487604031    4272
782 8082.1628485197270493     333.92999809756719287    4278
783 8089.7602345258810601     139.94002771872487756    4284
784 8082.1613274428182194     332.23394583497565691    4290
785 8082.0015851324897085       0                      4295
786 8082.0018877256161431       0                      4301
787 8082.7558430909612071       0                      4306
788 8081.9194838771300056       0                      4312
789 8088.5274063444476269       0                      4317
790 8087.1440252218226306       0.00091212867894661378 4322
791 8082.0160941931308116       0                      4328
792 8084.0403107153479141       0                      4334
793 8084.0313036311745236       0                      4340
794 8083.4324980859419156     300.41437075748416419    4345
795 8083.9727637076211977     344.43542253175786527    4351
796 8093.0619609809264148     171.21160886840831949    4356
797 8092.1337129187822939     137.22791651817487946    4362
798 8082.4924401733615014     358.00110906883207917    4368
799 8085.0519401290557653     342.89208261297170566    4373
800 8087.4606200460275431     132.79726261047079561    4379
801 8088.7851226952170691       0                      4384
802 8088.5644972157615484       0                      4389
803 8082.0069803815640626       0                      4404
804 8081.9240613380670766       0                      4414
805 8086.5671159459307091       0                      4422
806 8089.1544967543732128     117.61108264801966072    4428
807 8083.0262753494953358     321.64838847941723543    4433
808 8081.9284724788767562       0                      4439
809 8081.9929714388799766       0                      4445
810 8087.2024964813381303     149.57864977551554375    4451
811 8082.1720281186780994     333.95146206974601455    4456
812 8082.4929041814511947     357.97956503492900993    4462
813 8082.5287687067966544     359.22947743355035755    4467
814 8089.6819184425294225     442.72407192299044709    4473
815 8092.5853290879149426     106.55859787777360737    4479
816 8082.9608420799349915       0                      4485
817 8082.955883638850537        0                      4490
818 8087.2368974523096767       0                      4496
819 8081.9887097762302801       0                      4501
820 8081.9206495070820893       0                      4507
821 8081.9480346852324146       0                      4512
822 8081.9193173883704731       0                      4518
823 8081.9907422604719613       0                      4523
824 8084.0162617830137606       0                      4529
825 8083.9933251506845409       0                      4534
826 8094.078088471909723       74.898792260313399538   4539
827 8093.3634742860604092     604.74987032541105236    4545
828 8081.9191705067632938       0                      4551
829 8086.9150894987114953       0                      4557
830 8087.9786234981929738       0                      4562
831 8089.1539430984257706     117.94492261263771127    4567
832 8082.1625053116522395     332.53839088270393631    4573
833 8083.0007325325213969     322.15116088678820461    4578
834 8082.1662878288416323     333.64622800430112193    4584
835 8089.1565572583158428     117.2779062962932386     4589
836 8088.3229051073922165     111.321773216005667      4595
837 8081.946810209639807        0                      4601
838 8082.1581563444033236     332.51700487527193673    4606
839 8088.3339978698923005     111.10422249353700863    4612
840 8093.3717464411411129     622.38677659918607787    4617
841 8094.2365678302958258      74.354693266241980609   4623
842 8082.1618747851362059     331.65929078333363123    4628
843 8088.0117070651167523       0                      4634
844 8081.9438694486516397       0                      4640
845 8082.5212477423774544     358.33844485347782438    4645
846 8091.9421100177423796      87.659390014406540104   4651
847 8092.1322378396325803     136.76083947590370826    4656
848 8083.9756112238474088     342.11337139171200761    4662
849 8088.8332300225711151     437.71584873429947038    4667
850 8081.9235196297968287       0                      4673
851 8084.013266126596136      341.52362102258609866    4679
852 8092.1455120259834075     137.27099666594079963    4685
853 8082.5221364997141791     358.31693110936112134    4690
854 8086.6440456926648039     126.4213750595471879     4696
855 8082.4954242079738833     358.87015193793848766    4701
856 8086.888144433857633        0                      4706
857 8087.928081939943695        0                      4712
858 8081.928305316562728        0                      4718
859 8086.5661375108411448       0                      4723
860 8086.6643175998069637       0                      4728
861 8083.4274912048113038     298.14784611955008131    4734
862 8087.1930410985705748       0.45688802392361427263 4739
863 8088.3137315308194957     110.31546624938309265    4745
864 8082.1723362665898094     332.55979830471932246    4750
865 8088.9696816396226495       0                      4755
866 8089.0478974345005554     132.66779186323367412    4761
867 8089.0734559202519449     131.98678201595635073    4766
868 8082.1655500135047987     331.92950312893520959    4772
869 8082.0081190011105718       0                      4777
870 8082.4911685311808469     357.42591302990200575    4783
871 8084.0165625339195685       0                      4788
872 8086.8436407520985085       0                      4793
873 8087.1176080901814203       0.00046919002639470096 4799
874 8087.879990984865799      155.52165471902131344    4804
875 8081.950227391419503        0                      4811
876 8086.5436450568931832       0                      4816
877 8081.9169433636052418       0                      4821
878 8081.9155516068603902       0                      4826
879 8081.9205344467882242       0                      4832
880 8082.920219934857414        0                      4837
881 8088.466861125694777        0.19653136258101808198 4843
882 8089.3795943386176077       0                      4848
883 8082.1690835803337905     332.8428381045694664     4853
884 8081.9292845302406931       0                      4859
885 8088.4480071353627864       0                      4864
886 8087.3564921272463835       0                      4870
887 8084.8764585771459679       0                      4875
888 8084.0226160387019263       0                      4880
889 8082.8066464870689742       0                      4886
890 8081.9851735521679075       0                      4891
891 8083.9843793784175432       0                      4897
892 8082.0119760957632025       0                      4902
893 8084.854596975844288        0                      4907
894 8086.8216759371134685       0                      4912
895 8082.8059364866476244       0                      4919
896 8086.4465549191590981       0                      4924
897 8082.1675192900283946     332.80885166625824922    4929
898 8088.3451769259072535     111.27380286405674781    4935
899 8086.501505628234554        0                      4941
900 8086.7202426456824469       0                      4946
901 8081.9154192493651863       0                      4952
902 8091.8756552339500558      87.82058966381256937    4957
903 8090.1366711170367125     443.77336760336925181    4962
904 8081.9191948144716662       0                      4968
905 8087.3991902883763032       0                      4974
906 8088.0975515556810933       0.14630936320680076879 4979
907 8089.0124678300744563       0                      4984
908 8081.9595759902613281       0                      4991
909 8089.1521338390666642     117.09321033765371567    4996
910 8088.341083783270733      111.4411895012863738     5001
911 8089.1902356636810509     118.43873890066306842    5007
912 8087.4023521265526142     403.44362962502083292    5012
913 8091.9922880768917821     101.25861727241918686    5017
914 8081.9318451062599706       0                      5023
915 8082.803260043499904        0                      5029
916 8084.1368537411426587     291.77808622469780175    5034
917 8089.7924307611356198     139.7237240818187729     5040
918 8083.4587448068286903     299.06124727195697233    5045
919 8086.8899371873858399       0                      5050
920 8092.123565482851518      137.1892518365297633     5056
921 8082.5197914999544082     357.44834053394919238    5062
922 8086.6428960883968102     125.89801050905950319    5067
923 8086.6847635466065185     127.29320806063812199    5072
924 8082.5040090381353366     359.76166651751157133    5078
925 8092.1412482571267901     137.6962312372764643     5083
926 8092.1567234891426779     136.95406015543372291    5088
927 8084.0126164776966107     343.84333247696832814    5094
928 8088.8262963412598765     437.42520258785606302    5099
929 8081.9953417875703963       0                      5105
930 8084.904994575341334        0                      5110
931 8087.578040184328529        0                      5116
932 8082.9981389120839594     321.30702205297751561    5121
933 8088.3112017078110512     110.63846833698090677    5127
934 8086.6553775415577547     126.97357304104284026    5132
935 8088.9572100524865164     438.92929139499761959    5138
936 8092.5299484447095892     106.76110260654463957    5143
937 8081.9164449962072467       0                      5149
938 8082.7639780210811296       0                      5154
939 8087.5100947104001534       0.00816369862911710265 5160
940 8082.1759306767244198     331.18100591315197789    5165
941 8081.9858504820695089       0                      5171
942 8083.9841287306526283       0                      5176
943 8086.6513684913543329     127.3062261060318292     5182
944 8092.1261813237551905     137.01832495083709773    5187
945 8083.9711242675784888     343.52247540147169502    5193
946 8082.5052399604210223     360.31638686560160068    5198
947 8092.0946730865816789     100.96028266115870053    5204
948 8087.3686552994686281     403.39376361961706152    5209
949 8092.1337483335273646     137.487033209271857      5215
950 8081.9210796729976209       0                      5221
951 8086.9390760971728014       0.00000043013826776048 5226
952 8086.761158360310219        0                      5232
953 8086.3509824305738221       0                      5238
954 8081.9188346712762723       0                      5243
955 8081.9252025324840361       0                      5248
956 8081.9171255172268502       0                      5254
957 8082.7582631589375524       0                      5259
958 8081.9973591352600124       0                      5265
959 8086.6561673630985752     127.15275153869910696    5270
960 8083.3919963459293285     348.16254878976593545    5276
961 8087.0382586866508063       0.43999143563494663711 5281
962 8089.0399996354217365       0                      5286
963 8082.7644940382924688       0                      5292
964 8088.1255146845742274       0                      5298
965 8084.7848329209609801     346.88617485526026485    5303
966 8087.543583897229837        0                      5309
967 8087.2003206329836758       0.00217864377672159076 5314
968 8081.9904444413541569       0                      5320
969 8087.5364419947291026       0                      5326
970 8086.91180248631008         0                      5331
971 8087.8174012654671969       0                      5336
972 8088.3078040217133093     110.80546265374479731    5342
973 8082.1733538938633501     333.11368528478089956    5347
974 8088.3266822002269691     111.15436506187459997    5352
975 8088.3223852268274641     112.46588875373876704    5358
976 8082.1772748996854716     335.34514820870504082    5363
977 8082.1928176190986051     331.44015698661974056    5368
978 8088.3153352652043395     110.47165082683605419    5373
979 8087.5038452427825177       0                      5379
980 8087.378700656190631        0                      5384
981 8083.9870840959092675     344.66795524760988201    5389
982 8084.7868899713594146     344.47302532522098772    5394
983 8083.3673119209452125     348.39668638492321406    5399
984 8087.5067026589613306       0.54606801348479128144 5404
985 8088.5895623005371817       0                      5409
986 8093.0081153872606592     152.22596692122186823    5414
987 8088.3138943076673968     111.46633333930084575    5420
988 8087.2972150057485123       0.00370239124370765321 5425
989 8081.9912796822918608       0                      5430
990 8082.9234475227231087       0                      5435
991 8083.6292198761166219       0                      5440
992 8084.8601774469461816       0                      5445
993 8088.7627164562945836     437.04489460692695957    5449
994 8091.8620903438550158      87.776402938968388412   5454
995 8088.0586798169406393       0                      5459
996 8082.7962167270179634       0                      5464
997 8082.017206981234267        0                      5469
998 8083.9783152727914057     343.38869864967551848    5474
999 8087.345953157258009        0.50171901414524688878 5479
1000 8093.812140033021933      188.40582018113832419    5483
