1 12020.98785919357033       7953.7518833850517694     4
2 12681.121416266243614      6950.2915830618667314     8
3 12229.28669792852088       9696.5015674558017054     13
4 12232.741505396355933      10535.383557346416637      17
5 12230.482432863505892      10297.394606530024248      22
6 12009.747560103027354      1506.8586834332809303     26
7 12021.26135260612682       3891.8112121831850345     30
8 12012.126311402129431      749.96321438134077653    35
9 12013.19888708889448       2203.6411256017672713     39
10 12020.627910913843152      1342.7535935259734288     44
11 11404.77680122485981       1252.2467445284819405     48
12 9953.7044038819822163     2770.351513134009565      52
13 9955.192676475036933      4974.7479866219937321     57
14 11227.745644865251961      3544.8452412804558662     61
15 11234.692995754649019      5212.7107454902743484     66
16 11228.443822094359348      2981.2763300509213877     70
17 12888.218470725854786      3436.4541399923614335     74
18 12678.580719866338768      3200.8093848007974884     79
19 10862.413818834105768      3387.7450224770004752     83
20 11218.028706852092         1043.5327842574415627     88
21 10740.090414044483623      537.91411192425584886    92
22 10646.980128449611584      445.15958630430924359    97
23 10142.730989203293575      3774.1069114067845476     101
24 11699.469840657968234      3301.7179270802525934     105
25 11278.114054953379309      1478.944138065794732      110
26 10919.728551808719203      1231.2734184504831774     114
27 10088.851720332633704      1694.7384934961751242     119
28 12071.969565708499431      609.14340906633867689    123
29 10290.124446545700266      405.96233714037691698    127
30 9548.9680815009742219     2193.7812206383082412     132
31 9813.1565171404727153     6384.5602850407440201     136
32 9806.0889417635080463     4049.6990557044036905     140
33 10651.3045674584464        1335.0338796854853172     145
34 11206.835677028264399      642.81032021804742271    150
35 10500.987008500023876      165.04308494923844819    155
36 11504.462044594933104      2320.1289650943854213     159
37 10784.055624597560382      801.39021075104676584    163
38 8642.835708358874399      3086.8269693980760167     168
39 10371.173711863821154       80.80719325601576486    172
40 10143.054551869092393        2.0277313508237995165  177
41 10661.572731949341687      580.88589720587754073    181
42 10243.314104433451575       32.11592341713273413    186
43 10410.478309904894559      4980.5377899571640228     190
44 10363.591732446115202      643.75359877747837345    194
45 8439.4200764307897771      54.211360942633433524   199
46 10144.952644839964705      538.32174805799570549    203
47 10236.131164280628582      336.99774767222686478    208
48 11431.516042171715526       43.340591323689700687   213
49 11527.718205305229276      12152.440665314110447      217
50 10145.016891704517548      508.5570855257351468     221
51 9170.4495619300505496     6227.1334722707479159     226
52 9571.7603936220930336     9533.7903907023355714     230
53 10004.043382823101638      1239.2896166048858504     235
54 10244.21478546792423        41.416763451412997199   239
55 9281.4531826747170271       5.9365293439394566377  244
56 9672.2321950229925278      87.282860042861443617   248
57 10145.328010493933107       17.13710779333887757    253
58 10244.064055532744533       21.1142248065980489     257
59 9771.5895645526961744     182.61802448246444897    266
60 10145.656082230159882      1181.7255138132354659     271
61 10166.967455682086438      2039.506146654201757      275
62 10749.455026936406284      216.98351600754540414    280
63 10143.065002497940441       10.281619293258273728   284
64 9207.652978188922134      148.40898654374814214    289
65 9208.7483878653874854     192.76000351958208512    293
66 9682.4223457746120403     293.28848157398573449    298
67 9681.5761051097415475       2.1533361790839640193  302
68 10158.257639799949175      131.75291829408985222    306
69 10165.533107321474745      361.47527841225411294    311
70 9684.8887524508627394       2.1497476679661660093  315
71 10128.941272981639486        0                      320
72 10126.230141965816074       11.369219220061591358   324
73 9284.9132074396493408     210.18742269724990024    329
74 9288.744073310344902      258.63457608459873427    333
75 9278.8628387848475541     253.64551091215548695    338
76 10659.410031076040468      307.75567837282602568    342
77 9674.2728997512331262       0.81340994456333914897 347
78 8681.8266152331798367     3177.2660225483264185     351
79 8495.6875703556052031     3079.4848248885705289     356
80 8724.6086428682792757     2799.1394859528577399     360
81 10661.492474328522803      516.87790515335063901    365
82 9675.103318961117111        0.81217185131636127071 369
83 10654.833744270155876        7.7633247993721923308  373
84 9677.7533605495027587       2.6057493930809401128  378
85 9852.2879716673724033      53.656286831631035739   382
86 9726.5139255210633564     196.09322365540688793    387
87 9587.7031640657514799     154.9390979591169355     391
88 9675.1752009105730394     288.04487220402421599    396
89 9672.7662706945775426      17.028903416072491694   400
90 9602.2417653411284846     1016.0125971907837084     405
91 10233.818398482182602      632.08330330744468029    409
92 10128.47779854343753        17.022811953535420315   413
93 9022.1901058232997457     1215.2575694911695336     418
94 8683.9567989307743119     3178.8777291021910969     423
95 8359.3349610729128472     538.87076997292570013    428
96 11030.682057352996708      8337.0821486714467028     432
97 11390.255649755992636      18307.673086323760799      436
98 10763.584834894585583      354.36376569626060018    441
99 9216.6222949119055556      10.458954729010034868   445
100 9629.2589241732330265     940.57880922167498738    450
101 9655.2914580598917382       0                      454
102 9646.7903446061718569       7.3681852384715691429  458
103 8342.2130377454977861     631.78551481384999988    463
104 8342.4216921967945382     627.51760198309364114    467
105 8343.083913693571958      614.80925316231207489    472
106 10659.541401849173781      299.28867822177016933    476
107 9693.4256073854030546     4055.307527573061634      480
108 9655.2229444954682549       0                      485
109 9655.8811360286654235       1.3674884859175582275  489
110 8328.78349939985128         0                      494
111 8532.7157131298426975     9561.4835791216919461     498
112 8349.2017541687182529     3373.4260644449977917     503
113 8331.5001933449366334     2382.9932931825755986     507
114 8088.8808685178446467     342.60118156741515349    512
115 10777.902930894158999      5210.6975012205430176     516
116 9652.4101233441451768       0                      521
117 8327.4072837508701923       0                      525
118 8105.1596012028830955     237.86869824023281694    530
119 8127.1100862818248061     2791.359216255299998      534
120 8105.4419328080866762     236.4440533788236678     538
121 11869.296125762944939      15118.044007821188643      543
122 9121.6726632872287155      19.712388687598341619   547
123 9584.2205636866692657       0                      552
124 8542.9705175137205515     278.79895011493482571    556
125 8219.1831230305724603     6391.5503627913958553     561
126 8551.2524881825720513     230.20611567205332904    565
127 9080.0552157489692036     843.84956948421768175    570
128 9119.9494795564696688     4119.218753897280294      574
129 11013.923779750339236      2497.0347939153075458     579
130 9868.4560521763924044     1597.4407316897877536     583
131 8179.3115861198439234     499.23702306310758559    588
132 8556.8666328248291393     5941.17893780644863       592
133 8915.8251053565381881     7747.7128906555471985     596
134 8945.0546771652370808     458.36986162549186474    601
135 8240.8193440652921709     2437.5365373902118336     605
136 8331.6542844562736718     342.89162196108270564    610
137 8325.4878015015565325     216.01183534077995319    614
138 8533.7189244145520206     15518.876090858402677      618
139 8329.8871862753239839     5592.0982381794092362     623
140 8341.4817288939757418       0                      627
141 8351.7700916177927866     602.05950121754472093    632
142 8167.4725466246127326       0.01435935255449457063 636
143 8748.1678560360014671     3396.4998033778247191     640
144 8144.6707910927270859       5.8835556226588492379  645
145 8086.1022912717944564       0                      649
146 8597.6470377628556889     223.19278352803451071    654
147 8087.1516433027982202     121.84221856490714231    658
148 8087.2764776478743443     125.27213218431488428    663
149 8088.8137240575088072     106.82443062680643209    667
150 8117.4147137672480312       0                      672
151 8137.1152654507523039       0.07243548715148388772 676
152 8849.8319373779413581      43.595614448131989604   680
153 8109.6688638487321441     1259.1323580777739153     685
154 8137.245553652511262        3.7705926494640564783  689
155 8172.5119899857672863     584.11279527712451909    693
156 10937.838188071227705      999.14139826236009867    698
157 8084.2761275618649961       0                      702
158 8119.9455684464119258     100.85828474697895274    707
159 8082.4326950562845013       0                      711
160 8142.1786971217634346      64.572248963347817607   716
161 8086.2860689017525146       0                      720
162 8082.5226353865009514       0                      725
163 8086.49507599970093         0                      729
164 8084.2788622386215138       0                      734
165 8485.2179891781597689      16.442480957993275581   738
166 8575.7667800745930435      45.211260614016545389   742
167 8120.2725487903926478       0                      747
168 8333.3719227106157632       0                      751
169 8519.8154253136726766     1152.1525843796816844     755
170 8105.3673830201432793       0.00896309621466306536 760
171 8217.3930321355837805     885.58803781613994488    764
172 8086.6175624320130737       0.29553917173791843798 769
173 8086.2380632584554405       0                      773
174 8084.2831196965453273       0                      778
175 8084.5891843509016326       0                      782
176 8461.3951309212989145      30.742469383666453098   787
177 8436.3879095689244423     370.04487377345287769    791
178 8255.2878248399774748       0.54468374736167157746 796
179 8449.9075841618505365       8.8402346376656719684  800
180 8536.9255174507961783       0.07589460349707391473 804
181 8875.4174983237553533     162.58843320828725609    809
182 10379.949019951531227       69.286929141543637911   813
183 8457.7928949237430061       0                      818
184 8226.6628190913197614      10.464344520837661534   822
185 8134.2696317789932436     1791.4033923788836091     826
186 8695.9871671002729272     3001.144120930495319      831
187 10046.633389232963964        1.0432111025440866658  835
188 8082.5682837792173814       0                      840
189 8088.1046229972444053       0                      844
190 8089.6192089469168423     110.88421780866134725    849
191 8087.4307495962566463       0                      853
192 8460.0865434221213945      39.462107125554595655   857
193 8576.1854497888616606      44.99573552961025058    862
194 8113.405288661011582        0.00812428404512031098 866
195 8084.591227323293424        0                      871
196 8131.898352433443506        0                      875
197 8117.7946167837890243       0                      880
198 8515.2127816789343342      53.695197989350653245   884
199 8327.2391597257610556       0                      889
200 8939.7984167590766447      57.02683262694971944    893
201 8351.1868332383837696     240.25535489418680868    898
202 8266.2816566555411555     263.24203811975218059    902
203 8481.1773876708866737     2096.7432339614210832     906
204 8491.0522662447492621     131.25734307300828618    911
205 8476.0835446928358579     330.94761337032571191    915
206 8087.2243751152018376       0                      920
207 8085.4098699198693794       0                      924
208 8091.2138980278141389       0                      929
209 8090.5059634811586875     132.74951602129968364    933
210 8331.3215194149688614     173.54310557889277788    938
211 8348.9239785344198026     428.2155130451938021     943
212 8467.5065716960325517      16.824658002628662956   947
213 8505.6903981542491238     470.32629471031498269    952
214 8503.1143872285865655     1104.5663051211533912     956
215 8791.5107715077647299       1.2719294391366859909  961
216 8085.9318471893129754       0                      965
217 8451.0098449023971625      66.165423486367657802   970
218 8103.7596553451721775     963.08378359618029663    974
219 8544.4090776818466111     1779.3769551612649593     979
220 8127.0141156689305717     112.97085419418466756    983
221 8084.603893858668016      364.43250892309401934    988
222 8093.3099003946799712     952.06502760268324437    992
223 8090.2636085762715084     129.48326351734874606    997
224 8483.2276807909238414     3270.3687635951041557     1001
225 8094.9828206480542576       0.08261510269457197908 1006
226 8280.3664423739064659     409.30578872895495124    1010
227 8082.4639861447767544       0                      1014
228 8102.6737798836238653       0                      1019
229 8114.4626856069953647       1.0413137157529168686  1023
230 8210.7105719209193921     1330.3019959083087542     1028
231 8098.7844460621472535      49.119302610887039862   1032
232 8187.0906665254260588     120.64540453776166373    1037
233 8233.7934185214035097     664.10008743324658553    1041
234 8236.3086222426845779      10.386696968820038123   1045
235 8131.3471204192601363     276.43390458713628277    1050
236 8102.995874605680001      137.51318957973603574    1055
237 8090.2235759014338328       0                      1059
238 8116.3260991607048709     835.44631778579332604    1064
239 8086.825067717557431        0                      1068
240 8112.0890230250925015       0                      1073
241 8088.1753990786637587       0                      1077
242 8085.879030312690702        0                      1082
243 8110.640006165241175        0                      1086
244 8085.0961943202255497       0                      1091
245 8085.6815999866958009     665.68862643376621691    1095
246 8088.0508874857823685       0                      1100
247 8096.7427292328939075     280.07174203625021391    1104
248 8194.3924337196840497     291.07771261417315145    1109
249 8084.5044458103293437       0                      1113
250 8105.7151705984688306     232.91356129464566038    1118
251 8105.2702012388763251     236.18253725471944904    1122
252 8710.6388535534715629       4.2986189037519171308  1127
253 8199.8671842419316818      20.634197757202780821   1131
254 8082.8827174925318104       0                      1136
255 8086.3932830405883578       0                      1140
256 8134.3578129996121788     159.7357672493787959     1145
257 8116.5165162230205169       0                      1149
258 8082.6698234901705291       0                      1153
259 8084.8846299069336965       0                      1158
260 8092.8161863201221422       1.5646417298936889928  1162
261 8083.4541663397130833       0                      1167
262 8090.8413102083559352       0                      1171
263 8083.3227142315927267     333.81906129688883311    1176
264 8099.3080549072255963     103.71118546865697851    1180
265 8094.5127729306177571     159.11682825660099638    1185
266 8087.8263308094074091       0                      1189
267 8098.7315082370350865     332.66550549912750512    1194
268 8085.0355802965405019       0                      1199
269 8083.286613690294871        0                      1203
270 8127.7443279829531093     233.65939391559416549    1208
271 8082.0035653491604535       0                      1212
272 8084.3198156866155841       0                      1217
273 8087.983925984907728      278.44194893078321229    1221
274 8089.2558578334228514       3.5041796266404094951  1226
275 8098.507197460228781      337.36796660114248425    1230
276 8085.0872005094106498       0                      1235
277 8082.0668949418959528       0                      1240
278 8082.0993773044583577       0                      1244
279 8082.5086424572054966       0                      1249
280 8084.0889798421230807       0                      1253
281 8116.0363354506198448       0                      1258
282 8082.5582514106909002     319.85278567745695       1262
283 8083.0418930624991845       0                      1266
284 8084.9542479793290113       0                      1271
285 8082.8113230445487716       0                      1276
286 8113.4596848566907283      28.46313813390468539    1280
287 8090.1163604345174463     134.41700583523200407    1284
288 8085.0743416356799571       0                      1289
289 8083.233049543558991        0                      1293
290 8098.8408047342118152     315.1368382084527866     1298
291 8084.9995459877663961       0                      1302
292 8082.8995746289192539       0                      1307
293 8082.1299408662762289       0                      1311
294 8082.1966850586059081       0                      1316
295 8082.1457049933706003       0                      1320
296 8082.4279824731374902       0                      1325
297 8082.4983545493469137       0                      1329
298 8082.3109254294267885     330.42579897301675373    1333
299 8083.0341791220716914       0                      1338
300 8110.7348408605403165       0.10713253756971873043 1342
301 8115.3541387248760657       0                      1347
302 8093.0854017324300003     266.70046307001149444    1351
303 8089.7196848197754662     199.3529187206197264     1356
304 8089.4624459317174114     182.35161260687368667    1360
305 8082.4869868832893189     320.17663085745942908    1365
306 8082.108065962343062        0                      1369
307 8081.9946579259894861       0                      1374
308 8081.9723365258514605       0                      1378
309 8081.9449813339788307       0                      1383
310 8082.2194354711100459       0                      1387
311 8081.9188346712762723       0                      1392
312 8082.1272479471235783       0                      1396
313 8081.9511688818611219       0                      1401
314 8109.1941215425440532       0                      1405
315 8107.0456945367923254       0                      1410
316 8096.9020121150879277     315.72182386396445963    1414
317 8085.0876486954612119       0                      1419
318 8081.9193024226451598       0                      1423
319 8082.769964562309724        0                      1428
320 8082.4361044226334343       0                      1432
321 8082.6399628810931972       0                      1436
322 8083.8093558749906151       0                      1441
323 8084.1521970507164951       0                      1445
324 8085.6746984217988938       0                      1449
325 8082.271594314855065      337.84047686087501461    1454
326 8108.4412705475178882     367.52180676741539855    1458
327 8123.9675123390616136     159.67937359046638335    1463
328 8088.3689758986356537     109.69764164984563592    1467
329 8081.9155516068603902       0                      1472
330 8081.9532641044843331       0                      1476
331 8081.9884336578306829       0                      1481
332 8081.9391922192171478       0                      1485
333 8118.5428299813056583     429.33208284778731922    1490
334 8082.5282004535783926     323.23401863082796126    1494
335 8082.0777972065152426       0                      1499
336 8081.9491410711825665       0                      1503
337 8082.0430149252442789       0                      1507
338 8083.4733105064551637       0                      1512
339 8082.0078822733967172       0                      1516
340 8082.1856344034222275     328.63542573044020401    1520
341 8084.0743588765417371       0                      1525
342 8082.9644721219656276       0                      1529
343 8086.1626266012854103       0.02673625825114791035 1534
344 8116.2904193380700235       0.07592854202872133251 1538
345 8108.8242489425947497       0                      1543
346 8086.7712332790779328     120.85794819355827201    1547
347 8083.7208088051911545       0                      1552
348 8110.836511264683395        0                      1556
349 8083.4303796650838194       0                      1560
350 8082.4396500703742277     326.5348641983156881     1565
351 8082.094337794470448        0                      1569
352 8081.9163619098035269       0                      1574
353 8081.9277985516400804       0                      1578
354 8081.9686618819750947       0                      1583
355 8081.9764808028012339       0                      1587
356 8082.7617669330029457       0                      1592
357 8082.9199087543902351       0                      1596
358 8081.984635802567027        0                      1600
359 8082.1628485197270493     333.92999809756719287    1605
360 8114.5865213552497153     534.43322158775379194    1609
361 8124.7018565617490822     448.83111480962708129    1613
362 8092.0798430354607262     256.86179000158449526    1618
363 8086.3051463771835188       0                      1622
364 8085.8780580181182813     656.5804609413801245     1627
365 8082.6473885958739629     325.14221989504261501    1631
366 8082.0455346045619081       0                      1636
367 8081.9172324014280093       0                      1640
368 8081.9913495923947266       0                      1644
369 8082.7533523686151966       0                      1649
370 8082.9521423481401143       0                      1653
371 8081.9203839055444405       0                      1658
372 8081.9438584510317014       0                      1662
373 8082.024360276635889        0                      1666
374 8082.1625053116522395     332.53839088270393631    1671
375 8113.3195626357492074       0                      1675
376 8114.5337599423037318       0                      1680
377 8092.1733868184028324     265.00126845672411946    1684
378 8085.9882159018789025       0.15975029873846202655 1689
379 8085.9915477528784322       0.15988381989688249529 1693
380 8082.5911236649480998     326.53111172074250135    1697
381 8082.0428040562783281       0                      1702
382 8081.9174166122047609       0                      1706
383 8081.9282902562381423       0                      1711
384 8081.9429966318448351       0                      1715
385 8081.9517325334682027       0                      1720
386 8082.7539312078697549       0                      1724
387 8112.3110631271683815       0                      1729
388 8081.9847604919104924       0                      1734
389 8082.9798836789213965       0                      1738
390 8082.1596588948004865     332.82145692804937198    1743
391 8117.8104787389020203      47.389133087394995414   1747
392 8081.9268935123036499       0                      1752
393 8084.8025639137504186     317.93901354036302109    1756
394 8085.8072850258558901     668.68950575425117222    1760
395 8082.1923491345596631     331.74481708852368911    1765
396 8081.9245026336893716       0                      1769
397 8081.915516104035305        0                      1774
398 8081.9252775892764475       0                      1778
399 8082.047188306463795        0                      1783
400 8081.9164449962099752       0                      1787
401 8081.9246942478057463       0                      1792
402 8081.9444769443598489       0                      1796
403 8082.920219934857414        0                      1801
404 8082.9268316318057259       0                      1805
405 8081.9904444413541569       0                      1810
406 8082.7539192050271595       0                      1814
407 8088.3138943076673968     111.46633333930084575    1819
408 8113.9101159007259412       0.02083297438302492144 1823
409 8112.8270384207626194       0.00044577140343094482 1828
410 8111.1946254941140069       0                      1832
411 8082.8362520547634631       0                      1837
412 8082.8374509331761146       0                      1841
413 8111.727778229354044        0                      1846
414 8112.2446771866070776       0                      1850
415 8082.1986885267187972     330.90929156563794322    1855
416 8081.9175917182537887       0                      1859
417 8081.9208200243074316       0                      1864
418 8081.935380216901649        0                      1868
419 8082.9250158699551321       0                      1873
420 8082.0059172569863222       0                      1878
421 8082.166148232764499      331.70201113351868116    1882
422 8082.7544190113067089       0                      1887
423 8121.1181896959833466     188.42902148094427162    1891
424 8111.4399089008647934     391.50799851257482942    1896
425 8083.5021916391006016       0                      1900
426 8083.4979331267431917       0                      1905
427 8112.397918806310372      479.8278044368303199     1909
428 8081.9433451492432141       0                      1915
429 8082.7561559052601297       0                      1919
430 8082.7835659913798736       0                      1924
431 8081.9233698682837712       0                      1928
432 8081.9151187665493126       0                      1933
433 8081.9229484476300058       0                      1937
434 8081.9183175800153549       0                      1942
435 8119.1006475657623014     129.74710272369907216    1947
436 8118.2074040648212758     122.94383023346705386    1951
437 8081.9168212659114943       0                      1956
438 8081.9171294087445858       0                      1960
439 8081.9452364257558656       0                      1965
440 8081.9451968483263045       0                      1970
441 8082.7535575608608269       0                      1975
442 8081.9884437898590477       0                      1979
443 8085.1821573128981981       0                      1984
444 8082.1636453991786766     333.09223647733989537    1989
445 8120.1642200063661221     165.56471388096935016    1993
446 8112.2398575940560477     375.24556918877721046    1998
447 8088.3280390772160899     111.80402352030128554    2002
448 8082.8045837731806387       0                      2007
449 8082.7951427384368799       0                      2012
450 8112.3434655538549123       0                      2016
451 8081.9245026336857336       0                      2021
452 8081.9154192493651863       0                      2025
453 8081.9191705067687508       0                      2030
454 8081.9432299018026242       0                      2035
455 8082.9199913934398865       0                      2040
456 8081.9858504820695089       0                      2045
457 8081.9888256743861348       0                      2049
458 8088.3138388602483246     111.14183705929168866    2054
459 8111.892630571913287        0.10400097681773819158 2058
460 8113.8546272315861643       0                      2063
461 8081.9162446564741913       0                      2067
462 8081.9822569468869915       0                      2072
463 8114.3443592634212109       0                      2077
464 8122.1817992803516972     189.4792873494669152     2081
465 8081.9155207554531444       0                      2086
466 8081.9162248666279993       0                      2090
467 8081.9429209166828514       0                      2095
468 8082.7986017235534746       0                      2100
469 8111.1894277665605841       0                      2105
470 8084.0165625339195685       0                      2109
471 8084.854596975844288        0                      2114
472 8117.8483472131802046      46.07998654221328394    2118
473 8081.9233698682774047       0                      2123
474 8110.3691235386368135       0                      2128
475 8082.925845863849645        0                      2132
476 8111.9448145010119333       0.08510438625581755179 2137
477 8082.7627423200174235       0                      2141
478 8083.6263736010196226       0                      2146
479 8113.0854632318696531       0                      2151
480 8113.8815926046827371       0                      2156
481 8081.9169433636052418       0                      2160
482 8083.9899556892496548       0                      2165
483 8083.6606793288801782       0                      2169
484 8082.0114490271080285       0                      2174
485 8081.9167177763920336       0                      2179
486 8111.351591909675335        0                      2183
487 8088.3200401864523883     112.13971983828901102    2188
488 8082.1723429173352997     334.79012136250503318    2192
489 8082.1613274428182194     332.23394583497565691    2197
490 8088.3112017078110512     110.63846833698090677    2201
491 8082.1733538938633501     333.11368528478089956    2206
492 8088.3266822002269691     111.15436506187459997    2210
493 8126.1928206345673971     488.87756642671359941    2215
494 8111.887560949600811      484.57169530787967915    2219
495 8082.7657918953209446       0                      2224
496 8113.9845247863731856       0.01620738688446598727 2229
497 8082.7552682246505356       0                      2233
498 8082.1889081425933909     331.72289856819850229    2239
499 8089.763774143621049      138.82450302889679961    2243
500 8111.710123732989814        0                      2248
501 8116.2596303472046202      38.105882236649570416   2252
502 8081.9428681556437368       0                      2257
503 8081.9434730164439316       0                      2262
504 8114.2382853075905587       0                      2266
505 8115.9922014089215736     117.02680227996133056    2271
506 8082.7534164636772402       0                      2275
507 8081.9206835495597261       0                      2280
508 8082.757334491147958        0                      2284
509 8082.7587413767205362       0                      2289
510 8112.3106197914903532       0.00041776462201663795 2293
511 8110.7942665284663235       0.00033931687053431341 2298
512 8106.5413413063815824       0.00015360994731035196 2302
513 8096.4480745164037216       0                      2307
514 8081.9832506541542898       0                      2311
515 8103.9351449584792135       0                      2316
516 8081.971414921039468        0                      2320
517 8081.9855884703792981       0                      2325
518 8081.9912834082015252       0                      2329
519 8082.7549206886806132       0                      2334
520 8082.955619615676369        0                      2338
521 8082.0094719182807239       0                      2343
522 8082.1605242357591123     334.74718455715014898    2347
523 8106.6437764869069724     494.10062881588277151    2352
524 8118.8799293120173388     506.99569485721076489    2357
525 8081.946810209639807        0                      2361
526 8081.9565504652928212       0                      2366
527 8103.70935662820375         0                      2370
528 8103.739703863361683        0                      2375
529 8081.9335725211622048       0                      2379
530 8081.9857977847777875       0                      2384
531 8081.9377933222631327       0                      2388
532 8081.9959993089423733       0                      2393
533 8082.1901625482769305     332.58070078198488773    2397
534 8106.6631500026096546       0                      2402
535 8106.6199519922256513       0.12435421601014168269 2406
536 8088.4329407111172259     111.20436135649947573    2411
537 8081.9162586047232253       0                      2416
538 8081.9252025324840361       0                      2421
539 8081.9292845302197748       0                      2425
540 8082.7553443563374458       0                      2430
541 8082.9225881520123949       0                      2434
542 8088.3217551453035412     110.32796767586899023    2439
543 8082.1636924132590138     334.76864223686135347    2444
544 8088.3082751175525118     112.1271231077846835     2448
545 8106.1669679577971692       0                      2453
546 8109.9449722865392687      49.824417069041018635   2457
547 8082.1697341523367868     330.54151121786725298    2462
548 8081.9173560131575869       0                      2467
549 8082.756246217692933        0                      2471
550 8082.7603888718858798       0                      2476
551 8081.919573888456398        0                      2480
552 8081.9195003569802793       0                      2485
553 8081.9228797850419141       0                      2489
554 8082.7598466433491922       0                      2494
555 8082.756175347174576        0                      2499
556 8106.0962149427878103       0.00013752406703306395 2504
557 8104.7937421350043223       0.0000946671990311996  2508
558 8101.1824913128466505       0.00001419202392417697 2513
559 8093.0145480578512434       0                      2517
560 8081.9217177169321076       0                      2522
561 8081.9188363476514496       0                      2527
562 8096.3190534248496988       0                      2531
563 8101.5953369539629421      69.398283595351784925   2536
564 8081.946999268109721        0                      2540
565 8082.7620363277364959       0                      2545
566 8081.9164202459787703       0                      2550
567 8081.9370029593901563       0                      2554
568 8082.0082621409328567       0                      2559
569 8103.9823912552583351     385.00116177482135527    2563
570 8105.6262796615210391     196.51535572463788526    2568
571 8082.1285360972533454       0                      2573
572 8095.5913428635276432       0.09645947813339461607 2578
573 8095.5913428635230957       0.09645947813345295829 2582
574 8082.2066669671094132     330.07465125809858364    2587
575 8081.9997902212689951       0                      2591
576 8088.4189801917700606     112.68458606236407604    2596
577 8082.1663824322495202     335.56524405110224052    2600
578 8082.1740986972890823     330.25923014285876889    2605
579 8093.8927934302728318     368.43349467242046558    2609
580 8082.1880673706700691     328.85269977335082103    2614
581 8089.0903181717585539     129.61881349480532322    2618
582 8101.036217832184775        0.08624569570466754376 2623
583 8101.5334920375844376       0                      2628
584 8081.9790688405628316       0                      2632
585 8082.7581338123291061       0                      2637
586 8081.919250560978071        0                      2641
587 8082.9197365338050076       0                      2646
588 8082.1660826803517921     332.25535806025959573    2651
589 8089.0635994487947755     131.79090548512292003    2655
590 8084.7814439598905665     588.42158659412700672    2660
591 8092.1150693390636661     261.4985146717122575     2665
592 8101.667825226885725      416.41809150108360882    2669
593 8106.2105315051039724     107.76029811938155945    2674
594 8092.6234185796338352     5417.8211109689646037     2679
595 8081.9441515629632704       0                      2683
596 8081.9537111848221684       0                      2688
597 8081.9193173883704731       0                      2697
598 8082.7586357894087996       0                      2717
599 8082.7582111163319496       0                      2733
600 8082.9223788947847424       0                      2743
601 8082.9236464548612275       0                      2748
602 8083.6292198761166219       0                      2752
603 8108.704219060725336      192.1142925934738912     2757
604 8101.6870404726150809     339.17609967405542193    2762
605 8099.4539488168393291       0                      2766
606 8082.017206981234267        0                      2771
607 8082.823866574936801        0                      2775
608 8083.9929198818872464       0                      2780
609 8084.8508297330472487       0                      2784
610 8105.094915090449831       55.188095627907550522   2789
611 8084.0303161452538916       0                      2794
612 8099.3957754853263395       0                      2798
613 8099.4222676235322069       0                      2803
614 8082.7579632074566689       0                      2807
615 8082.8052140756717563       0                      2812
616 8081.9887097762302801       0                      2816
617 8081.9929714388799766       0                      2821
618 8084.8525272052638684       0                      2826
619 8083.9926486939375536       0                      2830
620 8083.9929471824361826       0                      2835
621 8100.4321029902648661     377.20923115420958993    2839
622 8108.6650462195202635     191.08190048214854073    2844
623 8084.2180167774304209       0                      2848
624 8082.010747837695817        0                      2853
625 8100.6837976001206698     493.19845784808927647    2858
626 8101.0570917319737418     352.15075594586465968    2862
627 8109.6410869461051334     217.90340539359476679    2867
628 8081.9945348779774577       0                      2871
629 8100.3411495699056104     435.21936094583071508    2876
630 8100.3411495698992439     435.21936094583486465    2882
631 8081.9186758322175592       0                      2887
632 8082.9193661255876577       0                      2891
633 8099.77748041837458         0                      2896
634 8082.7997082776173556       0                      2900
635 8085.1951318408564475       0                      2905
636 8083.9884955984316548       0                      2909
637 8104.6906673206422056      54.837779941715993459   2914
638 8084.2207872193785079       0                      2918
639 8081.9447176600388048       0                      2923
640 8082.0083894133895228       0                      2928
641 8100.7370274793920544       0                      2932
642 8100.7093210858902239       0                      2937
643 8100.3600096036534524       0.11738414057816598524 2942
644 8102.0999271349810442       0                      2946
645 8082.1660247780400823     330.84516020889827814    2951
646 8101.3783943887183341       0                      2955
647 8101.3783943887037822       0                      2960
648 8082.8014668024416096       0                      2964
649 8083.980252568438118      552.60855529719447077    2969
650 8093.023634895149371      294.16355996749774704    2973
651 8100.7783635116129517       0                      2978
652 8102.698764014666267        0                      2983
653 8082.1648761327587636     331.39796647914954519    2987
654 8081.9289712638355923       0                      2992
655 8082.9331892426816921       0                      2996
656 8100.1431424778184009       0                      3001
657 8101.1780698900201969       0                      3005
658 8083.9971784219869733       0                      3010
659 8100.2696900674845892       0.08025832499131826947 3014
660 8102.2758140868891132       0                      3019
661 8081.9171255172268502       0                      3023
662 8082.919728974255122        0                      3028
663 8081.9815468447695821       0                      3033
664 8102.3398803667641914       0                      3037
665 8081.9480346852324146       0                      3042
666 8083.4288941946724663     323.71082445057464838    3046
667 8089.0847853927007236     132.65377355026828354    3051
668 8106.400132989562735       60.343893325227462299   3055
669 8089.0675360165905659     4472.3431256006069816     3060
670 8101.2292189235859041       0                      3065
671 8101.9866232947633762       0.00663714710124884387 3069
672 8082.780377877965293        0                      3074
673 8085.7313472923387963     650.50125423142003456    3078
674 8092.1592595925158093     262.76611555574095291    3083
675 8101.1539578209822139       0                      3087
676 8102.3175771279784385       0                      3092
677 8082.4908449041131462     356.5367529293617963     3096
678 8081.9823397076206675       0                      3101
679 8097.7427418380184463       0                      3106
680 8097.7427418380138988       0                      3110
681 8082.9190409795255619       0                      3115
682 8081.9472534606557019       0                      3119
683 8082.9191081758044675       0                      3124
684 8082.9482133359324507       0                      3128
685 8102.2034446228917659       0                      3132
686 8101.1816127116671851       0                      3137
687 8081.9191705067632938       0                      3141
688 8082.7573847332350852       0                      3146
689 8099.6017392859193933       0                      3151
690 8099.6017392859057509       0                      3155
691 8082.7979317021618044       0                      3160
692 8083.9843793784175432       0                      3164
693 8085.9325652505522157       0.12489657936654238735 3169
694 8109.7322354532670943     218.4404880379495637     3174
695 8101.0567640551489603     351.81445076739083788    3178
696 8082.7832617677686358       0                      3183
697 8099.4156320489000791       0.06422186826549594607 3188
698 8089.0549378238902136     131.7775006415132566     3192
699 8088.3229051073922165     111.321773216005667      3197
700 8088.3236718480293348     111.97178318651222639    3202
701 8082.1698047463150942     333.3970770596634452     3206
702 8082.1757539620293755     334.50599230077909851    3211
703 8108.6722849971902178     222.3026152430612683     3215
704 8101.4950766940437461     365.24140252535909212    3220
705 8087.6787470851568287     3627.5401048694789097     3224
706 8097.7427418380175368       0                      3229
707 8097.792848955649788        0                      3234
708 8088.3104717646374411     111.30921465429506156    3238
709 8088.3223852268274641     112.46588875373876704    3243
710 8082.1605025784774625     333.37565450306823323    3247
711 8082.1772748996854716     335.34514820870504082    3252
712 8099.9248329690990431       0.09328739432741527116 3256
713 8103.5939883391283729       0                      3261
714 8082.5068854456212648     360.29477218187980725    3265
715 8082.7674386143271477       0                      3270
716 8097.6619600233752863       0                      3275
717 8097.682107271923087        0                      3279
718 8083.0011526911403053     320.48470640026130241    3284
719 8085.7229701268497593     649.56232309912979872    3288
720 8089.0521513972335015     132.86420656964125442    3293
721 8089.0625992467748802     131.242679257089776      3297
722 8092.1209778473075858     261.24214002121823341    3302
723 8109.6745231119257369     218.35138695727150093    3307
724 8099.5207551829653312     388.14775522659459739    3311
725 8081.9174005135400876       0                      3316
726 8097.6265850588579269       0                      3321
727 8097.626585058839737        0                      3325
728 8081.9191948144507478       0                      3330
729 8082.9225979244638438       0                      3334
730 8081.995671463853796        0                      3339
731 8083.9966952259455866       0                      3343
732 8085.1880265672689347       0                      3348
733 8103.1269385807154322       0                      3352
734 8100.2989177150730029       0.0936931575505819958  3357
735 8081.9284724788767562       0                      3362
736 8097.6473781683334892       0                      3366
737 8099.7527791655547844       0                      3371
738 8083.4318791422310824     325.93745783201933364    3375
739 8104.7266066281154053      55.743391973724463639   3380
740 8081.9206495070820893       0                      3384
741 8097.6434527429200898       0                      3389
742 8097.6654114074854078       0                      3394
743 8081.9450563938280538       0                      3398
744 8085.031821932893763        0                      3403
745 8087.2324307124190454     149.92576896010504584    3407
746 8082.5040090381353366     359.76166651751157133    3412
747 8083.4587448068286903     324.41778144953150331    3416
748 8085.0433114316037972     613.91836636384016401    3421
749 8092.146634412532876      261.48471485647758072    3425
750 8101.5926865474148144       0.00074107224521306368 3430
751 8088.3223852268320115     112.46588875374072813    3434
752 8082.0087549176987523       0                      3439
753 8097.6473781683316702       0                      3444
754 8082.1940438422097941     332.29760009095792839    3448
755 8088.3179417354185716     110.9746363848359465     3453
756 8102.0256936241612493     417.32544012874785722    3457
757 8106.2914135231594628     129.51532912552704602    3461
758 8081.9459477452182909       0                      3466
759 8082.1720281186780994     333.95146206974601455    3471
760 8088.3225361445511226     111.64644903179197399    3475
761 8093.0254128050928557     293.99218585239458434    3480
762 8082.9981389120839594     321.30702205297751561    3484
763 8085.0519401290557653     614.83139772916024413    3489
764 8101.2139055943798667       0.00070557410589540414 3493
765 8101.1527196789493246       0                      3498
766 8082.4929041814511947     357.97956503492900993    3502
767 8084.2089099505592458       0                      3507
768 8097.7049479749457532       0                      3511
769 8097.7269068394562055       0                      3516
770 8083.9857632417561035     543.25239150426693868    3520
771 8081.9444901388505968       0                      3525
772 8082.833334354656472        0                      3530
773 8082.0119076777637019       0                      3534
774 8083.9945086721381813       0                      3539
775 8084.8476037644204553       0                      3543
776 8108.7300167856410553     191.30871281370031056    3548
777 8100.3734763617767385     375.80186397664323295    3552
778 8082.8011949651800023       0                      3557
779 8081.9842657931976646       0                      3561
780 8097.7269068394562055       0                      3566
781 8089.0586847345757633     131.42474728150838814    3570
782 8082.1612705532816108     331.6806402587827165     3575
783 8083.9783152727914057     550.3822947269644601     3579
784 8085.1908267250810241       0                      3584
785 8092.1337129187822939     262.52300470637214858    3588
786 8102.320741362532317        0                      3593
787 8081.920563433177449        0                      3598
788 8097.626585058837918        0                      3602
789 8081.9912796822918608       0                      3607
790 8084.8601774469461816       0                      3611
791 8082.4954242079738833     358.87015193793848766    3616
792 8086.6461067866357553     126.43516629327585576    3620
793 8083.0007325325213969     322.15116088678820461    3625
794 8101.4629771548870849     364.72039909805738489    3629
795 8107.8132978343483046     166.51050417058701214    3634
796 8081.9851735521679075       0                      3638
797 8097.7049479749530292       0                      3643
798 8098.0988494326920772       0                      3648
799 8081.9194838771300056       0                      3652
800 8099.8061101762204999       0                      3657
801 8093.0728404841629526     331.26197371821660909    3661
802 8084.7916678280698761     587.01729561802017088    3666
803 8104.7505910259878874      55.447964051480603587   3670
804 8092.6207096186235503     5440.2584309598496475     3675
805 8081.9201433881307821       0                      3680
806 8097.7269068394634814       0                      3684
807 8082.7558430909612071       0                      3689
808 8083.6295900616260042       0                      3693
809 8102.729468692879891        0                      3698
810 8100.6665078905043629       0                      3702
811 8082.7926778893424853       0                      3707
812 8097.7049479749621241       0                      3712
813 8082.0159328048575844       0                      3716
814 8100.9011938590283535       0                      3721
815 8082.4994063634376289     359.44597617525300848    3725
816 8087.9053834907081182     157.2279720819541069     3730
817 8103.7819217677761117      49.973871777157015117   3734
818 8083.9888614348865303       0                      3739
819 8097.7269068394580245       0                      3743
820 8099.4502737437132964       0                      3748
821 8087.9082925860657269     157.81377999378665322    3752
822 8089.1544967543732128     117.61108264801966072    3757
823 8082.5052399604210223     360.31638686560160068    3761
824 8106.3919969000844503      59.858243897658560684   3766
825 8082.0036956308795197       0                      3771
826 8081.9445026055864219       0                      3775
827 8081.9455101579496841       0                      3780
828 8101.2336789451701407       0                      3784
829 8104.2151283172597687      50.600092638682376389   3789
830 8083.9762586167571499     545.27280897915295554    3793
831 8081.9863458419313247       0                      3798
832 8082.7979748855859725       0                      3803
833 8082.0240816926998377       0                      3807
834 8084.0121552564014564       0                      3811
835 8101.1842036286807343       0.00016466824665464913 3816
836 8084.2207872193812364       0                      3821
837 8081.9525801311638133       0                      3825
838 8081.9676806002698868       0                      3830
839 8097.626585058850651        0                      3834
840 8081.9438694486516397       0                      3839
841 8081.9877869282199754       0                      3843
842 8101.4926748617863268     365.5848145639173481     3848
843 8107.6944349242112366     166.22188586915521569    3853
844 8081.9958219556401673       0                      3857
845 8088.306483932721676      111.12929748926396201    3862
846 8088.3191996286223002     111.81420999813627759    3866
847 8082.1594189824818386     333.07080908923359175    3871
848 8082.1662878288416323     333.64622800430112193    3875
849 8082.1689135861006434     334.23523899048120711    3880
850 8101.1334703733964488       0                      3884
851 8102.6543308292630172       0                      3889
852 8088.3372934610797529     112.15230493201036666    3894
853 8082.838823083526222        0                      3898
854 8084.0009842928275248       0                      3903
855 8099.1458047339765471     431.0401809593621465     3907
856 8115.9126320810364632     579.55863988226280981    3912
857 8081.9172638838745115       0                      3917
858 8097.6434527429219088       0                      3921
859 8115.4542908111352517     633.13010497499521989    3926
860 8100.4121302788871617     463.71002656982705048    3930
861 8082.1612705532761538     331.68064025877936274    3935
862 8084.2019995005539386       0                      3940
863 8086.645815696313548      126.09020824818806261    3944
864 8092.1313908938655004     262.68449144364672065    3949
865 8082.5199273883299611     357.76290871010462524    3953
866 8084.0056904768371169     550.6308248835359791     3958
867 8083.9778798264223951     548.1610270499733133     3962
868 8086.674432436531788      126.75401608107836182    3967
869 8092.161926992224835      262.60480639466828734    3971
870 8109.5390917333634206     250.70581362293322059    3976
871 8100.3151676943307393     375.76151770761538273    3981
872 8084.205185546093162        0                      3985
873 8097.7230250003212859       0                      3990
874 8100.3279715801036218       0.10229090871282438269 3994
875 8102.21420793102061         0                      3999
876 8081.9164530493508209       0                      4004
877 8100.028923197279255        0                      4008
878 8088.341083783270733      111.4411895012863738     4013
879 8104.6580625123642676      51.229957613906712766   4017
880 8082.161327442804577      332.23394583497912436    4022
881 8081.9442720986398854       0                      4027
882 8081.949444501612561        0                      4031
883 8099.0456294184486978       0                      4036
884 8088.3102320428342864     111.63388668983984076    4040
885 8089.0570496759073649     132.32695756910345608    4045
886 8083.432901804481844      324.36642933763369001    4049
887 8083.4581975400096781     325.98926891345246304    4053
888 8088.3451717248271962     110.94954751527208714    4058
889 8105.4988673103443944      54.939838486750282698   4063
890 8081.9472691634064176       0                      4067
891 8081.9475344222692001       0                      4072
892 8082.9247527445622836       0                      4077
893 8082.8047455051364523       0                      4081
894 8085.1902865283245774       0                      4086
895 8083.4834633991349619       0                      4090
896 8099.5508005218380276     388.68590674467054669    4095
897 8082.5004461140088097     359.18544478815181265    4099
898 8081.921348577315257        0                      4104
899 8100.8073586426071415       0                      4108
900 8101.5630867527006558       0.00018202200980939294 4113
901 8081.9973873694134454       0                      4117
902 8081.9291167664432578       0                      4122
903 8082.78521707735581         0                      4127
904 8102.2749260647124174       0                      4131
905 8101.5108370289444792       0                      4136
906 8081.9206495070911842       0                      4140
907 8081.9172030415002155       0                      4145
908 8082.7809968831252263       0                      4150
909 8109.0697203690278911     190.43288303878586021    4154
910 8100.020727203934257      376.30597381194525042    4159
911 8082.1648761327533066     331.39796647914954519    4163
912 8097.7230250003149195       0                      4168
913 8097.7461495505549465       0                      4173
914 8102.5206957433929347     404.50387853702767416    4177
915 8105.1459992039954159     102.04304174769730196    4182
916 8086.6428960883968102     125.89801050905950319    4187
917 8087.2024964813381303     149.57864977551554375    4191
918 8092.1412482571267901     263.29295427996277112    4196
919 8083.9559091703595186     322.64637713138620256    4200
920 8083.9756112238474088     547.48827181239278161    4205
921 8085.0613229246018818     617.89948814094179852    4209
922 8093.0725701785813726     330.29131273571300653    4214
923 8100.305092082398005        0                      4218
924 8105.1569720137958939      55.800077022508908442   4223
925 8088.3508416910990491     111.94658062717508074    4228
926 8102.1965002949527843     403.79996558314820732    4232
927 8105.4642246262410481     101.68039349591828113    4237
928 8099.4013642795207488       0                      4242
929 8082.8022053214581319       0                      4246
930 8106.4697086607257006      61.043856520750608752   4250
931 8081.9964970094697492       0                      4255
932 8099.4249983724103004       0                      4260
933 8105.1251793263136278      55.493691871454366549   4264
934 8081.9884353968773212       0                      4269
935 8097.6473781683262132       0                      4274
936 8099.0026533626851233       0                      4278
937 8089.155274973694759      116.76087365437152243    4283
938 8089.1616087832580888     118.97322784932167394    4287
939 8083.0085675879108749     321.62733919010690897    4292
940 8088.3282609024236081     110.83052262647838404    4296
941 8105.7713296130787057      59.320926044538353494   4301
942 8082.9205358412409623       0                      4306
943 8101.2125527995922312       0.00030606720106956029 4311
944 8082.166100372519395      330.82382586425813997    4315
945 8097.6696970046286879       0                      4320
946 8097.6696970046232309       0                      4325
947 8082.8019485329887175       0                      4330
948 8089.1565572583158428     117.2779062962932386     4334
949 8110.475620166972476      281.92183895542103755    4339
950 8099.4356707770593857     387.21663501268756136    4343
951 8082.1677156827408908     331.14881172054555236    4348
952 8083.0338699396070297     322.49297495592605856    4353
953 8089.1521338390666642     117.09321033765371567    4357
954 8089.1902356636810509     118.43873890066306842    4362
955 8101.8831814690292958       0                      4367
956 8082.4956905150438615     356.22264844993100041    4371
957 8099.3931340112803809       0                      4376
958 8105.0595056038318944      54.287216393255889102   4381
959 8082.8274601360517408       0                      4386
960 8103.7669587839163796     366.3969428979490317     4390
961 8105.5492094607552644     101.38081156561594298    4395
962 8099.9717347532605345       0                      4400
963 8083.3584437521703876     347.51930247404675356    4404
964 8104.6262166402693765      50.93644962747812599    4408
965 8081.9968759119037713       0                      4413
966 8083.6249177550243985       0                      4417
967 8101.6238144724084123       0.00167652932019160365 4422
968 8082.0073447937438686       0                      4427
969 8097.7049479749548482       0                      4431
970 8100.2731857273074638       0                      4436
971 8083.4316217009009051     322.65807411861038645    4440
972 8081.9899584987388153       0                      4445
973 8081.9973873694079884       0                      4449
974 8082.8088681471790551       0                      4453
975 8083.9972322270759832       0                      4458
976 8084.0025267908204114       0                      4462
977 8084.85288567412681         0                      4466
978 8104.1173223404193777     366.06508878019718622    4470
979 8105.2026541096693109     101.30177018014994417    4475
980 8084.9842713183752494     420.57906002859738237    4479
981 8082.0180616830857616       0                      4484
982 8081.9205344467882242       0                      4488
983 8081.9507148661941756       0                      4492
984 8100.7497043242765358       0                      4496
985 8102.6424026016447897       0                      4500
986 8082.1628673016548419     331.98469205455342035    4504
987 8081.9846017484624099       0                      4509
988 8100.0170541971647253       0                      4513
989 8089.7656468485938603     139.38849748091280389    4518
990 8105.8019525737654476      59.637802396694922891   4522
991 8084.2253698324539073       0                      4526
992 8082.9234475227231087       0                      4530
993 8089.0816128431952166     132.10352826725900854    4535
994 8083.4409291357014808     328.1717507744407385     4539
995 8106.3108594619570795      60.174029245836798907   4543
996 8082.4965857978140775     355.64852247952097741    4547
997 8081.918787448207695        0                      4551
998 8082.8299935034838199       0                      4555
999 8083.9933251506845409       0                      4559
1000 8100.8598551067316293     468.19628384558586731    4563
