1 8948.530261578522186      21666.802342848201079      4
2 9003.7669100815764978     17218.294607324940444      9
3 9081.0924663270561723     22814.460323160707048      13
4 9074.141016409801523      23369.42946516675147       17
5 8991.5558698639106296     21933.950974362815032      21
6 8924.0315925950017117     5487.5831725823272791     26
7 8963.6920878154633101     18954.311495520480094      30
8 8941.3406108680683246     12571.342803191157145      34
9 8929.6120702215048368     4724.0522921678075363     39
10 8923.2198480214410665     3244.3913447698469099     43
11 9006.2178709991276264     25365.500745888482925      47
12 9617.9140943549627991     5589.9178726070513221     52
13 9005.3608591149859421     8711.7560517346046254     56
14 8928.7570598499733023     3989.0586882677275753     60
15 9147.6636641597760899     11787.546363780807951      65
16 9063.5161446634920139     9570.0666959364516515     69
17 8712.5063808389713813     4509.3773447731118722     73
18 8929.7610153439236456     4886.7682270491695817     77
19 8758.7615371722076816     17927.936052071359882      82
20 8908.5244141428738658     9059.1425904763855215     86
21 9102.1735996468596568     18230.537152446711843      90
22 8932.4745676673956041     15488.206148236769877      95
23 8771.9107602717413101     19771.047695896188088      100
24 8956.3992627815350716     14320.501995170809096      104
25 8813.8267861729909782     18637.628918037047697      108
26 8752.6905674467234348     11824.84243855629029       113
27 9107.4051619695055706     8467.4210070779281523     117
28 9038.6530862489671563     8866.366480852217137      121
29 9046.056916419071058      4244.4852522696673987     125
30 9003.7503336279951327     6101.5996221460291054     130
31 9011.4111973949220555     3967.8436137887320001     134
32 8687.71968075395489       6714.8643978678692292     138
33 9222.0276209493604256     3950.9655852771720674     143
34 8935.5663858374173287     10258.414590293443325      147
35 9047.1686529351136414     4216.9943557570904886     151
36 9033.2064394465924124     1270.7791268821299582     155
37 9194.7326102826609713     11136.391758782985562      160
38 9045.7365439427339879     3299.7767622378037231     165
39 9488.9451545904230443     4640.2437781624657873     169
40 8801.7547716866465635     1910.6852416987912875     173
41 8921.5697798772926035     3171.8168541251829993     177
42 8912.3819001866722829     2923.7087411388429246     182
43 9030.949966481899537      3659.8135843628920156     186
44 9034.9994591252343525     1768.3783791152750382     190
45 8988.0066059582586604     8292.2392129793443019     195
46 9025.4307413249389356     2290.0289873843576061     199
47 8785.7025810192244535     1582.4190013574334444     203
48 8646.657765554067737      2879.0967434324575152     207
49 8788.4746355342722381     2459.7361773641691798     212
50 8891.6769676885596709     1314.3613942888969177     216
51 8902.7920837381607271     1040.700691871663139      221
52 8925.7809266374242725     2435.9297228283803634     225
53 9018.6185672649389744     2783.4108745143307715     230
54 8896.1489148882192239     1011.2876507243457809     234
55 9121.2822814217415726     1771.5315756094596509     238
56 8403.5878763771015656     618.8583479613430427     243
57 8256.8216279853259039     10589.542339958185039      247
58 8394.1032056642106909     1342.2736328540609065     251
59 8684.9988304436337785     533.68087716021568667    256
60 8438.5399435578710836     159.59903940803243927    260
61 8443.1368868991921772      76.229978650155530318   264
62 8592.3432892677610653     2303.8702008446675791     268
63 8348.7834070476492343     1562.5509163220433493     273
64 9051.9012686438509263     1350.6160480033956901     277
65 8511.4782498216518434     813.54361899972775518    282
66 8480.6958155926986365     982.52167089931208466    286
67 8481.1226965381847549     260.21657156246425302    290
68 8446.8826017884948669     370.71309378106525401    295
69 8409.7171391329138714     1116.1103610029351785     299
70 8608.8450093748651852     320.88857222781814471    303
71 8610.7836952652323816     270.21559332559905897    308
72 8450.4317637885324075     520.5550086555500684     312
73 8548.9763465893120156     683.45544220880503872    317
74 8549.131877477037051      162.82792147514840053    321
75 8450.1266242700367002     673.4693148112222616     326
76 8453.0753305703929072     8194.8200056020723423     330
77 8499.1197823035981855     489.909888563839786      334
78 8764.0909246355349751     899.36297854255042239    339
79 8492.1941069894546672     3796.6123056192504919     344
80 8463.3762532726741483     2729.9497202794909754     348
81 9152.8879407219228597     28729.468189857001562      352
82 8573.9097846290023881     2865.168929214939908      357
83 8433.4455316596813645     31520.084725109612918      361
84 8401.7155446013948676     7537.3072345225300523     365
85 8569.3769322312855365     266.26351765523446602    370
86 8557.8400655681944045     1081.6208068584803641     374
87 8482.8605088279800839     539.96239501212687628    378
88 8454.4930974498274736     485.25299613840115853    382
89 8498.6746340057870839      40.934975872819322262   387
90 8446.989136971282278       74.882935779974374668   391
91 8407.4371570981747936     558.22258939200321493    395
92 8461.4805239383476874     8026.2208429262636855     400
93 8423.9569529943910311     2014.5573833072028265     405
94 8505.4446759490801924     2892.7739876499222191     409
95 8444.1420578728611872      21.595691023952031884   413
96 8486.1862906347923854     5350.7206802641139802     418
97 8481.2596579894525348     267.28455903822828077    422
98 8596.3389736312055902     117.17214167893652643    426
99 8512.8027507293354574     7961.7788022128615921     430
100 8540.6081224936006038     634.78945478526952684    435
101 8515.1362580858694855     304.9038046755981668     439
102 8421.4318739731425012     1635.5625239806545324     443
103 8446.5039248815846804     6558.0635500773505555     448
104 8439.0029617720738315       0                      452
105 8434.7400252536936023       0                      456
106 8429.4731398425064981       0                      461
107 8448.3728653732487146     248.74540442066739843    465
108 8459.721646574766055        0                      470
109 8411.0034311117033212     11440.699257498619772      474
110 8288.107349435767901        0                      479
111 8198.6851577608395019     730.79018479517367268    483
112 8180.1653271360100916     2305.0646343753478504     487
113 8213.6276408983703732     3532.3947468353803743     492
114 8522.8746564381435746      51.657577804864054372   496
115 8395.2619316397594957      66.339208792044061624   500
116 8393.356822613373879      634.58543989250642881    504
117 8273.6688626117065724       0                      509
118 9676.3204092943160504     412.92887769757231808    513
119 8197.9006698132161546      78.265823253793428194   518
120 8195.9093046647631127      37.37263592734283435    522
121 8200.2974436705681001     275.82801380065529884    527
122 8295.8174957530754909       5.3510904440075437449  531
123 8706.9373662889629486     11473.488976234169968      535
124 8132.0402604226383119       0                      540
125 8189.0106658976401377     120.09675187506911698    544
126 8083.3409793614919181     311.20881315895849184    549
127 8355.4542767893344717     9428.8799991120249615     553
128 8088.2707594183575566     272.4196232655610288     557
129 8484.730372590416664      51630.570593130905763      562
130 8261.246016020710158        0                      567
131 11241.319206021273203      395.58460871515660529    571
132 8497.4711582295694825      25.252880645776734525   575
133 8549.2748898367972288      95.121476250390202267   580
134 8137.3831630974846121       0                      584
135 8144.0526165515339017       5.4629329666648507313  588
136 8170.6202058384660631     3329.0150194893171829     593
137 8167.2304035822726291     2228.8603052755734097     597
138 8385.3549000259972672     4468.3589259660466269     602
139 8629.9887431758143066     8110.9353231499844696     606
140 8716.4885194092566962     5960.5934266782096529     610
141 8134.935266380529356      1001.353284406240391      615
142 8093.0863378235435448     258.27258313299034853    619
143 8113.0135161361504288       0                      623
144 8372.7103115454410727     482.97928765296791198    627
145 8086.8558703760363642       0                      632
146 8434.0493346460862085     205.81993543452421136    636
147 8150.4610695668143308     3055.4282483090496498     641
148 8097.1014309414567833      10.939115928006147627   645
149 8147.2200869978723858     2819.6360854493800616     650
150 8372.1105113059184077     105.39996000893735584    654
151 8226.3235027563769108       0                      658
152 8428.1301035514497926      74.75722337142019569    663
153 8473.9499238675634842     4264.3067415171472021     667
154 8713.7638655735281645     110.35238258256704569    671
155 8542.2331841289778822     13730.220733152693356      676
156 12549.612386699041963      22339.32155084086844       680
157 8235.155960487527409      876.01565371022343243    684
158 8264.3448827084539516     6837.931574521755465      689
159 8610.4010918008934823     977.17736827375358644    693
160 8107.6531731806662719     362.7318512141565634     698
161 10143.876526563892185       99.074161550779223262   702
162 10583.075337398711781      1786.1342239924294972     707
163 8096.0110640747725483       0                      711
164 8317.8826969705714873     309.73092858306915787    716
165 8090.007504876173698        0                      720
166 8089.8935271352484051       0                      724
167 8368.7750562957517104     119.57477090864047398    729
168 8203.4588947278043634       0                      733
169 8140.3842365315949792       1.7033484633313837886  737
170 8773.6319716070156574     1818.1359914842792023     742
171 8084.2937519319966668       0                      746
172 8181.4059452436404172     130.00629762648003407    750
173 8086.4222481664301085       0.02858869121194368076 755
174 8526.2170293204417248     385.02221769457059963    759
175 8084.1400588451351723       0                      764
176 8096.420791503318469      331.05541903480383326    768
177 8164.6712248661942795       0                      773
178 8085.7693110174195681       0                      777
179 8086.4589460550159856       0.03345672134450699414 782
180 8101.015057413535942        0                      786
181 8727.2959801620963844       0.12232236069258815847 790
182 8253.2735193087464722      92.838270133227723591   795
183 8140.3900483046727459       0                      799
184 8134.4577943948906977     214.91412958296959346    803
185 8141.652630201944703       25.525791584769365272   808
186 8110.2775585145373043      33.738322614919560749   812
187 8120.2831886927642699       4.9499968189754488535  816
188 8099.7620809287727752     208.57016759480080736    821
189 8547.8598617246443609     1874.7796908283792163     825
190 8851.2171499796168064     169.98455367142125283    829
191 8972.2677050166457775     1684.3755160085854641     834
192 8425.1484055756864109     19920.893334979788051      839
193 8942.8351578530709958     635.67424463563929748    843
194 8168.4737397078151844     6322.3043584338729488     847
195 8167.8016270370253551     6724.6270310718055043     852
196 8185.8550073173955752     10445.673388348635854      856
197 8187.0824670195570434     9942.5944009120175906     860
198 8606.4128679056066176       0                      865
199 8087.0014281447938629       0                      869
200 8280.3941808003983169      31.437805274841206682   873
201 8480.995735928445356      389.3021046942927228     878
202 8104.2317943824755275     193.16925423150530605    882
203 8087.7242354457957845     399.67242022388739997    887
204 8112.4517163645259643       0                      891
205 8207.9425210487097502     288.06122866391064008    896
206 8149.7092035026535086       0                      900
207 8862.7977555992838461      27.519874301478687073   904
208 9154.0702141191086412     166.18881942308956923    909
209 8143.5805754431112291     448.63256913505426837    913
210 8125.7195462261124703     951.58677644346528268    918
211 8129.8013925351979196     3273.6050389451552292     922
212 8532.0317218937816506     1780.5782460736911617     926
213 8772.3207584949686861       0                      931
214 8200.2235060769562551      16.586001497067393018   935
215 8117.5266628614917863     134.29505668759452419    939
216 8127.9853905067002415      18.463976040178103233   944
217 8086.8205394060014441       0                      948
218 8125.4631555186806509       0                      953
219 8088.9928130166445044       0.01255549193572122815 957
220 8237.6650755014052265       0                      962
221 8128.1617252295973231       0                      966
222 8095.5991043345493381      47.295820074303314584   970
223 8084.2640635823590856     298.85880863503416549    975
224 8117.9269008923929505       3.4545766578808199121  979
225 8097.0023276166029973     248.53422665867600472    983
226 8135.1303662858290409     3808.2796341601765562     988
227 8107.2985311875600019     1044.9142188883652125     992
228 8137.6266406175782322     996.88115946227981112    997
229 8125.9612727151452418     210.44877956121408147    1002
230 8098.1728061954136138     314.16707573329620118    1007
231 8769.4456802427976072       0                      1011
232 8200.4746005561682978      16.690871347025876048   1015
233 8129.9850843261729096       0                      1020
234 8228.8065907700129173     1177.2295636392634606     1024
235 8269.0635917253439402       0                      1028
236 8085.9476783569571126       0                      1033
237 8130.9758759119149545     197.03562841835298514    1037
238 8106.2441407290361894       0                      1041
239 8131.7829059098967264       0.23875430819434501073 1045
240 8090.6569247903835276     133.05221439406611239    1050
241 8115.4406756139869685      69.220276856460756676   1054
242 8109.6423639865024597     1334.9547471975015469     1059
243 8135.4127433833209579     1678.7126130059016305     1063
244 8147.6587652046200674     819.65728655409645853    1067
245 8102.966707646537543      1211.8242968330825988     1072
246 8859.7885385214667622       0                      1076
247 8084.9575188497201452       0                      1081
248 8085.7335770654453881       0                      1085
249 8084.3746949422547914       0                      1090
250 8086.6404234899464427       0                      1094
251 8129.0838269635542019       0                      1099
252 8137.5903178664402731       0                      1103
253 8084.302364958902217        0                      1107
254 8099.7880088766205517       0                      1112
255 8108.4721390546537805     131.64742094425292862    1116
256 8109.2212750984726881       9.45768255066852781    1120
257 8128.379675230526118      409.07640840634991264    1125
258 8092.9787336588588005     105.31738053732544813    1129
259 8087.9467296449774949       0                      1133
260 8088.7388043303144514     111.38035795745821588    1138
261 8087.8823597486471044     119.33055942941136607    1142
262 8756.5661322633022792       0                      1147
263 8195.92813277994901        18.109529826875569114   1151
264 8083.9673726972296208       0                      1156
265 8111.4515966307235431       0                      1160
266 8084.0586410361856906       0                      1164
267 8091.9853675889289661     299.3162529692903604     1169
268 8727.7583348314910836       3.1316237740668508849  1173
269 8253.8672128334019362      38.798727166654309428   1177
270 8087.256444877028116        0                      1182
271 8084.9032111925635036       0                      1186
272 8111.9553926360085825       0                      1190
273 8098.9621730347807897       0                      1195
274 8121.3205122982699322       0                      1199
275 8084.1514194525398125       0                      1204
276 8108.0238418211210956       0                      1208
277 8084.183663145097853      297.55461170234951851    1213
278 8084.1777394036262194       0                      1217
279 8091.4758979756861663       1.2883830964849720679  1221
280 8093.6114891007418919       0                      1226
281 8119.5290025349377174       0                      1230
282 8173.1386165581998284       0                      1235
283 8082.1294394071628631       0                      1239
284 8095.8222703936608013       0                      1243
285 8088.3246388206225674       0.00965929746474230265 1248
286 8160.654620998041537      2084.1256752915928701     1252
287 8096.4838628438610613       0                      1256
288 8092.9875704361629687     392.16400801197522696    1261
289 8096.41213496025739       701.50475372198218338    1266
290 8083.4979299310789429       0                      1270
291 8699.7189135603348404      11.892081708421544661   1275
292 8230.8814921007869998      26.347754408204664855   1279
293 8082.9681848239697501       0                      1283
294 8084.7413711196395525       0                      1288
295 8082.1566336777314064       0                      1292
296 8089.2220568695265683       0                      1297
297 8133.2457458898297773     198.90972974552175856    1301
298 8140.006228377982552      208.59929316049675663    1305
299 8110.3507130555826734     307.92701261055094619    1309
300 8103.4106496306421832     447.45067520173677167    1314
301 8099.6596871130150248     574.3404712340760625     1318
302 8143.4192928757756818     1052.6160730460769628     1322
303 8205.0014033784045751      32.609674304019200974   1327
304 8106.2748466538714638       0.05454618329354810058 1332
305 8146.129872474702097      2128.9525047138822629     1336
306 8082.0485739771238514       0                      1340
307 8095.5642684272224869      61.701833000836437293   1345
308 8090.1984720610416844       0                      1349
309 8083.9851962391931011       0                      1354
310 8083.6434800177830766       0                      1358
311 8628.5044592392150662      11.102968782559539562   1362
312 8188.6064128717898711      11.38796032052288254    1366
313 8089.7518002480219366       0                      1371
314 8082.1833478007129088       0                      1375
315 8082.9220172361483492       0                      1380
316 8085.0828446009372783       0                      1384
317 8084.3151668026521293       0                      1389
318 8090.0716224160496495       0.65530778714723136869 1393
319 8094.996468545656171        0                      1398
320 8088.2656712513335151     401.38090123824383681    1402
321 8095.7372830739959682     1148.9173630795135068     1406
322 8103.3242783603036514     177.99767059408512182    1411
323 8087.9366596624804515       0                      1415
324 8096.5058718606596813      73.293883553019824717   1420
325 8081.9248219340051946       0                      1424
326 8095.0189465066787307     413.86737402031866395    1428
327 8081.9399595814056738       0                      1433
328 8081.9530896333244527       0                      1437
329 8082.154259763693517        0                      1442
330 8089.7771683897071853     358.8592242249994797     1446
331 8084.309448062107549        0                      1451
332 8082.0219579420727314       0                      1455
333 8082.8315247308319158       0                      1460
334 8081.9220174798101652       0                      1464
335 8081.9226245250338252       0                      1469
336 8082.0131799005484936       0                      1473
337 8082.0282090466862428       0                      1477
338 8082.3108765050710645       0                      1482
339 8082.2877791949240418       0                      1486
340 8088.4528538696094984     335.70321412479768242    1490
341 8084.4386947834918828       0                      1495
342 8082.76919227716553         0                      1499
343 8082.9264021091157701       0                      1503
344 8088.6370387679189662       0                      1508
345 8081.9763158199184545       0                      1513
346 8081.9286229586487025       0                      1517
347 8091.8557779598359048     174.89522317485534586    1521
348 8099.6616812897373165       0                      1526
349 8084.0094618700040883     545.19100362511960611    1530
350 8097.0175262403499801      74.533807691835605169   1534
351 8106.2337848695678986     1734.909010463037248      1539
352 8098.5616979060459926     653.59028549553136145    1543
353 8081.9240613380670766       0                      1547
354 8081.9370563636457518       0                      1552
355 8093.774663487937687      256.34268804312108614    1556
356 8090.2716613949623934     132.58548839781178685    1560
357 8088.702630574174691      322.43754906784926106    1565
358 8083.7206767111829322       0                      1569
359 8081.9299658910940707       0                      1574
360 8082.3925832300328693       0                      1578
361 8082.9461452996420121       0                      1583
362 8083.7628418488448006       0                      1587
363 8082.5414783332562365       0                      1591
364 8082.7637486768153394       0                      1596
365 8084.3524055414354734       0                      1600
366 8082.1848800130555901     337.53909947111850443    1604
367 8089.4194772648188518     455.9990080025523298     1609
368 8092.6534590560395372     144.01020145619540358    1613
369 8084.9821051592552976       0.04586879688440896607 1617
370 8082.1821495630092613       0                      1622
371 8090.191985277699132        0                      1626
372 8088.8494550715713558     521.28043000518550798    1630
373 8084.5782394056723206     332.19439639815203691    1635
374 8082.599077834946911        0                      1640
375 8081.9787629575475876       0                      1644
376 8081.9638778394137262       0                      1648
377 8090.5781523115274467     417.07228080880372545    1653
378 8081.9795548351830803       0                      1657
379 8082.4471981117185351     318.44069930066621055    1661
380 8081.9829311219018564       0                      1665
381 8082.0646556669753409       0                      1670
382 8082.7573847332359946       0                      1674
383 8083.1947615802664586       0                      1678
384 8092.8004410702524183     138.10995399073652834    1683
385 8090.2070755097429355      89.924556285510760745   1687
386 8082.0818805290155069       0                      1692
387 8083.165300334046151        0                      1697
388 8083.7398787125976014     298.68866693426951997    1701
389 8082.3874533299458562       0                      1705
390 8081.9293812580262966       0                      1710
391 8081.9637252105749212       0                      1714
392 8081.9834893789702619       0                      1718
393 8082.7611590842643636       0                      1723
394 8088.2021757039465228       0.09395832733176012752 1727
395 8082.9430965990495679       0                      1731
396 8083.999183947943493        0                      1736
397 8084.023002528161669        0                      1740
398 8088.5895769411672518       0                      1744
399 8092.138277306827149      261.98337030299228445    1749
400 8088.1701217939744311     978.58656064443789546    1753
401 8086.2204168335038048       0.68608551445104604127 1758
402 8081.9277985516400804       0                      1762
403 8083.6823155150750608     299.22362779683805911    1767
404 8081.9187874482086045       0                      1771
405 8081.9189695995719376       0                      1775
406 8081.917263883875421        0                      1780
407 8081.9521581374710877       0                      1784
408 8082.1982779139807462       0                      1788
409 8083.8109757454130886     297.8882808225549752     1793
410 8081.9188363476523591       0                      1797
411 8081.9223198130603123       0                      1801
412 8082.0574986188494222       0                      1806
413 8084.0182402483633268       0                      1810
414 8082.0830689631502537       0                      1814
415 8082.3010532276248341     323.10818237725408153    1819
416 8082.7587454836284451       0                      1824
417 8082.9244004444126404       0                      1828
418 8086.4331676850506483     316.73295049013063363    1832
419 8096.7950080269947648     356.70915652678826291    1837
420 8081.9570461133780555       0                      1841
421 8083.9452411522906914       0                      1846
422 8083.9169595409148315       0                      1850
423 8083.9787935043859761     551.41804618969183593    1854
424 8081.9186943880213221       0                      1858
425 8081.9167177763929431       0                      1863
426 8081.964278570812894        0                      1867
427 8081.9205588636204993       0                      1872
428 8081.9210796729976209       0                      1876
429 8083.982904468461129      549.38426113246202931    1881
430 8081.945196848318119        0                      1885
431 8081.9541241375773097       0                      1890
432 8081.9715478810503555       0                      1894
433 8082.76796788788306         0                      1898
434 8081.9827673881572991       0                      1903
435 8082.1483432837558212       0                      1907
436 8082.2093009686814185     340.41354878296135666    1911
437 8082.9354652044175964       0                      1916
438 8087.562209232773057      285.85845212999521436    1920
439 8096.9395184968798276     350.69484994163758529    1924
440 8081.9403461195206546       0                      1929
441 8081.9917867865187873       0                      1933
442 8081.9835318729765277       0                      1937
443 8086.5400981416451032       0                      1942
444 8086.6221126631498919       0                      1947
445 8083.9575802883491633     551.35969975859245551    1951
446 8081.9162446564951097       0                      1955
447 8081.9246942478084748       0                      1960
448 8082.0056208053965747       0                      1964
449 8081.9877569614109234       0                      1969
450 8088.087057560473113        0.03839643949830837816 1973
451 8088.0488648790906154       0.05524836798026691587 1977
452 8083.9575802883564393     551.35969975859268288    1982
453 8081.9172324014289188       0                      1986
454 8081.9207105081841291       0                      1990
455 8081.9454536193716194       0                      1994
456 8083.9933429395132407       0                      1999
457 8081.9202332678169114       0                      2004
458 8082.8383065240723226       0                      2008
459 8082.1677156827290673     331.14881172054555236    2012
460 8082.9217348223583031       0                      2017
461 8087.643458565250512      281.67733131600397201    2021
462 8096.7002784358855934     357.21998339821675472    2026
463 8086.6467999518081342     126.07812081613646171    2030
464 8081.9151187665493126       0                      2034
465 8081.9287149321935431       0                      2039
466 8081.9788311837655783       0                      2043
467 8096.9326988509155854     446.19528135627632537    2047
468 8096.9569080731662325     445.52049844377285126    2052
469 8083.8647860176251925     296.74256587127626972    2056
470 8081.9429966318448351       0                      2060
471 8082.0016431965523225       0                      2065
472 8085.2416167959681843       0                      2070
473 8081.9168212659114943       0                      2074
474 8082.024360276635889        0                      2078
475 8082.4910973534542791     357.13294392663357257    2082
476 8082.7535575608608269       0                      2087
477 8084.0096880304936349     539.22435793754129918    2091
478 8086.8741172987020036     310.37621348353798112    2095
479 8096.4243043158339788     357.95076215771257466    2100
480 8082.0284140084459068       0                      2104
481 8086.7587953280226429       0                      2108
482 8081.9264194644447343       0                      2113
483 8081.9290101588312609       0                      2117
484 8087.7453934874447441     281.69090359833018056    2121
485 8082.4963628036366572     359.16389207633494607    2126
486 8081.9822569468869915       0                      2130
487 8081.915516104035305        0                      2135
488 8081.9377933222631327       0                      2139
489 8081.9429209166828514       0                      2143
490 8088.6310945857403567       0.1387723712247673491  2147
491 8089.3145176579510007       0.72409544114606616549 2152
492 8081.9847604919104924       0                      2156
493 8081.9907422604719613       0                      2160
494 8084.8752525063864596       0                      2164
495 8082.1636453991786766     333.09223647733989537    2169
496 8082.9199913934398865       0                      2173
497 8092.1092715256118026     260.57531860428451864    2177
498 8081.9155516068603902       0                      2182
499 8086.9765721443000075       0                      2186
500 8086.1530639775746749       0                      2190
501 8082.4924401733615014     358.00110906883207917    2195
502 8081.9851735521679075       0                      2199
503 8081.9175675008182225       0                      2203
504 8081.9171294087445858       0                      2207
505 8082.9223788947847424       0                      2211
506 8081.9888256743861348       0                      2215
507 8088.3213097059815482     109.8266546734367779     2219
508 8089.0570496759073649     132.32695756910345608    2223
509 8082.195929166339738      330.33471992833386821    2228
510 8090.3323342281128134     446.77093011700202396    2232
511 8091.7978895022024517     133.59838247265199129    2236
512 8081.9188346712671773       0                      2240
513 8081.9162248666279993       0                      2244
514 8085.2427589193393942     298.38889011510286764    2249
515 8085.138924985992162      299.99666483634729275    2253
516 8082.1627156124595786     331.12748216072372998    2257
517 8081.9194838771300056       0                      2261
518 8081.9154192493651863       0                      2265
519 8081.9164449962099752       0                      2270
520 8081.9191948144507478       0                      2274
521 8086.1656219369224345       0                      2278
522 8088.31756993027102       110.14882465697995428    2282
523 8082.1648761327587636     331.39796647914954519    2286
524 8083.9899556892496548       0                      2290
525 8088.3138388602483246     111.14183705929168866    2294
526 8092.6162830940220374     102.29180067641107144    2298
527 8083.9762586167498739     545.27280897915238711    2302
528 8091.5327972445065825     131.24900872376838379    2307
529 8091.5762120565132136     131.79043714522325104    2311
530 8082.1686751920406095     330.29250216410923713    2316
531 8081.9191705067687508       0                      2320
532 8082.7979317021618044       0                      2324
533 8081.9945348779774577       0                      2328
534 8083.9843793784175432       0                      2332
535 8084.8484637736937657       0                      2336
536 8084.8623771691200091       0                      2340
537 8086.7761771625519032       0                      2345
538 8092.7762628403324925     102.15772255961771009    2349
539 8088.5532064581293525       0                      2353
540 8082.2313028878515979     334.35386187201117991    2357
541 8094.6636646068427581     140.69443758672807121    2361
542 8081.9438694486516397       0                      2366
543 8081.9444901388505968       0                      2370
544 8081.9163619098035269       0                      2374
545 8081.9953417875658488       0                      2379
546 8084.8643512088483476       0                      2383
547 8088.4086644043618435       0.00844035417744615039 2387
548 8081.9206495070820893       0                      2391
549 8088.6698176855588827       0.00528058957583981727 2395
550 8088.2598978539945165     271.61356117480636385    2400
551 8081.9155207554531444       0                      2404
552 8088.7547957568594938       0.00396118048731498949 2408
553 8083.9884955984316548       0                      2412
554 8083.9966952259455866       0                      2416
555 8081.9912796822918608       0                      2421
556 8081.995671463853796        0                      2425
557 8082.7997082776173556       0                      2429
558 8083.9952070911176634       0                      2433
559 8088.5863319141417378       0.0067906627681817034  2438
560 8081.928305316562728        0                      2442
561 8089.0186811565217795       0.00114223551584253505 2446
562 8081.9172030415002155       0                      2451
563 8088.4831292636026774     274.57395074957560155    2455
564 8090.997822222691866        2.3875410831014485247  2459
565 8081.991707836941714        0                      2463
566 8082.8022300063867078       0                      2467
567 8083.9901063933066325       0                      2471
568 8082.8003760737174161       0                      2475
569 8085.199557336599355        0                      2479
570 8084.8566964586552785       0                      2484
571 8088.6257258168525368     297.36202270095714084    2488
572 8096.1217171704165594     325.35500386805705375    2492
573 8082.016089823625407        0                      2496
574 8089.8908369847958966       0                      2500
575 8081.9203839055498975       0                      2505
576 8086.0812520623421733       0                      2509
577 8081.9480346852324146       0                      2513
578 8082.7587413767205362       0                      2517
579 8082.9225979244638438       0                      2522
580 8082.9236086802193313       0                      2526
581 8082.9497577617958086       0                      2530
582 8087.9376271218097827       0                      2534
583 8092.3540911596301157      88.564084443222967025   2538
584 8081.9292845302406931       0                      2542
585 8086.0989649235125398       0                      2547
586 8085.7087298563728837       0                      2551
587 8081.9206835495597261       0                      2555
588 8083.9862395699337867     550.57433134705411248    2559
589 8088.9653390233324899       0.00530845133739507678 2563
590 8089.0736618620576337       0                      2568
591 8093.1077824211579355     332.1868271332713789     2572
592 8081.9433451492432141       0                      2576
593 8086.768545125851233        0                      2580
594 8086.8458857889399951       0                      2585
595 8081.9164202459787703       0                      2589
596 8081.9193024226451598       0                      2593
597 8082.9190409795255619       0                      2597
598 8083.4667311696994147     326.64691379419940631    2601
599 8088.3190959501444013     110.65097358313781228    2605
600 8089.1629198795508273     118.13020130619263171    2609
601 8082.1660826803517921     332.25535806025959573    2614
602 8087.2933442998273676     308.87133798971012766    2618
603 8097.2762037838710967     359.06715406394215506    2622
604 8081.9191705067632938       0                      2626
605 8085.8750620806304141     295.33166611008408609    2630
606 8082.1660247780446298     330.84516020889492438    2634
607 8083.6249177550243985       0                      2639
608 8083.6294763530477212       0                      2643
609 8087.920432266595526        0                      2647
610 8091.0318918694665626       2.8724022907835493612  2651
611 8082.0087549176987523       0                      2655
612 8085.9028071684861061     295.25206520744649197    2659
613 8081.9193173883704731       0                      2664
614 8082.7582111163319496       0                      2668
615 8084.8601774469461816       0                      2672
616 8092.9956494618918441     293.0929292704929594     2676
617 8083.9764655513627076     549.70872641425251004    2680
618 8083.9929471824361826       0                      2684
619 8086.7883897988322133     285.79751620869524231    2689
620 8103.3576649942488075     804.1041672657596564     2693
621 8082.1650741508356077     331.37659081886403101    2697
622 8086.3744831344465638     318.94835098158745268    2701
623 8088.3102320428342864     111.63388668983984076    2706
624 8083.4581975400096781     325.98926891345246304    2710
625 8088.341083783270733      111.4411895012863738     2714
626 8082.1594189824818386     333.07080908923359175    2718
627 8082.1999732277754447     332.60210569276284787    2722
628 8088.1060661443261779       0                      2726
629 8090.10617042924423         0.46058246917057499292 2730
630 8086.1557022812912692     320.11125559371720328    2735
631 8081.9450563938380583       0                      2739
632 8081.987796503825848        0                      2743
633 8083.9859596901687837       0                      2747
634 8083.9994351151608498       0                      2752
635 8087.2654516380225687     308.84397540787313119    2756
636 8097.93095743149388       440.38567211569960591    2760
637 8084.2078836312730346       0                      2765
638 8082.0119760957632025       0                      2769
639 8081.9922663708675827       0                      2773
640 8085.9966229002166074       0                      2777
641 8082.8274601360517408       0                      2781
642 8082.9234475227231087       0                      2785
643 8081.9929714388799766       0                      2789
644 8085.2200761113235785       0                      2794
645 8089.1096258144916646       0.00058078286766313444 2798
646 8088.9292277535550966       0.00189247321930853681 2802
647 8088.2075332784397688      77.734633560087175397   2807
648 8089.3914047107100487       0                      2811
649 8081.9175917182537887       0                      2816
650 8085.7652548322776056       0                      2820
651 8081.9904444413541569       0                      2824
652 8083.9929198818872464       0                      2828
653 8082.4929449819328511     358.29446369836659869    2832
654 8086.645815696313548      126.09020824818806261    2837
655 8082.1916465295253147     333.13453252566716856    2841
656 8088.3138943076673968     111.46633333930084575    2845
657 8088.6803224302584567     296.51395504619199528    2849
658 8096.2548720901177148     326.44005375901923571    2853
659 8082.1625053116522395     332.53839088270393631    2857
660 8083.6533639416065853       0                      2861
661 8090.2812684895470738       0.44728309013311162712 2866
662 8088.1160228903245297       0                      2870
663 8086.1908274483612331       0                      2874
664 8081.9997902212689951       0                      2879
665 8084.7868899713594146     581.24227329869393088    2883
666 8084.8664657723720666       0                      2887
667 8089.1631313625275652       0.14657631933343839847 2891
668 8090.2315453077335405       0.487701553817609601   2895
669 8092.1322378396325803     261.75434305417019232    2899
670 8082.4915085665934384     357.40441088859716956    2904
671 8085.6809018282692705       0                      2908
672 8086.1795207091490738       0                      2912
673 8095.3427792513321037     137.83801780801124437    2916
674 8086.8997692926022864       0                      2921
675 8082.4929041814511947     357.97956503492900993    2925
676 8086.6428960883968102     125.89801050905950319    2929
677 8082.1901625482769305     332.58070078198488773    2933
678 8094.5016141138985404     122.02629732936168239    2937
679 8097.9311085613198884     937.86653168529346658    2942
680 8085.7169093815600718       0                      2946
681 8081.9441515629632704       0                      2951
682 8082.7544190113067089       0                      2955
683 8082.9225881520123949       0                      2959
684 8082.9482133359324507       0                      2963
685 8087.7058438511994609     285.1461217519646425     2967
686 8098.4895200712890073     397.0271561647154499     2971
687 8083.9896928036332611       0                      2976
688 8085.8325572897792881       0                      2980
689 8081.9171255172268502       0                      2984
690 8082.7533523686151966       0                      2988
691 8082.7582631589375524       0                      2992
692 8082.920219934857414        0                      2997
693 8088.7130392010330979     296.77335190294553513    3001
694 8096.2148257398275746     325.65034189839155943    3005
695 8082.7587580524195801       0                      3009
696 8086.4154196547560787       0                      3013
697 8086.4931785416156345       0                      3017
698 8082.838823083526222        0                      3022
699 8086.9952789790095267       0                      3026
700 8082.0238268129987773       0                      3030
701 8084.0009842928275248       0                      3034
702 8085.2131379370212017       0                      3038
703 8085.2010755540059108       0                      3042
704 8093.342167866507225      100.19295602311876792    3047
705 8081.9877965038213006       0                      3051
706 8081.9472534606557019       0                      3055
707 8083.6536518996817904       0                      3059
708 8086.2116777223982353       0                      3063
709 8094.3663428861682405     113.79839374194300206    3068
710 8081.9466569602591335       0                      3072
711 8082.7553443563374458       0                      3076
712 8082.780377877965293        0                      3081
713 8083.0007325325213969     322.15116088678820461    3085
714 8092.1187866177579053     261.40329866653758017    3089
715 8084.8077680217620582     583.58865493302357663    3093
716 8088.703724274673732      296.49683696498823338    3097
717 8096.9645690639354143     400.88419300241139354    3101
718 8081.9428681556437368       0                      3106
719 8088.0631031886114215       0                      3110
720 8082.1662878288416323     333.64622800430112193    3114
721 8082.1901807397480297     332.02701568380086883    3118
722 8088.3152882093845619     110.81799840984875516    3122
723 8092.3988859674645937      87.762849498093117973   3127
724 8082.4919684207870887     357.71891229166817538    3131
725 8085.6026065639007356       0                      3136
726 8082.7552682246505356       0                      3140
727 8082.9191081758044675       0                      3144
728 8087.0922994513948652       0                      3148
729 8093.2496652418903977     100.32172180218225321    3152
730 8083.9929471824443681       0                      3157
731 8081.9871185375950517       0                      3161
732 8082.8104223824011569       0                      3165
733 8082.7995499096377898       0                      3169
734 8081.9951015863807697       0                      3173
735 8084.0062407722425633       0                      3177
736 8088.6222078168921144     297.31745633325255085    3182
737 8097.0500225273553951     401.84691738613503276    3186
738 8081.9206495070911842       0                      3190
739 8085.6946032403775462       0                      3194
740 8082.1660247780400823     330.84516020889827814    3199
741 8082.7558430909612071       0                      3203
742 8089.0508106339975711       0.00528364394050155964 3207
743 8089.1756634805151407       0                      3211
744 8082.161327442804577      332.23394583497912436    3215
745 8082.7576786691151938       0                      3220
746 8085.7739557462809898       0                      3224
747 8088.0852593801155308       0                      3228
748 8082.0180616830848521       0                      3232
749 8082.8338122715185818       0                      3237
750 8084.8821292532138614       0                      3241
751 8083.9926486939375536       0                      3245
752 8084.8576839513652885       0                      3249
753 8092.3624369286917499      87.031470314891961948   3253
754 8082.9231323848953252       0                      3258
755 8088.0185350952060617       0                      3262
756 8082.017206981234267        0                      3266
757 8085.1908267250810241       0                      3271
758 8092.4478458460107504      88.199550298990047281   3275
759 8082.4929041814511947     357.97956503492542879    3279
760 8081.9858504820695089       0                      3284
761 8082.8014668024416096       0                      3288
762 8083.9841287306526283       0                      3292
763 8088.1046630999653644     274.43986319609632574    3296
764 8102.3200876041355514     750.40610488394440836    3300
765 8085.9243852451172643       0                      3304
766 8085.0541770137679123     428.21878246198821216    3308
767 8082.807737177805393        0                      3313
768 8085.1860617810461918       0                      3317
769 8085.1994687622336642       0                      3321
770 8083.9933251506845409       0                      3325
771 8088.8825022232504125       0.00485990283008589947 3329
772 8090.2227753247188957       1.0217457834589735999  3333
773 8082.0069606505958291       0                      3338
774 8081.919250560978071        0                      3342
775 8083.9783152727914057     550.3822947269644601     3346
776 8083.9971784219869733       0                      3350
777 8089.9811786814607331       1.1161042020432021538  3355
778 8092.1337129187822939     262.52300470637214858    3359
779 8085.691012835735819        0                      3363
780 8082.7986017235534746       0                      3367
781 8084.0165625339195685       0                      3371
782 8088.010743553397333        0                      3376
783 8090.3801998036287841       0.42626525898583716989 3380
784 8081.9186758322175592       0                      3385
785 8088.8425388576924888     405.7204894571845557     3389
786 8094.7289288680130994     150.48378479588618006    3393
787 8081.9233698682837712       0                      3397
788 8088.3475147966073564     112.11452754246926133    3401
789 8083.4378829324550679     328.0296783869064825     3405
790 8088.5642174728873215     274.732319265626586      3410
791 8097.3193744351956411     359.97381622691858638    3414
792 8088.3200401864523883     112.13971983828901102    3418
793 8087.813657373044407        0                      3422
794 8084.0181931527149573       0                      3426
795 8082.1936224607743497     330.88736440524371574    3431
796 8081.9997902212680856       0                      3435
797 8081.9846017484624099       0                      3439
798 8082.7983185117745961       0                      3443
799 8081.9899584987388153       0                      3448
800 8085.1871582844369186       0                      3452
801 8085.1941693886001303       0                      3456
802 8089.254569524573526        0                      3460
803 8089.8479986672282394       1.2006378022992501009  3464
804 8081.9842304234816766       0                      3469
805 8082.168675192041519      330.29250216410923713    3473
806 8081.9973591352600124       0                      3477
807 8084.0013524558926292       0                      3481
808 8088.3104717646374411     111.30921465429506156    3485
809 8082.1605025784774625     333.37565450306823323    3489
810 8088.3179417354185716     110.9746363848359465     3494
811 8082.1675192900283946     332.80885166625824922    3498
812 8088.2028988369002036       0                      3502
813 8090.9332246775920794       2.8827748213444124303  3506
814 8084.0025267908204114       0                      3511
815 8092.1405349378064784     262.42866085781133734    3515
816 8082.1723362665898094     332.55979830471932246    3519
817 8082.1772748996854716     335.34514820870504082    3523
818 8088.3137315308194957     110.31546624938309265    3528
819 8088.546751351623243      298.13904747798477501    3532
820 8097.1415315055965038     402.81099496361332513    3536
821 8086.0212595655775658       0                      3540
822 8082.5212477423774544     358.33844485347782438    3544
823 8087.1936971564582564     148.99406149087732842    3548
824 8083.9591498011404838     323.49210067072436914    3552
825 8085.0789416650222847     612.74463485469914303    3557
826 8086.674432436531788      126.75401608107836182    3561
827 8093.0994458288878377     331.42798185632290142    3565
828 8095.474584748106281      136.6853046411907826     3569
829 8081.9887097762302801       0                      3574
830 8082.7534164636772402       0                      3578
831 8087.1249728038183093       0                      3582
832 8082.0240816926998377       0                      3586
833 8084.0130638181562972       0                      3590
834 8093.2096388019763253      99.731000336583036869   3595
835 8081.9892909278123625       0                      3599
836 8081.9169433636052418       0                      3603
837 8081.9205344467882242       0                      3607
838 8081.9228797850419141       0                      3611
839 8082.9204963539596065       0                      3616
840 8089.0119470652007294       0.18344204430079380508 3620
841 8082.1659481262659028     333.3409960846845479     3624
842 8082.757334491147958        0                      3628
843 8082.78521707735581         0                      3633
844 8087.8660969509710412       0                      3637
845 8089.1504996832209144     117.42620992452121698    3641
846 8082.1628865455622872     332.7873980549691737     3645
847 8093.1623675070550235     100.51778137711163197    3649
848 8083.6352188596256383       0                      3654
849 8083.6315809060743049       0                      3658
850 8081.9877869282199754       0                      3662
851 8082.8053453164893654       0                      3666
852 8083.9888614348865303       0                      3671
853 8088.9886822263433714       0                      3675
854 8089.2373477533456025       0.00320494802511807645 3679
855 8086.6744014683599744     126.57521990779481769    3683
856 8083.3582906581332281     347.23013050937800017    3687
857 8089.2594428788052028       0                      3691
858 8086.6626313828601269     127.66718600744511036    3696
859 8081.9863458419313247       0                      3700
860 8082.7813318836797407       0                      3707
861 8088.3101768115966479     110.96212734689930812    3711
862 8083.0002963538563563     321.85136794614425071    3715
863 8089.1807516724711604     117.91883851510948489    3719
864 8089.1539430984257706     117.94492261263771127    3723
865 8087.5065097015121864     306.96408005819080245    3727
866 8097.261335866567606      361.17262117460393256    3731
867 8089.068895482248081      4484.4715356029109898     3736
868 8081.9173560131575869       0                      3740
869 8087.8796809976247459       0                      3744
870 8081.99177415324084         0                      3748
871 8082.8036842120418441       0                      3752
872 8082.8032492598604222       0                      3756
873 8085.1902865283245774       0                      3761
874 8092.5876571561711899      87.459683986857470472   3765
875 8086.4455470089014852     318.44870543157031761    3770
876 8081.9206835495560881       0                      3774
877 8086.5831069029327409       0                      3778
878 8089.0153122729898314       0.00092906695050780992 3783
879 8089.2054505251035152       0.00031409799097797145 3787
880 8089.5019887043035851       0                      3791
881 8088.4260138405352336       0                      3795
882 8083.9634863903065707     323.79135313335683577    3800
883 8086.6540065165945634     126.62777170536459437    3804
884 8092.23646740931963        87.832360024419486422   3808
885 8086.6587458990552477     127.49939333811947506    3812
886 8085.807713041873285        0                      3816
887 8086.6483658166189343     126.95975836857290631    3821
888 8082.5000498271510878     359.74007184602783127    3825
889 8088.3538186941968888     111.45371752281286604    3830
890 8082.1733538938633501     333.11368528478089956    3834
891 8087.5428142411783483     307.27288043882344937    3838
892 8097.4060811079561972     360.88616534402746083    3842
893 8084.9855097723320796     420.65234919420464621    3846
894 8082.5240708564069791     358.91411770847747675    3851
895 8087.1943359766910362     149.36947920390471722    3855
896 8082.1613274428182194     332.23394583497565691    3859
897 8088.3112017078110512     110.63846833698090677    3863
898 8093.7724370221258141     143.91792168422048803    3867
899 8089.8761964825935138     419.70430311174010285    3871
900 8092.1313908938655004     262.68449144364672065    3875
901 8086.9580779179041201       0                      3880
902 8082.1900094420916503     331.16975411788473593    3884
903 8094.6019263187117758     112.41294816269790147    3888
904 8087.034186123561085        0                      3893
905 8085.223640932978924        0                      3897
906 8083.4318791422310824     325.93745783201933364    3901
907 8093.4829493613196973      99.212768857850093696   3905
908 8081.9233698682774047       0                      3909
909 8085.7703823678048138       0                      3913
910 8085.7809082244257297       0                      3917
911 8082.9236464548612275       0                      3922
912 8082.9274464145637467       0                      3926
913 8088.3376765631546732     273.99780111752050971    3930
914 8102.2775754708627574     750.17924516662628776    3934
915 8083.6292198761166219       0                      3938
916 8083.0338699396070297     322.49297495592605856    3943
917 8083.4409291357014808     328.1717507744407385     3947
918 8088.3225361445511226     111.64644903179197399    3951
919 8089.0652219329203945     132.87766760837052971    3955
920 8084.133628327878796      349.74359247226425396    3959
921 8089.0681982887126651       0.00324370326279379076 3963
922 8088.7815494762890012       0                      3968
923 8092.4209951262600953      87.529012620957118429   3972
924 8082.4910330404263732     357.11141423587446297    3976
925 8089.7987689085439342     263.89221520301850887    3980
926 8096.3142131754775619     325.30156650291439746    3984
927 8085.7383415839840382       0                      3989
928 8088.3384761797897227       0                      3993
929 8092.312185719698391       87.766085535853690658   3997
930 8082.1720281186780994     333.95146206974601455    4002
931 8082.8065553666738197       0                      4006
932 8084.8621035530422887       0                      4010
933 8082.4954242079738833     358.87015193793848766    4014
934 8086.6461067866357553     126.43516629327585576    4018
935 8089.2095426628566202       0.0004427674815727005  4022
936 8089.2020614666507754       0.00020764668835619184 4027
937 8089.1961128300217752       0.0000203365277209842  4031
938 8089.9995728325175151       0                      4035
939 8082.919728974255122        0                      4039
940 8084.9006842599364973       0                      4043
941 8084.9643411758233924       0                      4048
942 8081.9321344942090946       0                      4052
943 8081.9356889849614163       0                      4056
944 8082.0693239947358961       0                      4060
945 8088.229377829708028        0                      4064
946 8090.3356105699695036       0.37249940118169261316 4068
947 8081.92980418902971         0                      4073
948 8085.5968507105899334       0                      4077
949 8081.9473663165499602       0                      4082
950 8081.9465757969765036       0                      4086
951 8081.9174166122047609       0                      4090
952 8082.8386047311196307       0                      4094
953 8081.9973873694079884       0                      4098
954 8084.0414510915143183       0                      4102
955 8084.8866506416416087       0                      4106
956 8088.4722461251412824     275.3939617089227454     4111
957 8097.5878576935629098     361.13006675563315184    4115
958 8081.9932133078846164       0                      4119
959 8082.7539192050371639       0                      4123
960 8085.5070881726460357       0                      4127
961 8086.0233294452527844       0                      4131
962 8088.306483932721676      111.12929748926396201    4136
963 8088.3266822002269691     111.15436506187459997    4140
964 8094.7144903960206648     113.02928490882526091    4144
965 8082.1648761327533066     331.39796647914954519    4148
966 8085.5623324451935332       0                      4153
967 8085.61921417195299         0                      4157
968 8087.1198309846286065       0                      4161
969 8089.0847853927007236     132.65377355026828354    4165
970 8092.1371463848099665     261.59384236080580877    4169
971 8084.0050754753756337     543.30856640142292235    4173
972 8093.3813213024168363      99.141714072763022614   4177
973 8092.6156396836495333     5426.299270951489234      4182
974 8086.0579975871196439       0                      4186
975 8088.053184399366728        0                      4190
976 8082.9193661255876577       0                      4194
977 8087.6755110400454214       0                      4199
978 8093.5115988566494707      99.79409489084051188    4203
979 8081.9203794707837005       0                      4207
980 8088.6507703413490162       0                      4211
981 8082.833334354656472        0                      4215
982 8085.1954579953617213       0                      4219
983 8088.2496618917275555       0                      4224
984 8090.3176686053220692       0.46078353289072732091 4228
985 8081.9442720986398854       0                      4232
986 8091.016440792861431        2.8275087601304984553  4236
987 8081.9195003569802793       0                      4240
988 8081.9441490603503553       0                      4244
989 8081.9443231457807997       0                      4248
990 8081.9545596545276567       0                      4252
991 8082.9239229939885263       0                      4256
992 8082.9544036169118044       0                      4261
993 8087.3944908893518004     281.51204743398847086    4265
994 8103.9277828134781885     920.32408052958328426    4269
995 8088.2496618917239175       0                      4273
996 8086.2840657174501757     293.32231326514994407    4277
997 8083.6266848511868375       0                      4281
998 8087.8474078154422386       0                      4285
999 8093.3426625960510137      99.801035863055460595   4290
1000 8086.9705351293805506       0                      4294
