1 9855.103835079482451      137790.14073071585153       5
2 10270.400412492375835      127097.63902825773403       9
3 9505.2932274070190033     149025.62889391343924       13
4 9946.1218063625165087     138111.57404164448963       16
5 9965.3829731402820471     140460.79692460448132       20
6 9961.4483225683634373     140592.10537896773894       24
7 9777.8993442463070096     66162.533273268971243      28
8 9686.7573605669240351     4662.5828825356220477     32
9 9710.133196251519621      18907.812085025139822      36
10 9528.2030409333310672     199896.28974261065014       40
11 9275.7564896365183813     5401.8064995134145647     44
12 9674.7948009819556319     266889.6422852408723        48
13 9588.79895031272099       6223.3982013344138977     52
14 9651.60064752505059       4291.448466815419124      56
15 9599.0915292493209563     298256.97417307179421       60
16 9763.9453571257618023     299897.99208150961204       65
17 10021.588977311952476      20305.164345145723928      69
18 10107.723260986174864      10539.820232900585324      73
19 9764.3488430606666952     6130.8867611469386247     77
20 9266.2007299582674023     3932.665777754264127      81
21 8470.0816656958559179     3768.2473464988966043     85
22 8545.6527038557633205     4796.2771305741744072     89
23 8568.7156063521033502     40836.05915248162637       93
24 8974.3686238039317686     24774.90597915660328       97
25 9294.4100721877966862     21781.316126990819612      101
26 8695.3378890761923685     9764.3628224557214708     105
27 8343.0291964528078097     4197.9188864843272313     110
28 10105.923790645070767      9423.937432994331175      114
29 8376.8607738771661388     25502.899519347283785      118
30 8765.121288703447135      11727.592205350352742      122
31 8770.0919078024835471     11734.53343820768896       127
32 8666.4857446530659217     10889.415401325724815      131
33 9120.4374241346195049     216704.14936273821513       135
34 10118.045406560420815      17280.338318965914368      139
35 8367.69901372953791       27616.479795269620809      144
36 8317.2440711926064978     6493.4220797026773653     148
37 9933.0194339771787782     5892.8246398781593598     152
38 9189.8467665697698976     2681.2302995974218902     157
39 9174.032152664160094      8998.2545618593831023     161
40 9146.8744030657071562     4636.8915106250296958     165
41 9272.1305243482438527     1477.9393736461538538     170
42 8614.4817143894924811     1447.627039270784735      176
43 8348.895806482196349      20406.065471118865389      180
44 9959.1303369950837805     4833.9987477080976532     185
45 9978.1544303144200967     2613.194331475022409      189
46 9877.2681504134761781     13681.603383465755542      194
47 8506.9109565814087546     4956.355902815891568      198
48 9160.0479329297650111     4513.2845052340917391     203
49 8826.3121572414675029     2236.0594308377185371     207
50 8316.8722555050644587     18471.533262988174101      211
51 8394.5381774394736567     3321.160970821455976      216
52 8878.2824960227808333     9823.5736827728978824     220
53 8303.3725209614513005     10486.180153508907097      225
54 8870.0714554555961513     8964.9629477226371819     229
55 8650.6054544706348679     2269.8806895262723629     234
56 8627.8760000262882386     6637.1108709402724344     238
57 8504.0276777059516462     11709.055201913482961      243
58 8913.3708939113912493     4261.4651089673379829     247
59 8979.7813573709499906     5952.9409316720648349     252
60 8978.9016090239201731     4904.3390099764910701     257
61 8832.2381410219604732     1410.0015169080952546     261
62 8595.5039160159540188     5727.2276419435429489     266
63 8873.6505472622993693     3895.2153075095880013     271
64 8837.579002119924553      310.4904344516172614     275
65 8825.3415574478040071     545.20087501612533742    280
66 8815.8887402279378875     5280.3303209902505841     284
67 8345.2058962627106666     6463.2308623497465305     289
68 8345.6770940218375472     6460.8725683735610801     294
69 9131.8367613009013439     6102.5107995696289436     299
70 8909.4336563094602752     1698.3586530876968936     303
71 8328.7464579039242381     3283.3604922470717611     309
72 9170.6765755779088067     518.750695079473644      313
73 9125.9434707899290515     4260.9735462680582714     318
74 8882.4495484867275081     896.64889281238401963    323
75 8920.3626671625206654     4359.7864244124666584     327
76 8841.8314398116490338     816.71008820921485949    332
77 8829.8082868854125991     1623.2380791935383968     337
78 8837.3672266864523408     517.29310817978739578    341
79 8277.9036613041062083     858.69440983540926027    346
80 8593.2680287905532168     11842.429656750740833      351
81 8839.7827021365810651     4112.5804524020641111     356
82 8873.5734536420641234     803.18679055915197296    361
83 8878.7667546757638775     923.08545289066296391    365
84 8865.7808104585965339     940.64843168513857563    370
85 8847.4384317689982709     747.68771658976072558    375
86 9158.2598651651169348     432.81366541222593014    379
87 8841.105924735622466      4854.8316075206757887     384
88 8852.2071746078327124     508.50075748312718815    389
89 8860.4620677201455692     740.56328267669118759    393
90 8826.0233192885243625     326.05121641861290982    398
91 8806.27908088973345       469.64617383229523284    403
92 8671.7446019431772584     5086.7442860795745219     408
93 8839.8510555429693341     4351.9314905325454674     412
94 8831.9925106287901144     647.1450671207379628     417
95 8816.3191889159643324     4420.7324355511473186     422
96 8838.8946990440454101     557.2660182799844506     427
97 8836.1995649796062935     4206.8278838371834354     431
98 8831.1239953996991972     733.40509703564771371    436
99 8834.1334980735464342     4224.5160897093537642     441
100 8832.5086642392270733     735.76628657111359644    446
101 8569.9808861048113613     528.88831254382125735    451
102 8827.9525443036327488     324.84845408407403511    456
103 8807.6734668493227218     347.39807822370789836    460
104 8863.8160724008703255     365.85195104710487612    465
105 8790.9584717563848244     381.2800042652729644     470
106 8827.6198101727568428     839.45737598642460853    474
107 8820.7929973944956146     5987.925496527874202      479
108 8882.038848766067531      246.51675823443898139    484
109 8891.6715852955676382     3053.3346747792820679     488
110 8833.8343862791825813     321.15990305123744974    493
111 8580.2570999341769493     4888.898019244353236      498
112 8534.8585828388822847     862.24521438255305839    503
113 8832.0129016082901217     3392.4221361389118101     507
114 8832.4556683796035941     734.72003901445930296    512
115 8889.4470613820540166     245.7154646651268024     517
116 8562.599227228494783      6188.274427232097878      522
117 8830.7511442664781498     221.6540963066005645     526
118 8822.4119906402283959      81.852325531159067395   531
119 8805.5182112978309306     307.36828632495974034    536
120 8324.5835990307059546     1195.6577850662024503     541
121 8329.8121813810612366     359.83152710720855794    546
122 8859.4817551810465375     2146.217716899408515      551
123 8829.9116428139568598     507.14643265541917572    555
124 8788.3774208867507696      79.440289350172804461   560
125 8731.138740676062298       82.259140446160188276   565
126 8295.0777291300291836     1114.2866072324425204     570
127 8838.7302962497324188     2769.0842479196126078     574
128 8865.9582358223269694     688.30624676828756492    579
129 8734.6875955835475906     3470.7737735182372489     584
130 8792.0017277850583923     3230.3021473638573298     588
131 8538.8375009901046724     138.90905608657527637    593
132 8820.8542163339534454      65.814050334436231537   598
133 8784.2146475200588611     104.1893872069900624     602
134 8839.1654464565817761      35.968200985327058561   607
135 8843.6476379336636455     510.39365912564682048    612
136 8794.6936602734840562     1112.57636444372406       616
137 8792.1187537845416955     515.04517932292924343    621
138 8939.5317527379756939      55.803215324561790567   626
139 8163.7326477360875288     2557.1351482970467259     631
140 8154.5552290668529167     1697.045494400721509      636
141 8566.5344453573616192     3407.3316758002370079     640
142 8853.2242266954199295     516.161989811806734      645
143 8784.2223744567199901     2077.0033394382871847     650
144 8898.4264806061055424     327.67908064613624219    654
145 8938.3748097705938562      39.32865122963992377    659
146 8938.35009134018037       210.12885642323664115    664
147 8186.4650887510097164     1451.6797076133705104     669
148 8191.9529172107731938     1525.0260550771693033     673
149 9674.6130899784366193     837.95346219455541359    678
150 8542.0336414254452393     241.42366323919122806    683
151 8862.8705726899370347     1666.3358246517766474     688
152 8870.8652270932525425     257.46792358072156048    692
153 8937.7247782386275503     241.10262913876510993    697
154 8938.1141787834258139     442.81809639666494149    702
155 8984.9864043011148169      39.194243135155453217   707
156 9269.2310525947432325      39.127483777717472435   711
157 8937.7936500981795689      81.28235046431868227    716
158 9021.0217043424963776     1698.4579826981441784     721
159 8805.3999563396100712     2941.7084895386151402     726
160 9145.3469552799178928      36.289696129670780067   731
161 8951.3013080625205475     2022.0537195676654392     736
162 8950.4330004050170828     1238.6802294320593774     740
163 8946.0580623930545698     438.80492470203961375    745
164 8925.7320828902156791      85.729781758457519913   750
165 9095.3976922614128853      86.460121985324548177   755
166 8916.6559285776293109     117.99040843353191121    759
167 9466.416719689814272      133.19393544301442489    764
168 8857.3940082888875622      88.897378000286039423   769
169 9128.7363505534012802     224.68972444612509776    773
170 9542.4710789815871976     625.09863074418876749    778
171 8874.7517537241328682     1357.2642254621378015     783
172 9245.3950360647631896      36.171968488997080726   787
173 9144.1769812911297777      36.320957885611051097   792
174 9036.369024351131884       16.540465686462059836   797
175 8944.6209699497649126       5.7553863310004649279  802
176 8857.6767843752732006       6.1981487493966493929  806
177 8552.2777654940800858     5431.080729249468277      811
178 8673.973282118435236      4697.2136025653881006     816
179 8790.7141883274889551     4179.3037970142349877     821
180 9019.5287911204941338      10.921374656565554062   825
181 8949.8566647324569203     452.17654246528542217    830
182 9275.7698083430223051     313.48731259895657786    835
183 8945.3502908205227868     224.65258466911910773    839
184 8942.8067791028934153      26.921356417921220583   844
185 9025.8587396906168578     1893.4387640244242448     849
186 9130.7365956300163816      42.130490424627836887   853
187 8858.1609022544707841     184.72689575406050722    858
188 8674.3144487752288114     1700.6223897521474555     863
189 8674.7812673335811269       5.8297377463763417893  867
190 8880.6214450933275657       6.1410090997773059129  872
191 8600.6823343335872778     113.23070595238453961    877
192 9321.6057510078280757     1003.3607444600064582     881
193 8713.4594694858369621       5.2076092923299901472  886
194 8234.3139040504011064     3370.8841464921524675     891
195 8588.1614649852454022     538.43772759526427762    896
196 8620.2176045318192337      31.564012029651284053   900
197 8993.9312789323121251       0                      905
198 8884.3213646555595915       0                      910
199 8637.8639582961204724      14.90735036667545188    914
200 8227.9861082174011244     1856.7492662541390018     919
201 8636.4430873014171084     5239.7526535211227383     924
202 9115.8384904356607876       0                      929
203 8759.7106965567709267      21.985946310182765018   933
204 9239.0369732559956901     830.88037225822722576    938
205 8685.3265231123496051       0.79328518305397144328 943
206 8598.5031104101180972     1518.6875501378999616     947
207 8209.4510226327474811     8718.5129837074473471     952
208 8188.8942510569268052     193.83766629809062465    957
209 8188.0967849569024111     274.00951550052332095    962
210 8230.9672699038892461     5212.5673146167018785     966
211 9237.7914269924403925     868.60896280631129684    971
212 8765.090943950925066        0                      976
213 8188.3970809731245026       0                      980
214 8517.1195420682925032     13201.963518211658084      985
215 8113.3471834494330324       0                      990
216 8170.7337543484518392     173.17231224075572982    995
217 8093.6934861379804715     460.50811430063652097    1000
218 8082.3495700000366924       0                      1004
219 8333.7288981416950264       0                      1009
220 8083.3786527697920974       0                      1014
221 8742.6672781293145817     31010.906339320601546      1018
222 8088.7407548515247981     285.4203150431428071     1023
223 8101.5156017396511743     810.08934938678123672    1028
224 8107.5259596851437891       0                      1033
225 8115.9813249572325731     495.50951805127465377    1038
226 8295.3533731152183464     365.91624473110096005    1042
227 8632.8996320341411774     2265.8050970067979506     1047
228 12476.196411966560845       71.787236443936961905   1051
229 8147.9088355319609036     1123.1952750366776854     1056
230 8717.1886919106182177     919.99637918015150717    1061
231 8122.2908243027768549     151.69592841928823646    1066
232 8120.2640285575789676     109.27709323416219434    1070
233 8746.9645634983353375     13463.612979402543715      1075
234 9672.1414331290579867     39199.124093782920681      1080
235 8267.2980214500930742     13184.359439593126808      1085
236 8514.7660041724466282       0                      1090
237 8082.4462766773658586       0                      1094
238 8083.2839619000460516       0                      1099
239 8082.4506590251730813       0                      1104
240 8458.9336289511029463      32.501947411440703206   1109
241 8275.224499672285674       62.432603594508485401   1113
242 8500.2613547421715339      59.907515169791182075   1118
243 8199.2287433053879795     892.96567607655254051    1123
244 8088.9490416662292773       0                      1127
245 8086.4234055785054807       0                      1132
246 8088.3265223273947413       0.30211066516935108917 1137
247 8107.4015391624661788     1029.6827177081781883     1141
248 8085.8516229308024776     342.03871415019250435    1146
249 8119.0018845716613214       1.9942661269556460901  1151
250 8082.4729442032776205       0                      1155
251 8082.3655542841052011       0                      1160
252 8456.5181533620761911      34.479379058435384309   1165
253 8276.9995476334861451      59.837129593982922415   1170
254 8107.2509898946091198       0                      1174
255 8109.6010995548185747       0                      1179
256 8111.4281294881648137       0                      1184
257 8192.7056548387536168       2.0028964698062270422  1188
258 8198.5404966575461003      24.409640794333149927   1193
259 8529.582804742267399      1218.4137454068272746     1198
260 8196.7483920533704804     5974.7617320594818011     1202
261 8268.6122945434653957     3375.703525030010951      1207
262 8425.1873996335943957     3380.5237176934065246     1212
263 8525.0099992210452911     6251.2844867195844927     1216
264 8456.4388869275589968     462.52898615551674766    1221
265 8092.0577126274938564       0                      1226
266 8086.6852375400412711       0                      1231
267 8094.3087095054006568       0                      1235
268 8275.4191227430437721      60.242627984717849188   1240
269 8087.1646568673104412       0                      1245
270 8140.6464278681396536       0                      1250
271 8097.392081543634049       31.215476905821887499   1254
272 8160.4863259332687448     2754.581961747152036      1259
273 8123.2600507440929505       1.577157761392373958   1264
274 8125.1685038923060347     615.14801403145213499    1269
275 8128.5639796343612034       0                      1273
276 8235.1659673711310461     331.06008333926206433    1278
277 8131.3364850105817823       2.0584923874139811062  1283
278 8703.6901277692177246     809.11500280791051409    1287
279 8514.3400147519569146      25.771819901738250991   1292
280 8092.9343579731157661     163.73544080061964223    1297
281 8127.6028251851666937     558.09306620365146046    1302
282 8458.7385578443954728      32.651407078200037404   1307
283 8231.1198929038655479     123.00272952827300799    1311
284 8082.4561388912125039       0                      1316
285 8087.0451994108971121     120.69513639401174032    1321
286 8088.4551009313663599       0                      1325
287 8083.2011622427626207       0                      1330
288 8122.4852770339375638       0.55759594559124880941 1334
289 8086.3932830405801724       0                      1339
290 8106.8898454602922357     887.14581237528000202    1344
291 8112.7797369461277412       0                      1349
292 8099.084939946121267      447.75126512062570328    1353
293 8119.6798131597552128       0                      1358
294 8112.9688781568302147     429.59611118685080555    1363
295 8084.0279921931996796       0                      1368
296 8092.4122804152666504     271.43344830837901327    1373
297 8091.6556425937114909     832.72162316628543977    1377
298 8096.106809744430393      1039.2257809416353211     1382
299 8460.0051122129607393      29.879926792282937242   1387
300 8232.131021287123076      118.99265774317828459    1392
301 8089.5811734162125504       0                      1396
302 8087.071419706299821        0                      1401
303 8093.6438907688325344       0.00716379181816861974 1406
304 8088.4420432940714818       0.00293681690817349178 1410
305 8092.7647024034613423       0                      1415
306 8084.1067484919958588       0                      1420
307 8112.3715324218283058       0                      1424
308 8082.6573373150313273       0                      1429
309 8082.9131971661727221     347.64880971098909868    1434
310 8082.2796860068847309       0                      1438
311 8083.7853305644748616       0                      1443
312 8082.4826309042819048       0                      1448
313 8082.3273462634670068       0                      1453
314 8082.5759334560934803       0                      1458
315 8082.1127973930397275       0                      1462
316 8162.5176250015056212       4.2807526053645199582  1467
317 8085.5086363294340117       0                      1472
318 8085.5101303503724921       0                      1477
319 8082.8158145293800771       0                      1482
320 8082.4177055734407986       0                      1486
321 8465.9249597021971567      21.418512843475348006   1491
322 8244.7003173144803441      91.103074012224553258   1496
323 8084.6259812113512453       0                      1500
324 8087.2590959960343753       0                      1505
325 8087.2689962144268065       0.01261616389217773242 1510
326 8087.065200338498471        0.0051572211540774314  1514
327 8086.5366326867915632       0                      1519
328 8082.5769893845226761       0                      1524
329 8082.7391981395330731       0                      1529
330 8085.812829620874254        0                      1533
331 8102.7617998370315036     215.13461768868165791    1538
332 8088.5563535898809278       0                      1543
333 8157.1347396617875347       0                      1548
334 8230.3446920027308806       0                      1552
335 8689.2567219834272692      65.025588881071158198   1557
336 8087.1152307659986036       0                      1562
337 8082.3560896375674929     325.41907357648597099    1566
338 8091.9475673587703568       2.7984177199478108555  1571
339 8229.9330043223380926       0.14724241812880414781 1576
340 8096.8522679384941512     880.29968756575135558    1581
341 8144.4851631503743192     504.90088856283222185    1585
342 8100.2672571645935022     545.26743235637889029    1590
343 8151.7059353269887652       0.88676943394605878268 1595
344 8086.2635809279472596       0                      1600
345 8086.2595676285682202       0                      1604
346 8086.3211665638564227       0                      1609
347 8111.9885056468128823     318.26875789582004472    1614
348 8092.8701697013957528       0                      1618
349 8082.3787980485376465       0                      1623
350 8083.0964407743995253       0                      1628
351 8083.2311860206036727       0                      1632
352 8085.0277630524424239       0                      1637
353 8087.5381851292850115       0.02022231296830507771 1642
354 8086.9726952730798075       0                      1647
355 8094.491500276334591        0                      1651
356 8275.8935092066585639       0.01953190046189767076 1656
357 8082.4269748369279114     322.08314895265499445    1661
358 8083.288821396043204        0                      1665
359 8094.4659750470273138     304.27530117944547783    1670
360 8179.4551028194264291     323.35832573660491107    1675
361 8084.9308784248778466       0                      1680
362 8091.5980467214330929     1151.6592443891831863     1684
363 8091.6450781404309964     1147.4650080552539748     1689
364 8082.7953633173583512     349.29933668270376756    1694
365 8082.4722666420348105       0                      1698
366 8082.1893543492560639       0                      1703
367 8082.3590709617546963       0                      1708
368 8082.4425903295814351       0                      1712
369 8086.2799111573240225       0                      1717
370 8087.9299976930242337       0                      1722
371 8088.3061363222914224       0                      1726
372 8090.6456886967589526       0                      1731
373 8097.8089584746821856       0                      1736
374 8115.7572522318569099       0                      1741
375 8082.2996645670446014     326.20844632804835328    1745
376 8094.9244491039244167     134.19138695292502916    1750
377 8085.9815131753293826     391.78197984066071058    1755
378 8082.4381889503256389       0                      1760
379 8082.4139887172332237       0                      1765
380 8085.97210371633264       373.44990161575645971    1769
381 8082.7415623235274325     347.75513279531401167    1774
382 8082.4540661159553565       0                      1779
383 8082.3031923467578963       0                      1783
384 8082.3787756510391773       0                      1788
385 8092.0382708731876846       0                      1793
386 8082.1769710829303222       0                      1797
387 8082.6809564452014456     352.65865974179843079    1802
388 8083.1423248260771288       0                      1807
389 8084.1918476755863594     514.13690904695101835    1811
390 8084.3384490234338955     312.56118019268069474    1816
391 8087.7812097638925479     140.12363775964297474    1821
392 8091.8373596837991499      99.39720167833378639    1825
393 8092.2617790497879469     261.74606589317977523    1830
394 8083.7911597156426069       0                      1835
395 8085.2178723514871308       0                      1840
396 8082.0148838306522521       0                      1845
397 8084.20583355209601         0.00179200969229917849 1849
398 8083.4143089747467457       0                      1854
399 8103.094552436138656        6.2232784658886881601  1859
400 8088.729849308942903      175.00141472783684549    1863
401 8084.9033614927693634       0                      1868
402 8081.9861676865293703       0                      1873
403 8082.7146046236857728       0                      1877
404 8082.0360606274043676       0                      1882
405 8082.021714120109209        0                      1887
406 8081.9619998020707499       0                      1892
407 8094.6154179586510509       0                      1896
408 8105.7042663186803111       7.3869198327327918463  1901
409 8081.9522955187285334       0                      1906
410 8081.9595604842697867       0                      1910
411 8081.9486542707882109       0                      1915
412 8081.9741077472654069       0                      1920
413 8083.2261972286578384       0                      1925
414 8467.1144316163754411      20.297774496473209638   1930
415 8236.306898451231973      113.65500880160014674    1934
416 8082.1014702237143865       0                      1939
417 8090.086680746167076        0                      1944
418 8082.0000542469015272       0                      1948
419 8082.150745618288056        0                      1953
420 8082.9719162905666963       0                      1958
421 8088.5111312188309967       0.12630430147519722262 1962
422 8090.41594089557384         0                      1967
423 8090.4024296979623614     166.25648525200844574    1972
424 8089.8752303504006704      97.876565713850709471   1976
425 8097.4203859204626497     468.49160387128404182    1981
426 8115.7136170789472089     243.09717995650956368    1986
427 8113.3963142852726378       9.8193443837281684239  1991
428 8081.9318533186506102       0                      1996
429 8081.9948666585187311       0                      2001
430 8082.0363308194737328       0                      2006
431 8082.0473447971580754       0                      2011
432 8081.9556086708171279       0                      2016
433 8083.7202694555280686     311.96613662138719292    2021
434 8082.291252581811932        0                      2025
435 8085.1893507130198486       0.04642168650063115132 2030
436 8086.2334970365955087       0                      2035
437 8086.8128274053951827       0                      2040
438 8081.9349188398400656       0                      2045
439 8082.9528522352338769       0                      2049
440 8083.4952167012743303       0                      2054
441 8092.7858227325696134       0                      2059
442 8082.1893933598257718     339.01077463898116093    2064
443 8082.7791687501267006       0                      2069
444 8088.1843965880998439       0.16021939770106091716 2074
445 8091.9300027299814246       2.6342803257401277151  2079
446 8082.0716316434754845       0                      2083
447 8081.918787448207695        0                      2088
448 8082.0533585362318263       0                      2093
449 8081.9911371330590555       0                      2098
450 8081.9982381561503644       0                      2103
451 8081.9554634954711219       0                      2107
452 8081.9613438965006935       0                      2112
453 8083.6988597496874718     316.03150742258679884    2117
454 8082.3807890394264177       0                      2122
455 8081.9724190415472549       0                      2127
456 8082.0022963111068748       0                      2131
457 8083.1984535932770086       0                      2136
458 8083.6927771008904529       0                      2141
459 8087.452105835553084        0.30340416015173971021 2146
460 8086.4744060387592981       0                      2150
461 8081.9263538961158702       0                      2155
462 8082.0750206325910767       0                      2160
463 8082.8994275734621624       0                      2164
464 8089.7683113437278735      97.006727014955799859   2169
465 8087.9937323531175934       4.7931169118711451915  2174
466 8081.915516104035305        0                      2179
467 8081.97526913114325         0                      2184
468 8081.9281507394234723       0                      2189
469 8081.9714149210349206       0                      2193
470 8085.1289966151216504       0                      2198
471 8083.8738441468849487     342.75785936380572139    2203
472 8083.4173096286667715     311.64879258095101022    2207
473 8082.3065478875168992       0                      2212
474 8082.0429476817262184       0                      2217
475 8082.0533929583880308       0                      2221
476 8081.9203794707837005       0                      2226
477 8081.9679549985676204       0                      2231
478 8082.2485553513479317     342.09005960154621562    2235
479 8082.6242551931518392       0                      2240
480 8082.9751109619255658       0                      2245
481 8082.7561559052601297       0                      2249
482 8083.2225734081139308       0                      2255
483 8090.2170174423463322       5.4535284073868712795  2259
484 8084.9385887572170759       0.05906345435275921207 2264
485 8081.9302203895449566       0                      2269
486 8082.3063488334282738       0                      2274
487 8084.6308457148979869       0                      2279
488 8084.2349591239963047       0                      2283
489 8083.5489768530242145     309.20096513389592019    2288
490 8082.2812683211941476       0                      2293
491 8081.9536240400784664       0                      2298
492 8081.9933198353592161       0                      2302
493 8082.0400670582484963       0                      2307
494 8082.9973642547920463       0                      2312
495 8081.9899543931260268       0                      2316
496 8083.5240021098907164     341.24102442382701383    2321
497 8082.2090900619332388     331.85145088108896516    2326
498 8082.7533523686151966       0                      2331
499 8083.9106605091892561       0                      2335
500 8084.4885242331847621       0.01243411606265513482 2340
501 8092.2595243271125582     256.63385520759862857    2345
502 8082.8746622632043          0                      2350
503 8084.1731630113154097       0                      2354
504 8085.8121052789138048     654.36236060570092832    2359
505 8083.5572668294971663     308.67528720878692639    2364
506 8082.3000781066502896       0                      2368
507 8081.9234362827619407       0                      2373
508 8081.928566463046991        0                      2378
509 8081.9400048198604054       0                      2383
510 8082.9191081758044675       0                      2388
511 8083.026623708169609      320.55939350963643619    2392
512 8082.1613274428182194     332.23394583497565691    2397
513 8083.9884955984316548       0                      2402
514 8083.0007325325213969     322.15116088678820461    2406
515 8088.3665598438528832       1.9586032730573410543  2411
516 8083.622722558082387        0                      2416
517 8097.9754526504138994     940.85967704334632344    2421
518 8086.0111224222800956       0.03313821282474659763 2425
519 8082.7618473554075536     369.29884406503890659    2430
520 8082.8940398086242567       0                      2435
521 8081.9164449962099752       0                      2440
522 8081.9172324014280093       0                      2444
523 8081.9208200243074316       0                      2449
524 8081.9444769443598489       0                      2454
525 8081.9888256743861348       0                      2458
526 8083.6249743808712083       0                      2463
527 8082.9223788947847424       0                      2468
528 8082.1625053116522395     332.53839088270393631    2472
529 8084.5813583988110622     379.23813044455329191    2477
530 8091.3937130291869835     106.56479976103389617    2482
531 8081.9246942478057463       0                      2487
532 8082.0344108392228009       0                      2492
533 8084.0873644787561716     521.88213009886544569    2497
534 8081.9495463309785919       0                      2501
535 8081.9155516068603902       0                      2506
536 8081.9206495070820893       0                      2511
537 8084.1814559320309854       0                      2516
538 8081.9935658100766886       0                      2521
539 8083.9885393426411611       0                      2526
540 8085.1908267250810241       0                      2530
541 8087.6866704936846872       1.5362323243097819603  2535
542 8088.3138943076673968     111.46633333930084575    2540
543 8084.8795336060065893       0                      2545
544 8083.6765876733716141       0                      2550
545 8082.1605025784774625     333.37565450306823323    2554
546 8081.9904444413541569       0                      2559
547 8081.9171255172268502       0                      2564
548 8081.9151187665493126       0                      2569
549 8081.9229484476300058       0                      2573
550 8082.8192632082036653       0                      2578
551 8082.0460462933524468       0                      2583
552 8086.9285056278849879       1.424207930514788778   2588
553 8081.9155207554531444       0                      2593
554 8081.9191705067687508       0                      2597
555 8081.9429209166828514       0                      2602
556 8082.7535575608608269       0                      2607
557 8082.7989988746348899       0                      2611
558 8083.9778798264223951     548.1610270499733133     2616
559 8082.4919684207870887     357.71891229166817538    2621
560 8083.9929198818872464       0                      2625
561 8086.5956199250877035       0.95008394883026037192 2630
562 8085.5777346413260602       0                      2635
563 8087.1207421316721593     141.49370023518631001    2639
564 8086.0103664594898873       0                      2644
565 8083.5030204920021788       0                      2649
566 8083.5669770755985155       0                      2654
567 8085.9725336318224436       0                      2658
568 8082.1636453991786766     333.09223647733989537    2663
569 8081.9154192493651863       0                      2668
570 8082.7534164636772402       0                      2673
571 8081.9171294087445858       0                      2678
572 8081.9163619098035269       0                      2683
573 8082.9199913934398865       0                      2688
574 8083.9899556892496548       0                      2692
575 8084.9370609702145885       0                      2697
576 8086.5288152901157446       0.90126601310926324206 2702
577 8088.3138388602483246     111.14183705929168866    2707
578 8083.7824971523095883       0                      2712
579 8084.9319212115979099       0                      2717
580 8085.757154087611525      664.75498873171557079    2721
581 8081.9162248666279993       0                      2727
582 8082.9234475227231087       0                      2731
583 8082.9225881520123949       0                      2736
584 8082.1758738120615817     333.66771823267225727    2741
585 8088.3266083482740214     111.47886509995093718    2745
586 8084.3682849519291267     377.14742599392445754    2750
587 8090.7658562237702427      86.900446452686495036   2755
588 8092.1400069952624108     263.45483365120276176    2760
589 8082.2395021328011353     328.68808260516794917    2765
590 8082.2352511477938606     329.2396704119774995     2770
591 8081.9186758322175592       0                      2774
592 8083.6246737978426609       0                      2779
593 8082.7986017235534746       0                      2784
594 8084.9106977924693638       0                      2789
595 8081.9847604919104924       0                      2794
596 8083.9843793784175432       0                      2799
597 8084.854596975844288        0                      2804
598 8086.505247096291896        0.97603941994547849248 2809
599 8081.9172638838745115       0                      2814
600 8085.3306979879371283       0                      2818
601 8083.6263736010196226       0                      2823
602 8082.757334491147958        0                      2828
603 8082.9225979244638438       0                      2833
604 8084.0964235646715679       0.00035624976745126502 2837
605 8083.8045980255819813       0                      2842
606 8081.9721489654502875       0                      2847
607 8081.9756582679710846       0                      2852
608 8084.2588570033958604       0                      2858
609 8081.9193173883704731       0                      2862
610 8081.9193024226451598       0                      2867
611 8082.8036507160504698       0                      2872
612 8083.9933251506845409       0                      2877
613 8082.0111077183428279       0                      2881
614 8083.732745834958223        0                      2886
615 8084.4712524418800967       0.01073687024228092528 2891
616 8085.0660833485426338       0                      2896
617 8083.3556404658593237     346.64284924243048636    2900
618 8084.8575438513089466       0                      2905
619 8084.7988992853297532     587.21429759035265761    2910
620 8092.1412482571267901     263.29295427996277112    2915
621 8092.9996688861619987     292.92239436098191163    2920
622 8083.9756112238474088     547.48827181239278161    2925
623 8086.6428960883968102     125.89801050905950319    2930
624 8081.925202532493131        0                      2935
625 8083.6277244190077909       0                      2940
626 8081.9722428138538817       0                      2944
627 8081.9480346852324146       0                      2949
628 8082.8303979853917554       0                      2954
629 8083.9929471824361826       0                      2959
630 8084.0165625339195685       0                      2963
631 8095.6183402017150001     344.6471051202861986     2968
632 8086.033192392282217      674.00430160846542549    2973
633 8082.173353893874264      333.11368528479124507    2978
634 8083.9945086721381813       0                      2983
635 8081.9438584510317014       0                      2987
636 8083.7746515787102908       0                      2992
637 8082.166148232764499      331.70201113351868116    2997
638 8084.9281392693446833       0                      3001
639 8088.3466713316001915     110.62594974791473135    3006
640 8088.3200401864523883     112.13971983828901102    3011
641 8082.1723429173352997     334.79012136250503318    3016
642 8082.1594189824818386     333.07080908923359175    3020
643 8088.306483932721676      111.12929748926396201    3025
644 8082.4954242079738833     358.87015193793848766    3030
645 8081.9815468447695821       0                      3035
646 8083.5335980473792006       0                      3040
647 8081.9201433881307821       0                      3045
648 8082.1677156827408908     331.14881172054555236    3049
649 8081.9429966318448351       0                      3054
650 8083.6536518996817904       0                      3059
651 8085.3946119420370451       0                      3063
652 8083.4318791422310824     325.93745783201933364    3068
653 8086.5365397088162354       0.98574360458027998622 3073
654 8081.9233698682837712       0                      3078
655 8081.9790302871069798       0                      3083
656 8083.6735519312624092       0                      3087
657 8082.7997082776173556       0                      3092
658 8081.9887097762302801       0                      3097
659 8085.1880265672689347       0                      3102
660 8086.3160246266052127     448.9252180026418273     3107
661 8090.6948952423917945      87.08225051298174435    3112
662 8082.0036956308795197       0                      3117
663 8081.9822569468869915       0                      3122
664 8083.6601646202198026       0                      3127
665 8092.1773714267110336     264.05105642324804194    3132
666 8082.4910330404227352     357.111414235870825      3137
667 8083.9931649703712537     551.24866510717993151    3141
668 8092.146634412532876      261.48471485647758072    3146
669 8083.9689494969143198     549.51719843769330964    3151
670 8086.6694934745737555     125.69311757813700581    3156
671 8084.3176155517840016     376.82186720237359623    3160
672 8092.1681608233539009     112.56642128701048478    3166
673 8082.1636453991786766     333.09223647733989537    3170
674 8083.559331570674658        0                      3175
675 8082.7945571049376667       0                      3180
676 8083.686544005048745        0                      3185
677 8084.9247034399331824       0                      3190
678 8087.2269538230666512       1.6164392131315903356  3195
679 8088.3225361445511226     111.64644903179197399    3199
680 8084.1461442757963596     354.38043944856144662    3204
681 8082.1720281186780994     333.95146206974601455    3209
682 8089.0652219329203945     132.87766760837052971    3214
683 8082.9981389120839594     321.30702205297751561    3219
684 8088.3112017078110512     110.63846833698090677    3223
685 8082.1698047463150942     333.3970770596634452     3228
686 8081.9863458419313247       0                      3233
687 8082.0128243745584768       0                      3238
688 8084.1601970280198657       0.00114647375843006773 3243
689 8085.0710995482568251       0                      3248
690 8081.9167177763920336       0                      3253
691 8082.7582631589375524       0                      3258
692 8081.9472534606557019       0                      3262
693 8088.341083783270733      111.4411895012863738     3267
694 8082.1662878288416323     333.64622800430112193    3272
695 8091.393793275427015       93.704865959828239852   3276
696 8085.7454180222885043     422.95240959454201857    3281
697 8082.4911685311808469     357.42591302990200575    3286
698 8081.9842657931976646       0                      3291
699 8081.9870893957768203       0                      3295
700 8083.6292197299017062       0                      3300
701 8092.9956494618918441     293.0929292704929594     3305
702 8085.1932900971169147     395.71597546889910291    3310
703 8085.0507650890904188     614.1215510783067657     3314
704 8090.6101359740623593      87.513046449593630882   3319
705 8083.9859596901669647       0                      3324
706 8081.9472932199550996       0                      3329
707 8084.9005033137491409       0                      3334
708 8089.1544967543732128     117.61108264801966072    3339
709 8083.0093909940869707     322.9962376806608404     3344
710 8087.5359047267957067       1.4153444054858164147  3348
711 8082.0036956308695153       0                      3353
712 8084.063710188414916        0.00001992583384552545 3358
713 8084.0091520445503193       0                      3363
714 8083.3050357498741505       0                      3368
715 8081.987805000761           0                      3373
716 8081.9193024226551643       0                      3377
717 8081.9444901388505968       0                      3382
718 8084.0329551116928997       0                      3387
719 8081.9202332678105449       0                      3392
720 8081.9286684238049929       0                      3397
721 8089.1614210069383262     119.48276498482432828    3403
722 8082.180436996397475      336.18518527247147176    3408
723 8088.3078040217133093     110.80546265374479731    3413
724 8083.5728292567810058       0                      3418
725 8083.6261637895468084       0                      3422
726 8081.9291167664405293       0                      3427
727 8089.1629198795508273     118.13020130619263171    3432
728 8085.7452091336090234     651.44151066658616855    3437
729 8092.1519347317598658     263.80740967472661396    3442
730 8092.1337129187822939     262.52300470637214858    3446
731 8083.9783152727914057     550.3822947269644601     3451
732 8084.1910589860463006     375.66625063072683588    3456
733 8090.6442734754318735      87.602081221156737456   3461
734 8084.9701403796143495     416.57285794240851828    3466
735 8083.5967705689854483       0                      3471
736 8081.9945348779774577       0                      3476
737 8083.4831052363178969       0                      3480
738 8084.0226160387019263       0                      3485
739 8084.8623771691200091       0                      3490
740 8084.8752525063864596       0                      3495
741 8090.5681145892158384      87.784549158591644868   3499
742 8085.6062559518704802     418.19173769114570405    3504
743 8081.9711473956003829       0                      3509
744 8081.9508803801991235       0                      3514
745 8083.4773640256726139       0                      3519
746 8085.1838323355596003       0                      3523
747 8093.0866239844472148     331.73298485763376675    3528
748 8082.5000498271510878     359.74007184602783127    3533
749 8083.9855062337128402     548.35230898868326221    3538
750 8086.6483658166189343     126.95975836857290631    3543
751 8092.123565482851518      262.01021808770087773    3547
752 8085.047739847937919      616.98412419832823161    3552
753 8084.8324411956127733     403.64661551008276774    3557
754 8088.6826304006863211     101.27481589507186754    3562
755 8081.9964970094688397       0                      3567
756 8084.9275473588459135       0                      3571
757 8086.674432436531788      126.75401608107836182    3576
758 8092.1698876831005691     263.28001410230899637    3581
759 8082.5194311638533691     357.46983998067832999    3586
760 8087.1943144230426697     148.42541080439258394    3591
761 8089.0717212072195252     4460.2347786656055177     3595
762 8084.1769812437196379       0.00077988909912251637 3600
763 8085.0224926914297612       0                      3605
764 8083.5728292567828248       0                      3610
765 8082.7815163336154001       0                      3615
766 8082.7809968831252263       0                      3619
767 8082.8012256287383934       0                      3624
768 8085.2168661958321536       0                      3629
769 8084.3046737679405851     376.56916462909970278    3634
770 8081.9236315486032254       0                      3639
771 8081.9275590463748813       0                      3643
772 8083.4773640256726139       0                      3648
773 8081.995671463853796        0                      3653
774 8081.991707836941714        0                      3658
775 8082.8047455051364523       0                      3663
776 8084.8622309441207108       0                      3667
777 8084.8663088457687991       0                      3672
778 8084.0939202498248051       0.00003175456348237816 3677
779 8083.4540659036683792       0                      3682
780 8083.9570175600620132       0                      3687
781 8085.2104994393475863       0                      3691
782 8082.017206981234267        0                      3696
783 8087.4606915298818421     133.33490836309994165    3701
784 8082.4924401733615014     358.00110906883207917    3706
785 8081.9445026055864219       0                      3711
786 8082.0106232160696891       0                      3716
787 8083.5061058356332069       0                      3721
788 8081.9164202459787703       0                      3725
789 8081.9443276142001196       0                      3730
790 8081.946999268109721        0                      3735
791 8081.9877869282199754       0                      3740
792 8083.9306805091691785       0                      3744
793 8083.9888614348865303       0                      3749
794 8086.3787001762011641       0.74265199826243100123 3754
795 8084.0227124714883757       0                      3759
796 8084.8200612986956912       0                      3764
797 8086.6461067866357553     126.43516629327585576    3769
798 8081.9191948144716662       0                      3774
799 8083.5967705689881768       0                      3778
800 8089.1585425034736545     117.43899251072761558    3783
801 8082.1675192900283946     332.80885166625824922    3788
802 8089.4487081985425903     107.92053649989195208    3793
803 8084.8874515411489483     403.98219965986857005    3798
804 8088.3179417354185716     110.9746363848359465     3803
805 8083.4540659036656507       0                      3808
806 8081.9858504820695089       0                      3813
807 8083.9841287306526283       0                      3818
808 8087.4583589499798109     133.32083676523706117    3822
809 8082.4964167352145523     358.84859357047321282    3827
810 8094.6808363196914797     274.59227139192381628    3832
811 8085.9315995512924928     670.40141696046009656    3837
812 8081.9917741532453874       0                      3842
813 8081.9438694486516397       0                      3847
814 8082.7558430909612071       0                      3852
815 8082.780377877965293        0                      3857
816 8084.9910720207035411       0                      3861
817 8081.9206835495560881       0                      3866
818 8081.9448984766559079       0                      3871
819 8081.9428681556437368       0                      3876
820 8082.7552682246505356       0                      3881
821 8082.7813318836797407       0                      3886
822 8083.8713630045222089       0                      3891
823 8087.7099808792081603       1.4406146804223631808  3896
824 8082.1648761327587636     331.39796647914954519    3900
825 8081.9162446564741913       0                      3905
826 8081.9307655444699776       0                      3910
827 8082.0119760957632025       0                      3915
828 8091.5192031325641437     105.91276696507129884    3920
829 8092.159991618683307      263.02317760032735805    3924
830 8084.013266126596136      546.38248303404930084    3929
831 8084.7949804226918786     589.31605222785981368    3934
832 8092.1455120259834075     263.03687633818594804    3938
833 8084.1688942846531063     375.11103427376883701    3943
834 8083.6684886573548283       0                      3948
835 8082.9528777068044292       0                      3953
836 8088.3685969440093686       3.30257452423145903    3958
837 8082.1660247780400823     330.84516020889827814    3963
838 8083.5596564762572598       0                      3967
839 8081.928305316562728        0                      3972
840 8081.9968948648174774       0                      3977
841 8081.9907422604719613       0                      3982
842 8082.0224145480606239       0                      3987
843 8082.0180616830848521       0                      3991
844 8084.0209942992632932       0                      3996
845 8083.9926486939375536       0                      4001
846 8085.6512315675627178     419.77123122187992976    4005
847 8090.548111280253579       87.93396291678676846    4010
848 8081.9484294637795756       0                      4015
849 8086.6697913250545753     125.8713588345609935     4020
850 8082.4915085665943479     357.40441088859716956    4025
851 8083.9901044464622828     555.51604894051331485    4030
852 8091.3075582687288261     107.01213324781706149    4034
853 8092.1677745117895029     263.69887195412172787    4039
854 8092.1371463848099665     261.59384236080580877    4044
855 8084.0050754753756337     543.30856640142292235    4049
856 8084.335123604931141      376.61402784571424718    4053
857 8083.6512694914345047       0                      4059
858 8084.1424856051016832       0.00074765087063248753 4064
859 8085.0226246636038923       0                      4068
860 8082.7981385499060707       0                      4073
861 8085.9158898424057043       0.07598679311343904674 4078
862 8081.9206835495597261       0                      4083
863 8084.3812255333978101     377.45045475830363557    4088
864 8091.9884091938911297     113.83276097907251767    4093
865 8082.1660247780446298     330.84516020889492438    4098
866 8084.1152762680094384       0.00016713717359062699 4103
867 8081.9194838771300056       0                      4107
868 8084.0175497753934906       0                      4112
869 8088.3223852268320115     112.46588875374072813    4117
870 8081.9997902212689951       0                      4122
871 8084.0009842928275248       0                      4126
872 8095.7237796984200031     343.7758739329646005     4131
873 8085.8787475674898815     667.74795877462349836    4136
874 8084.9855097723320796     420.65234919420464621    4141
875 8087.4585440796854527     132.96654602099835074    4146
876 8082.4938134282556348     358.27294725493362648    4151
877 8085.5236101789305394     417.39190981770036615    4155
878 8082.4973270860018602     355.94080584194580297    4160
879 8081.9195003569848268       0                      4165
880 8085.1651424276024045       0                      4170
881 8083.5136043845386666       0                      4175
882 8083.9966952259455866       0                      4180
883 8084.0162617830137606       0                      4185
884 8084.0382609829139255       0                      4189
885 8083.9857632417515561     543.25239150426693868    4194
886 8082.7545114260919945       0                      4200
887 8082.78521707735581         0                      4205
888 8083.6292198761166219       0                      4210
889 8082.9544036169118044       0                      4215
890 8085.0411008830178616       0                      4219
891 8082.8030234908374041       0                      4225
892 8083.9971784219869733       0                      4229
893 8090.4559896935061261      88.340065766251214541   4234
894 8085.2743364036887215     397.13304501826610249    4239
895 8084.9792168039630269     419.09464401754252094    4244
896 8085.9161026571782713       0.06099335529712769655 4249
897 8082.8019485329887175       0                      4253
898 8084.8525272052638684       0                      4258
899 8086.647902027388227      126.78079346880450373    4263
900 8083.3867155472544255     347.56293630482832668    4267
901 8094.7415668644753168     272.41177388683155414    4272
902 8086.6709825841571728     704.04765946561269629    4277
903 8081.9191948144507478       0                      4282
904 8090.5270443510289624      87.944995028871787213   4287
905 8084.3611697674086827     376.89431827657216445    4292
906 8082.1628673016548419     331.98469205455342035    4297
907 8081.9296584639341745       0                      4302
908 8081.9325147048657527       0                      4306
909 8082.9484304515463009       0                      4311
910 8084.3213111096747525       0.00432765767147599758 4316
911 8084.8854555618518134       0                      4321
912 8083.4791753612907996       0                      4325
913 8085.2252683379620066       0                      4330
914 8081.9238411754049594       0                      4335
915 8083.642435071282307        0                      4340
916 8084.9932121683150399       0                      4345
917 8089.0570496759073649     132.32695756910345608    4349
918 8089.1669349456587952     117.95772756411008686    4354
919 8086.653658063201874      126.44894506134644985    4359
920 8083.9890967664459822     323.0071081541235003     4364
921 8092.1451496778936416     262.26763059684145674    4369
922 8084.8490084827517421     403.95959048665963564    4374
923 8085.0848029061289708     607.55003124518236746    4379
924 8089.2688939413328626     121.72128966163653274    4383
925 8081.9171255172286692       0                      4388
926 8083.3549110721678517     346.66390733595932261    4393
927 8083.8589354339055717       0                      4398
928 8086.4303231126714309       0.81630405427443430977 4403
929 8086.6726551048950569     126.22983054034095574    4407
930 8088.3152882093845619     110.81799840984875516    4412
931 8082.9190409795255619       0                      4417
932 8088.3102320428342864     111.63388668983984076    4422
933 8083.4324980859419156     327.51268258404553535    4427
934 8085.680808515845456      420.64847687291046441    4432
935 8090.5474620064796909      87.795553333827811571   4437
936 8081.9191705067632938       0                      4442
937 8082.7553443563374458       0                      4447
938 8089.6763512150837414     106.81791045149748243    4451
939 8084.6727042314969367     402.42557893586484852    4456
940 8082.1612705532816108     331.6806402587827165     4461
941 8081.9174166122047609       0                      4466
942 8083.684033052567429        0                      4471
943 8081.9205344467882242       0                      4475
944 8081.9175917182537887       0                      4480
945 8081.9174005135373591       0                      4485
946 8082.9237054621398784       0                      4490
947 8082.9197788563242284       0                      4495
948 8082.9239229939885263       0                      4499
949 8083.9709377528643017       0                      4504
950 8087.2454154494853356       1.5197226130008603118  4509
951 8082.1692125679974197     331.11532613991323615    4514
952 8082.9497577617958086       0                      4519
953 8082.1974816354895665     333.43943852942089734    4523
954 8084.8664214348400492       0                      4528
955 8085.1645669747786087       0                      4533
956 8082.1648761327533066     331.39796647914954519    4538
957 8083.9565065167762441       0                      4543
958 8085.0519401290557653     614.83139772916024413    4547
959 8085.2127928285253802       0                      4552
960 8088.2189867174856772      77.957854363172131684   4557
961 8081.9195738884627644       0                      4562
962 8083.794850384534584        0                      4567
963 8089.1503382155578947     118.11736519939685763    4571
964 8082.1628485197270493     333.92999809756719287    4576
965 8081.9929714388799766       0                      4582
966 8083.4834633991349619       0                      4586
967 8085.9269935267257097       0.09903046439053024563 4592
968 8084.0210800832710447       0                      4596
969 8084.8576839513652885       0                      4601
970 8082.80106074935793         0                      4606
971 8085.1935468103811218       0                      4611
972 8090.4655900360921805      88.228302380952698059   4615
973 8085.2868094086952624     396.98927755759075353    4620
974 8081.9956714638619815       0                      4625
975 8082.7545906771301816       0                      4630
976 8082.7873546992086631       0                      4634
977 8083.6315809060697575       0                      4639
978 8082.7833314573344978       0                      4644
979 8095.734088006723141      343.34163853581679859    4649
980 8085.8261208854528377     667.01190150180730143    4653
981 8082.1650741508246938     331.3765908188675553     4658
982 8082.9484890410913067       0                      4663
983 8082.9494417432724731       0                      4668
984 8086.2342000930557333       0.59937659497728856817 4673
985 8090.6767043030049535      87.342004110885866908   4678
986 8085.4930183373526233     415.66934544818411723    4683
987 8081.9231734627464903       0                      4688
988 8081.9242238314745919       0                      4693
989 8083.9735021608476018       0                      4697
990 8084.1258405069038417       0.00037862488562110546 4702
991 8081.9359085939477154       0                      4707
992 8082.9193661255876577       0                      4712
993 8083.8236279314851345       0                      4717
994 8084.1379706724110292     353.6957184832922394     4721
995 8086.4596237260748239       0.74807472034782951376 4726
996 8089.0536067746206754     132.50976145513874371    4731
997 8082.1591511230135438     333.90855555797838861    4736
998 8081.9973591352600124       0                      4741
999 8084.0013524558926292       0                      4746
1000 8085.6937132546108842     420.49980378114889845    4751
