1 9417.4529948741037515     165.63489842689205034    4
2 9745.5029933065270598     243.09640319278088327    8
3 9153.230166487128372      566.4256207413343418     12
4 9566.7864482950681122     183.75812850033409518    16
5 9589.3480330459588004     197.62323934982879337    20
6 9569.4096701808975922     180.32780809130787247    25
7 9419.808405264871908      231.22273529803089787    29
8 9431.9869817870603583     2034.8531312578490997     33
9 9758.307038953389565      1170.2739405458901274     38
10 8718.6953845336411177     224.91537810973977685    42
11 10226.58676032764015       395.00209998656873722    46
12 9569.3255142586203874     235.77409920157271017    51
13 9275.3181927468922368     161.43909664005931859    55
14 9040.5056969107699842     162.03256691749348306    59
15 9039.1004505015098403     238.25757278633338387    64
16 9583.4049157785229909      82.639867557999522774   68
17 9579.0752995720722538      68.690938630658607167   72
18 9246.2814039568329463     483.92404115199104808    77
19 9294.8309006665676861     292.09475195443246776    81
20 9574.3039094184678106      43.456995473439306465   86
21 9619.7159577183811052     3626.7382422908572153     90
22 9574.4715930934980861      33.890257762861793367   95
23 10270.453027886896962      114.81251761000878275    99
24 9036.5727648937208869     115.92333068596859391    104
25 9573.1284740575065371      14.287239932204540693   108
26 9572.1699314320376288      11.390441404443043538   113
27 9573.4909129311963625      15.566466583750308672   118
28 9428.8174442064700997       0                      122
29 9570.2289126253745053       8.744889248860861386   127
30 9570.0818259627976659      56.837987782386051094   131
31 10077.339261907847686      151.48804559394730518    136
32 9191.9221597741798178     446.44979436008731       140
33 9572.7611246342858067      67.519960295117527949   145
34 9207.033618984021814      352.62154614285742582    150
35 9572.6162094890569279      10.840094339813262536   154
36 9030.5611349715636607     405.60896074850199966    159
37 9426.2587087465999502       0                      163
38 9430.6937759966131125     100.55885339498058784    168
39 10266.863997760689017       10.415390616083353592   173
40 9178.3004940164519212     3953.5716295389006518     177
41 9779.433460914704483       12.939781444668673416   182
42 9139.3469587319032144       0                      186
43 8641.1396800855272886     449.79645428152429076    191
44 8924.6538130959361297     185.9057409659713187     196
45 9329.1460112601544097      31.849263679176441855   200
46 9430.9172573256273608       0                      205
47 9568.4094533274292189       8.2236551804774506991  209
48 11444.049147826248372      2955.9127768481685052     214
49 9274.7211631691261573      25.614195141338345962   219
50 8648.0459112324952002      80.231827352324984304   224
51 9876.4162492128580197      40.809075677606266197   228
52 9594.7570240470649878       7.4574514660909407837  232
53 9786.3733757347163191      30.428794906343846094   237
54 9569.1478894983283681       3.9024774987775407986  241
55 11459.001186077439343      4884.6833046861502226     246
56 9019.0267978997471801       1.8598924388760234017  251
57 8886.8644256866809883     4020.1437886985313526     256
58 9299.9207822794815002       0                      260
59 9428.1344607811552123       0                      265
60 9293.3117559740112483       0                      269
61 8828.264382347202627      100.26397188269581306    274
62 9567.2599267698333279      87.057843674239094867   278
63 8933.6200578920688713      17.545988914275703507   283
64 9033.1120365744991432     1023.5690260293217762     287
65 8812.4142671804693236       8.2341821017790284287  292
66 8533.7108791772916447     666.71588682627589151    296
67 9017.6257561737293145       0                      301
68 8670.714126930142811      1718.7976074007447096     306
69 8703.4911207324821589       1.2110017100844017168  310
70 8392.8945383707887231     315.42528390798651117    315
71 9017.8964261192795675       0                      320
72 8707.4590416648134124      13.12581374062893147    324
73 8551.5064013556893769      24.283219051663735399   329
74 8502.9677737364054337     252.17686764755816853    333
75 8494.1517009941544529     1118.1708990285105756     338
76 8526.4587216877644096     1322.4432971604819613     342
77 8664.2948007908507861     205.01692176068684148    347
78 9585.108335321305276      242.55428776535916313    351
79 8891.7592978966422379     170.47440689437726746    356
80 9495.3968908199694852     555.45021854813489881    360
81 8666.8096607870193111     3141.2400550451907293     365
82 8562.2058659322865424     1212.5532252081877687     369
83 13228.427226033518309      4239.9255032259943619     375
84 8640.2242565639626264     536.22606203670773084    379
85 8985.6715723089018866       0                      385
86 8854.7173753277766082       0                      389
87 8541.6038320088573528      20.262388875554329104   394
88 8798.8712654519367788       0                      399
89 9174.8087505095263623      94.816737955297824669   403
90 8731.566149822630905       14.392126075012887654   408
91 8543.8314124185690162      41.831787184638017152   413
92 8557.3713749731887219     112.86750413113779246    417
93 8582.689982304627847       32.51796685550503696    422
94 8646.5750290342584776     1044.0913173579178874     426
95 8711.7973125824682938     656.28277325407577791    431
96 8710.8545657616305107       9.433060708770454994   435
97 8712.3300284419674426       4.8677733474672670866  440
98 8426.6332277630936005      48.7915500032178997     444
99 8459.4073795756467007     1654.5721730067502904     449
100 9723.2711959903044772     3656.0917101478617042     453
101 11239.531061213046996      236.46358764037017863    458
102 8655.1276611088305799       5.8218752785909071434  462
103 9158.384199446763887       34.747723064099758972   467
104 8545.2835894484378514      25.134180828180639367   472
105 8484.5606850573130941      23.510741284078381597   476
106 8540.0983321102594346     104.22329374444552741    481
107 9596.0964859980413166      78.813062708349221452   485
108 8612.0872292739113618      19.876749194025734369   490
109 8584.051609121990623       12.468717000529393246   495
110 9285.0605514410453907       0                      499
111 8854.4131278222666879       0                      504
112 8704.4112611027812818       0.05991733088629332821 508
113 8415.0928039217596961      75.808618541061093765   513
114 8844.5156956232840457      28.041300178434887869   517
115 8703.9569538983869279      71.51009551992733293    522
116 8767.6697651368594961      32.424684969675382717   526
117 8862.1382741196630377       0                      531
118 9212.2369353261092328     946.95822280949789729    536
119 9136.923069992204546        0                      540
120 8493.7203876963121729      43.641255925352488987   545
121 8534.0245440500366385      15.564326880306630585   549
122 8324.7134520063300442     275.35636399317513678    554
123 9722.2251964921015315      40.330893122642805793   558
124 8661.8262361214583507     712.95403946441263088    563
125 8462.4391548290950595      65.432621934982250878   567
126 8627.8920482920439099      24.601767576637833201   572
127 8707.6698907384270569      99.722567132523579403   576
128 8730.8015947828534991      28.175680844713170359   581
129 8979.4066331155609078      16.822434771041830714   585
130 9159.4557037721915549     229.23240530218185995    590
131 9396.522095035381426       30.215177169724192652   594
132 8695.1110084464489773     218.10019406497190175    599
133 8758.0483725872982177       0                      603
134 9128.1928227071857691       0                      608
135 9006.0276573915925837       0                      612
136 8524.6075787048121128      19.455675682672993076   617
137 8466.5584231906232162      11.731424718960971276   622
138 8345.7731232485693909     493.98998675347866083    626
139 8456.7009019629786053      63.163043264759529904   631
140 8629.3789338838159892      60.695510437239185819   636
141 8813.1909164591561421       0                      641
142 8709.3627119278353348     607.61446082165730331    645
143 8866.824337938473036      528.31307185472098809    650
144 8897.8030272101477749       1.4867836174352242473  655
145 9400.3217383250612329      12.596616039728550263   659
146 8987.3664702763799141     262.57041544698466851    664
147 8887.9844806498367689     519.2327259538880071     669
148 8657.1403657434184424     540.90825493654392631    673
149 8600.4695097398653161     2169.6378979939781857     678
150 8939.0696738940096111       0                      683
151 8870.9519077030090557       0                      688
152 8974.0409015103268757       0                      693
153 9006.2238248278499668       0                      698
154 9007.6151469071774045       0                      702
155 8340.6711217900356132     476.69513034402802987    707
156 9561.2588244438447873      87.559451586211892504   712
157 8571.688987593708589      735.25174108098826764    717
158 8764.7456053683181381       0                      722
159 8710.0602506388840993       0.02654763823724791416 727
160 8693.1877874260862882       2.0872113432275032352  731
161 8556.0500970718967437      23.997576551210404006   737
162 8715.5508279223849968       5.6813155695985679827  743
163 9151.9135532935688389       0.11370168439563076157 747
164 8781.9207664193581877      91.461824756523839142   752
165 8889.101492997013338      225.5555066070989767     757
166 9011.5679006704467611     249.74132472855106357    762
167 8813.9147582939931453     185.77534584937259865    768
168 8727.1735713996749837       0                      773
169 8864.45915596584382         0                      777
170 8854.3524968974143121       0                      783
171 8961.9375540099335922       0                      788
172 8915.7203013884482061       1.1336461485126845261  793
173 8392.4079486523969535     182.7480303163030726     798
174 9397.8209961677639512     105.69935061644939367    803
175 8601.5631080309321987      12.891515427971921071   808
176 8620.1939136613473238     323.43367693992752265    813
177 8709.9700747860479169      11.256377735590870515   818
178 8948.6444984418249078       0.09329834483350055163 823
179 8712.282562663902354      100.93767257775802193    828
180 8710.7687691427872778       0                      833
181 8715.9948262400503154     106.15668096058891479    838
182 8845.8972651202766428       0                      843
183 8334.6173007349880208       0                      848
184 8602.9127410037726804     2326.9431840611450752     853
185 8871.5779576130662463       9.9085361222229604294  859
186 8340.5139328204877529       0.00005807981331932999 863
187 9862.71700485745896       377.16440225679332343    868
188 8270.7862832705868641       0                      874
189 8697.4011379834100808     110.77126374336356207    879
190 8365.2292365466964839       0                      884
191 8265.9908637264907156       0                      889
192 8625.8534819280066586      96.142464997234981183   894
193 8430.2568333073522808       6.5771338026160357515  900
194 10208.539343089505564        1.7137941522762909496  905
195 8469.8177830049571639       0                      910
196 8263.9748696597889648       0                      915
197 8510.2801509993951186       0.86332703832305923708 921
198 8615.8041602885568864       5.1402919136952132106  926
199 8544.8775157060408674       1.0542262084009723644  931
200 8761.192498138969313        0.00775970232850888963 936
201 8550.5265538858966465       8.7703437294731561025  941
202 8482.1560479400268378      47.08384296941051872    946
203 8443.4900181739722029      20.705721122189981287   951
204 8160.3500140995747643     921.02129815782643618    956
205 8157.2112777701149753      81.847937264273042501   961
206 8664.4208548237202194     638.0767679685782241     965
207 8928.8262450895945221     2107.6619971921832075     970
208 8209.1563871248799842     1944.873480504006011      975
209 9160.0786073299532291     7361.6959615214327641     981
210 9244.1123420365038328     5790.9834536060989194     986
211 8431.0981454182528978     2426.4732075259166777     991
212 8645.4666831724098301       0                      997
213 8334.6460760265836143       0                      1002
214 8556.8269238351458625      35.769381021282100619   1006
215 8305.6477534716468654       0                      1011
216 8298.2153767719773896       0                      1016
217 8542.0523878941348812      59.712241899906565834   1021
218 8611.9613449571188539      13.446447766148157399   1026
219 8308.0519188047383068     151.50817053460778538    1031
220 8319.2747126216490869     735.68812296195244471    1036
221 8409.822690901643          87.898111321618472402   1041
222 9458.8089800579873554     241.77593406633249629    1046
223 9340.3558826296521147     125.45718803395149621    1051
224 8663.3137689951690845     812.63086543851193255    1056
225 8340.6867999567748484       0                      1061
226 8463.5451630300412944       0                      1067
227 8659.3338335617681878       0                      1072
228 8672.3354134481287474       4.814112168597032948   1076
229 8263.5024058634226094       0                      1081
230 8294.0069446004363272       0                      1087
231 8345.8946879339109728       0                      1092
232 8345.8079561051254132       0.97071322953951011403 1097
233 8344.0413703919457475       0.09935941811020276848 1102
234 8542.3342730990734708      19.832654032117961407   1107
235 8559.1445461632793013      23.422601980466833282   1112
236 8200.6346542312494421       0                      1117
237 8154.8160283270854052     366.65558926900013148    1122
238 8322.9121188972112577       0                      1128
239 8366.1739386756071326       0                      1133
240 8603.9640028218545922      14.073943324336823935   1138
241 8190.0042084119904757       0                      1143
242 8356.3104239341519133      86.725876081867113498   1148
243 8263.0668195009147894       1.7851515655900007662  1153
244 8816.5940888176610315     893.73960843612405824    1158
245 8542.9351681343596283      22.567238460260167443   1163
246 8604.4714967202489788      11.921390330642228861   1168
247 8110.9572039981176204       0                      1173
248 9078.0545153291986935     190.22233960925390761    1178
249 8227.7328743914913503       0                      1184
250 8163.0735489566486649       0                      1189
251 8622.1955260608447134       0                      1194
252 8113.7599485269038269       0                      1199
253 8384.1230268128383614       2.2753104243526491857  1204
254 8132.3386784198646637       1.0496485879196779667  1209
255 8244.342980887809972       31.891256323912784865   1214
256 9070.498029798243806       29.936266443408960924   1219
257 8551.7897443787187512     730.27781674071513862    1224
258 10772.5703561445589        969.43562140592121068    1229
259 8348.7839605234839837      15.057678464734662427   1234
260 9428.449194636545144      1359.6958017627994195     1239
261 8437.3157435212451674     278.21337857572467556    1243
262 8286.9893989514766872     1907.4486211879197981     1249
263 8198.4391948628654063       0.81956029815272513073 1254
264 8176.1592406529925938       0                      1259
265 8825.1320984538961056       5.5540407173706176636  1264
266 8756.3951429748540249       0                      1269
267 8303.9333208993921289      10.039980124757880375   1274
268 8308.3040228609697806       0                      1279
269 8125.1009370470801514       0.14559599970012887526 1284
270 8136.8063442067614233       0                      1289
271 8106.3722805697780132       3.1367375986961869572  1294
272 8143.9979104459271184       0                      1299
273 8162.9806238652145112       0                      1304
274 8110.1689203153891867       0.8793454057233713872  1309
275 8173.3333410134919177     162.73689392996672609    1314
276 8222.4119537266178668     342.84383086354938541    1318
277 8921.988469511790754      241.25755450647835687    1324
278 8206.3955300702200475       0                      1329
279 8121.9265915672012852       0                      1334
280 8586.944944719058185        1.3111439291483584224  1339
281 8410.3215026527868758      11.583481549005167466   1344
282 8088.948397544691943        0                      1349
283 8388.5408139861647214      14.728738456805709589   1354
284 8337.7401679820140998       1.880340733026125033   1360
285 8426.5451909654257179      12.527432100513385294   1365
286 8328.7058189737872453       0                      1370
287 8589.2083948202671309       3.3308242435727786201  1375
288 8173.6709628435892228      14.816176670120800196   1380
289 8175.9507718719059994       0                      1385
290 8147.5580548643174552       0                      1390
291 8087.082473961047981        0                      1395
292 8094.3432170690030034     135.44140749557783465    1400
293 8331.5933824193161854       0                      1405
294 8112.9189510746036831       0                      1410
295 8661.3842202805644774       0                      1415
296 8251.6225392408705375      29.571515442965395692   1420
297 8086.2751785882619515       0                      1425
298 8168.1039026986254612       0                      1431
299 8299.6435268760433246       0                      1435
300 8104.3590655403068013       0                      1440
301 8660.3031898316239676       0                      1445
302 8296.053141727057664        8.8535894582659153684  1450
303 8119.1981917014600185       0                      1455
304 8120.4059643528089509       0                      1460
305 8278.4165958461962873       0                      1465
306 8115.0697995592181542       3.9585728843635239471  1470
307 8125.8182745805033846       0                      1475
308 8106.2218611201060412     146.53741628653563112    1480
309 8126.8029316773645405       7.5131373828605996223  1485
310 8231.872831184820825        0                      1490
311 8087.0664136984923971       0                      1495
312 8501.9411333654788905      30.049415803916648571   1500
313 8114.8840871258435072       0                      1505
314 8123.3142131722443082       0                      1511
315 8111.2101477317537501       0                      1516
316 8237.356024936761969        0                      1521
317 8734.2450752839577035       1.1475304592714332674  1526
318 8260.8479608530251426      22.875486647450884448   1531
319 8106.2892561671360454       0                      1536
320 8089.3416773348599236       0                      1540
321 8101.352130694229345        0                      1545
322 8090.1570169759115743       0                      1550
323 8099.0252316708265425       0                      1555
324 8088.1286815620351263       0                      1560
325 8108.8402530675903108       0                      1565
326 8087.9523073880391166     350.79715798309513275    1570
327 8171.0868947116450727     227.74512657122204473    1575
328 8638.2801171554565371     669.22124948638372643    1580
329 8093.5458451552440238      92.602973282130292887   1585
330 8094.0686954379552844      18.711943121634011078   1591
331 8097.2405257025429819      12.784884876186190183   1596
332 8176.888732058370806        0                      1601
333 8667.6406281111085264       6.2752888068250145537  1606
334 8227.0873634124018281      21.180263582933566369   1611
335 8367.6398512728210335       2.5501710112049966739  1616
336 8086.908506504192701        0                      1621
337 8087.9424214000719076       0                      1625
338 8087.0783961637698667       0                      1630
339 8096.9793824234366184       0                      1635
340 8090.9988311135648473       0                      1640
341 8086.8510838852307643       0                      1645
342 8090.4945336838827643     156.61397823152879027    1650
343 8087.6768368053899394     331.64551132517033238    1655
344 8322.4860737041253742       0                      1660
345 8092.5590174335884512       0                      1665
346 8099.5546108999933494     424.69138199270719269    1671
347 8096.0280306651011415     457.80550635477857213    1676
348 8089.6696432847556935     307.81334869043496383    1680
349 8087.0242299997498776       0                      1685
350 8086.4658588855527341       0                      1690
351 8086.9448187769594369       0                      1695
352 8086.5014561643829438       0                      1700
353 8087.296762447560468        0.01283960275698938294 1705
354 8348.1091982757679943       0                      1710
355 8086.4028533313430671       0                      1715
356 8091.9285175927907403     112.21677457648075915    1720
357 8088.0870793792691984       0                      1725
358 8087.0476865182772599       0                      1730
359 8337.0519133505895297       0.21219106407885690579 1735
360 8087.9516104670501591     354.75618509152621982    1740
361 8085.075715919510003        0                      1745
362 8088.3419148202501674       0                      1750
363 8086.2681619032473463       0                      1756
364 8086.2597163834598177       0                      1761
365 8087.1544146252163046     317.10093553670930078    1766
366 8086.5095330216681759       0                      1771
367 8085.7043973476493193       0                      1775
368 8085.2191954024656297       0                      1781
369 8085.0452986184045585       0                      1785
370 8086.3216533010136118       0                      1790
371 8090.4208375574535239       0                      1796
372 8090.9575550592926447       0                      1800
373 8587.1758249470858573      46.41571803678502306    1805
374 8208.29876321357915        16.228460663965343258   1810
375 8085.0380267624850603       0                      1815
376 8085.780041525177694        0                      1820
377 8084.8809709243541874       0                      1825
378 8095.9335273926963055       1.2169820134088635832  1830
379 8083.8566033989300195       0                      1836
380 8106.4174025187430743     243.97117110624677139    1841
381 8184.5024345598103537       0                      1846
382 8107.8783794995388234       0                      1851
383 8110.2427137803506412       0                      1856
384 8230.9451218133599468       0                      1861
385 8746.2876340587099548      10.142682060912063591   1866
386 8257.6078473000998201      37.290843809089757599   1871
387 8085.2434900819889663       0                      1876
388 8110.3161583550290743       0                      1881
389 8083.8650698232786453       0                      1886
390 8084.863213206650471        0                      1890
391 8096.4320759720267233       0                      1896
392 8126.254103222269805        0                      1901
393 8084.7142772742490706       0                      1906
394 8089.1728702183636415     110.71595122741649675    1911
395 8271.8260373102548328       0                      1916
396 8472.4662745062287286      13.723999335023906454   1920
397 8086.2295386178220724     414.17064875123952561    1926
398 8083.6764958471439968       0                      1931
399 8104.8822116996643672      28.35680468703304058    1936
400 8237.8731367819491425       0                      1942
401 8290.9210669765852799       0                      1947
402 8082.8527651098311253       0                      1951
403 8083.3641756569586505       0                      1956
404 8084.8741755735782135       0                      1962
405 8225.1369430892391392       0                      1967
406 8083.7301799922934151       0                      1972
407 8723.6312379476476053       8.1466275491069080061  1977
408 8235.8558965886495571      31.91780116748117635    1982
409 8092.5627534922814448       0                      1987
410 8082.8352658455951314       0                      1992
411 8082.7926811560273563       0                      1996
412 8082.7540560113120591       0                      2001
413 8082.6764090878959905       0                      2007
414 8082.5889522223724271       0                      2012
415 8228.304351449922251        0                      2017
416 8230.2026877402549871       0                      2022
417 8095.1420443962406353       0                      2027
418 8757.7870111113079474       9.3529106440445612947  2032
419 8275.4021612162068777      43.254386986158884554   2037
420 8092.3117112862564682       0                      2042
421 8083.3928771576820509       0                      2047
422 8082.624064532774355        0                      2052
423 8090.1963167375606645       0                      2057
424 8086.966315731557188        0.97821511190345467046 2061
425 8088.8426212639615187       0                      2066
426 8112.0728249918120127     259.63562091951706634    2071
427 8121.0414250897265447     165.38085275082457315    2076
428 8240.209184363427994        0                      2081
429 8542.3937644638845086      34.13065725066695677    2086
430 8083.6361224089305324       0                      2091
431 8085.0256793611761168       0                      2097
432 8085.1952271958525671       0                      2102
433 8404.1678521913436271       2.7498874535500479332  2107
434 8413.4992136462242343      17.452679785249799238   2112
435 8669.7868851386519964      14.746693036068553084   2117
436 8222.0078505484689231      26.379853479263378091   2122
437 8082.6695350439240428       0                      2126
438 8085.5972578514301858       0                      2131
439 8083.5564198325655525       0                      2136
440 8082.6167445070359463       0                      2141
441 8092.8998112997724093       0                      2146
442 8085.0565340668572389       0                      2151
443 8084.3852746613238196       0                      2156
444 8084.4500251852732617     344.09024881244783955    2161
445 8315.4867458585649729      93.644190536518891577   2166
446 8377.04552548204083       451.7278710189310118     2171
447 8089.1057677108383359      98.407559891666252838   2176
448 8083.0458289543739738       0                      2181
449 8083.7424630658842943       0                      2186
450 8087.8741683792586628     281.67698942530557815    2191
451 8084.365885275614346        0                      2196
452 8082.6652132155859363       0                      2200
453 8082.8246655570619623       0                      2205
454 8082.7215018625647645       0                      2210
455 8083.1247988466393508       0                      2215
456 8083.3825464433184607       0                      2220
457 8083.3969849984077882       0                      2225
458 8084.4423148355699595     345.95719634145439159    2230
459 8084.0489885226206752       0                      2235
460 8332.1470881879686203       0                      2239
461 8352.2825730263939477       3.3452074649141674278  2244
462 8091.2230470442291335     138.24772965530232227    2250
463 8083.5027822845740957       0                      2255
464 8084.5237502439867967       0                      2260
465 8086.3384955800393072     298.08314924092019282    2265
466 8082.9096541864537357       0                      2270
467 8083.3910623454139568       0                      2275
468 8082.6335743852996529       0                      2280
469 8082.8559489310828212       0                      2284
470 8083.5578926495199994       0                      2289
471 8082.6828599852005937       0                      2294
472 8336.1149539776051824       0.48270299530575894176 2299
473 8082.8986944418757048       0                      2304
474 8083.4534964193780979       0                      2309
475 8087.4682749578942094     127.37398208825561596    2314
476 8346.9634986776291043       0.34590139673820963218 2319
477 8082.6201674878129779       0                      2324
478 8082.5469221125640615       0                      2329
479 8096.1469828710842194     412.53639900189023138    2334
480 8085.0514166331613524       0                      2339
481 8085.4735095637170161       0                      2344
482 8086.829560823216525      291.55565897618060944    2349
483 8082.865605027134734        0                      2354
484 8082.416691179877489        0                      2359
485 8095.7270772766678419      62.307188262608818263   2364
486 8082.2259045064301972       0                      2369
487 8082.5702700328674837       0                      2374
488 8082.3088829931530199       0                      2380
489 8082.2615524473521873       0                      2385
490 8290.3323923500647652       0                      2390
491 8296.3041956197066611       0                      2395
492 8085.3900465920414717     285.15574236660654606    2400
493 8084.243243024129697        0                      2405
494 8082.4633371698892006       0                      2410
495 8082.218923048932993        0                      2415
496 8082.207853666446681        0                      2420
497 8082.2636089981733676       0                      2425
498 8082.9510674529319658       0                      2430
499 8082.9293676796141881       0                      2435
500 8290.7645435363119759       0                      2440
501 8357.5996465990592696      55.566636827338527382   2445
502 8085.7559704771874749     284.04326007345298422    2450
503 8084.1361065458058874       0                      2455
504 8084.2452331293143288       0                      2460
505 8084.677178445221216        0                      2465
506 8084.1151586868118102       0                      2470
507 8085.3669092647114667       0                      2475
508 8089.2459194615630622      72.360138657843918963   2480
509 8095.498427376734071       34.917638319742692943   2485
510 8087.9418068383483842     464.23065103383214591    2490
511 8090.5061599562832271      92.090521787683911725   2495
512 8330.6593775513829314       0.12331151638302184637 2500
513 8360.2353849781884492       0.69976015280395631457 2505
514 8095.0061315966713664      51.273381409798311381   2510
515 8083.8079307915577374       0                      2515
516 8083.8423674940313504       0                      2520
517 8307.9793519764461962      28.974661903611110603   2525
518 8309.698585540509157       28.969964563815615577   2530
519 8084.7855802069379934     293.98302463440251131    2535
520 8082.6582762374318918       0                      2540
521 8082.2430512005039418       0                      2545
522 8082.4497859521788996       0                      2550
523 8083.0806864632595534       0                      2555
524 8082.363820673367627        0                      2560
525 8082.5461136180947506       0                      2565
526 8083.9270239407633198       0                      2570
527 8084.4224468711845475       0                      2575
528 8088.8067998596097823     105.44504183457286217    2580
529 8337.0534645313800866       0                      2585
530 8344.1120047867152607       0.01139497436018862761 2590
531 8088.1943408884899327     438.81124098574719028    2595
532 8082.5157469178111569       0                      2601
533 8082.6459537302043827       0                      2606
534 8344.1244813631674333     360.4782941271610639     2611
535 8309.7539446041428164       0                      2616
536 8085.136596745267525      289.74129480008423343    2621
537 8082.5900358366025102       0                      2626
538 8082.1382052591370666       0                      2631
539 8082.1544463888258178       0                      2636
540 8082.1525947975060262       0                      2641
541 8084.4117531855245034       0                      2646
542 8310.5057111731130135       0                      2651
543 8311.3910396818646404       0                      2656
544 8084.321325411725411      294.89587394452200897    2661
545 8082.6474915932603835       0                      2666
546 8082.1635767996531285       0                      2671
547 8082.1745046308069504       0                      2676
548 8082.1829667207748571       0                      2681
549 8082.9224943860008352       0                      2686
550 8082.3021143860751181       0                      2691
551 8083.0522568064461666       0                      2696
552 8082.1548958538596708       0                      2701
553 8086.9344941242716231     121.84276957999098556    2706
554 8330.3066087763545511       0                      2711
555 8351.6451544540359464       0.19149543514007960621 2716
556 8082.2264156579676637       0                      2721
557 8085.5162694415721489       0.12184108944895052917 2726
558 8086.745322282037705        2.2557812090445978903  2731
559 8083.6203042287388598     301.02843463344868269    2736
560 8082.7331224383833614       0                      2741
561 8082.1648021198416245       0                      2746
562 8082.9394136894798066       0                      2751
563 8082.1438381997240867       0                      2756
564 8082.1060658176202196       0                      2761
565 8082.2350329046466868       0                      2766
566 8082.1008573556737247       0                      2771
567 8082.2186447822214177       0                      2776
568 8082.0346583078708136       0                      2781
569 8082.9556428008363582       0                      2786
570 8081.9856283664548755       0                      2791
571 8082.1647510945986141       0                      2796
572 8083.3635431947932375       0                      2801
573 8278.0920756991999951     149.50701514472464737    2806
574 8276.308774774095582      151.30946483855643692    2811
575 8085.816468201227508      295.5575892407452443     2816
576 8082.6680985658986174       0                      2821
577 8081.9418747620602517       0                      2826
578 8094.9391115762955451     374.02804625864774835    2831
579 8085.40105004691668         0                      2837
580 8296.1216618050821126      20.119475184396232947   2842
581 8296.5285977781586553      19.754733382551453502   2846
582 8085.9911917800127412     293.32917859514890324    2852
583 8082.625982439632935        0                      2857
584 8082.1082354364098137       0                      2862
585 8081.9327701789306957       0                      2867
586 8082.043286189704304        0                      2872
587 8082.013976474955598        0                      2877
588 8082.0434594247853965       0                      2882
589 8295.1510370558298746       0                      2887
590 8297.5172494069993263      35.165915121773167584   2892
591 8084.231810726684671      292.50326011058854192    2897
592 8082.5874728777980636       0                      2902
593 8081.9451893177720194       0                      2907
594 8082.0915223068568594       0                      2912
595 8081.9384857292561719       0                      2917
596 8083.2175391295631925       0                      2922
597 8083.4934378591206041       0                      2927
598 8083.4479601918083063       0                      2932
599 8083.0359964828658121     309.73488175455037208    2937
600 8083.3487277166877902       0                      2942
601 8339.1827163383932202       0                      2947
602 8345.6134160781130049       3.8995968706982280239  2952
603 8081.9259119020525759       0                      2957
604 8081.9387206023156978       0                      2962
605 8082.7829869054012306       0                      2967
606 8081.9734416163400965       0                      2972
607 8278.2550745702774293       0                      2977
608 8341.6428704639365606       0.0838582589163056058  2982
609 8084.7865558609246364     311.34852578975340975    2987
610 8082.4715687947209517       0                      2992
611 8082.0850884899236917       0                      2997
612 8082.654331415345041        0                      3002
613 8085.2604373421190758       0.06407570152934731478 3007
614 8082.1972440380759508     335.57849070099803157    3012
615 8082.977913088609057        0                      3017
616 8085.8500056546745327       0                      3022
617 8087.0419596594538234       0                      3027
618 8328.220538138943084      315.47687819615538274    3032
619 8366.4563749169828952      59.949369411666488361   3037
620 8081.9800904704761706       0                      3042
621 8321.4867136542234221       0                      3047
622 8082.3465439307392444     324.73528568270779715    3052
623 8082.0463006048566967       0                      3057
624 8081.9884026763302245       0                      3062
625 8081.9308856958614342       0                      3067
626 8081.980398645002424        0                      3072
627 8081.9865974835156521       0                      3077
628 8082.928513058176577        0                      3082
629 8082.760723611461799        0                      3087
630 8089.0919106838100561     125.17838092907362579    3092
631 8082.2621547098488008     340.43764595314195276    3096
632 8342.9774784982473648      87.368610330219240723   3101
633 8345.363072557202031      424.30619184702993607    3106
634 8081.9201980625457509       0                      3111
635 8081.9206506800455827       0                      3116
636 8082.2751548135356643       0                      3121
637 8320.5345463577068585       0                      3126
638 8319.1100260875282402       0                      3131
639 8082.471407895592165      322.77157539592622015    3136
640 8082.0336100896865901       0                      3141
641 8081.9989409757936301       0                      3146
642 8082.1804704972137188       0                      3152
643 8082.1287433831703311       0                      3157
644 8082.9238194895006018       0                      3162
645 8082.1564101694466444     333.94258985249945226    3167
646 8082.7837210702318771       0                      3171
647 8083.3686021371559036       0                      3176
648 8085.5481204793677534       0                      3181
649 8327.4224265299344552      98.622366695740495857   3186
650 8360.0543704673436878     397.05221133646205089    3191
651 8094.0363369361994046     138.64795050505185259    3196
652 8082.0130149715305379       0                      3202
653 8329.3550719059712719       0                      3207
654 8082.5410723875274925     323.0172588531099791     3212
655 8082.020091050211704        0                      3217
656 8082.1574749381852598       0                      3222
657 8081.9258327872512382       0                      3227
658 8081.9915558857874203       0                      3232
659 8081.9162446564741913       0                      3237
660 8081.9213530291171992       0                      3241
661 8081.9842507208759343       0                      3247
662 8081.9467038278080508       0                      3252
663 8082.5728423049067715     323.58291746854638404    3257
664 8082.0104299138811257       0                      3262
665 8081.9172030414929395       0                      3267
666 8081.9445026055864219       0                      3272
667 8081.9950663088711735       0                      3277
668 8081.9870893957768203       0                      3282
669 8082.1883256527980848       0                      3287
670 8082.7540234446432805       0                      3292
671 8082.919728974255122        0                      3298
672 8082.1596588948004865     332.82145692804937198    3302
673 8348.3322211287140817       0.0784777699788563321  3307
674 8334.356026201383429        0.49578900072969983581 3313
675 8082.0019306721478642       0                      3318
676 8081.987953059823667        0                      3323
677 8083.9254680198373535     315.27765663813357833    3328
678 8329.3895270932171115       0.58274735648681130762 3333
679 8082.5515889704684014     323.07907420038878854    3338
680 8082.021653195253748        0                      3343
681 8082.7546523790242645       0                      3348
682 8081.918787448196781        0                      3353
683 8081.9174166122047609       0                      3357
684 8081.9769970872575868       0                      3362
685 8082.9199087543902351       0                      3367
686 8086.6621968134004419     128.18083197131775819    3372
687 8092.1095795888159046     137.4544351257424637     3377
688 8340.0110131870969781      89.679234540507621887   3382
689 8347.9426173287301935     417.1230633423149925     3387
690 8084.0289444442341846     349.19095413664149419    3393
691 8084.0371740030623187     350.11533600523074483    3398
692 8330.9054615025961539       0.33853165093618875492 3403
693 8082.9238068673630551     356.4892100779378552     3408
694 8082.132421196031828        0                      3413
695 8082.7556207978359453       0                      3418
696 8081.9164449962099752       0                      3423
697 8081.923785096053507        0                      3428
698 8081.9469002222749623       0                      3433
699 8081.934328917147468        0                      3438
700 8082.9247892310022507       0                      3443
701 8082.1605025784774625     333.37565450306823323    3448
702 8083.9933429395086932       0                      3453
703 8341.5866275735334057      88.814318301814552115   3458
704 8346.3572596721132868     415.22989061908805297    3463
705 8081.9863458419285962       0                      3468
706 8084.7788299619460304     315.52347297038556917    3474
707 8084.7611915485158534     313.85485583512695484    3479
708 8082.5139249382218622     361.49449066702914024    3483
709 8081.9935658100766886       0                      3488
710 8081.9155516068603902       0                      3493
711 8081.9224936411892486       0                      3498
712 8082.0133324362386702       0                      3504
713 8081.975218179823969        0                      3509
714 8332.4066734857642587       0                      3514
715 8082.5231379762644792     362.36731867178940547    3519
716 8081.9191705067687508       0                      3524
717 8081.9484294637768471       0                      3529
718 8081.9175917182537887       0                      3534
719 8081.9210796729985304       0                      3539
720 8082.7539312078697549       0                      3543
721 8082.9496488538061385       0                      3548
722 8083.9945086721381813       0                      3553
723 8088.3179417354185716     110.9746363848359465     3558
724 8339.9034219766508613       0                      3563
725 8341.5655370120894077       0.10637234217682026149 3568
726 8081.9207166047208375       0                      3574
727 8081.9186172812906079       0                      3579
728 8340.3436891812834801       0.08262600278697460054 3584
729 8082.1561589389475557     333.38768834144798348    3589
730 8081.9184407918983197       0                      3594
731 8081.915516104035305        0                      3599
732 8081.9252775892764475       0                      3603
733 8082.9227970572628692       0                      3609
734 8081.993402374064317        0                      3614
735 8082.157543435372645      333.10455610977089691    3619
736 8081.9172324014280093       0                      3623
737 8081.9444769443598489       0                      3628
738 8081.9162248666279993       0                      3633
739 8082.1625053116522395     332.53839088270393631    3638
740 8082.7605928141192635       0                      3643
741 8082.9191081758044675       0                      3648
742 8083.9940729196523534       0                      3653
743 8087.1999290707681212     150.31714351092307425    3658
744 8340.267586894435226        0                      3663
745 8340.7635916635026661       0.00171843903935783924 3668
746 8081.9912796823027747       0                      3673
747 8083.6542829504296606       0                      3678
748 8339.5721818399633776       0.05173164215160594437 3683
749 8082.7547742299448146       0                      3688
750 8081.9171255172268502       0                      3693
751 8081.995671463853796        0                      3698
752 8082.1612705532816108     331.6806402587827165     3703
753 8084.7868899713594146     344.47302532522098772    3708
754 8084.8544204096297108       0                      3713
755 8339.5604065065144823       0                      3718
756 8343.7742527957143466       0.52315698888709671888 3723
757 8081.919250560978071        0                      3728
758 8339.6710589699578122       0                      3733
759 8082.7533523686151966       0                      3738
760 8081.9151187665493126       0                      3743
761 8081.9229484476300058       0                      3748
762 8338.1144590530275309       0                      3753
763 8081.9171294087445858       0                      3758
764 8081.9155207554531444       0                      3763
765 8081.9188346712762723       0                      3768
766 8082.0199838555035967       0                      3773
767 8082.9199913934398865       0                      3778
768 8083.9929198818872464       0                      3783
769 8083.98949389144218       323.53387789266230357    3788
770 8084.8581728794060837       0                      3793
771 8341.2064928934723866       0.00040605745776774811 3798
772 8341.2434997157142789       0.92765525896663403316 3803
773 8081.9851735521679075       0                      3808
774 8339.0961174946623942       0                      3813
775 8339.7430608230788494       0                      3818
776 8081.9429209166828514       0                      3823
777 8082.7535575608608269       0                      3828
778 8083.9899556892496548       0                      3832
779 8088.3104717646374411     111.30921465429506156    3837
780 8088.3114969337775619     111.95921709217090267    3842
781 8082.1648761327587636     331.39796647914954519    3847
782 8340.9695507879041543       0.9015180801981492742  3852
783 8341.4832902667676535       0.0011434145191008627  3857
784 8082.0174055624611356       0                      3862
785 8338.6562575138686952       0                      3867
786 8339.9151582703034364       0.80485348682894308769 3872
787 8081.9163619098035269       0                      3877
788 8082.9482133359324507       0                      3882
789 8082.017206981234267        0                      3887
790 8082.1636453991786766     333.09223647733989537    3892
791 8082.7986017235534746       0                      3897
792 8085.1908267250810241       0                      3902
793 8088.3138388602483246     111.14183705929168866    3907
794 8339.9835249978841603       0                      3912
795 8341.4854607319102797       0.11086701304338117402 3917
796 8082.4910330404227352     357.111414235870825      3922
797 8083.4808775213059562       0                      3927
798 8338.8706479802021931       0                      3932
799 8345.9599494864323788       1.1828655806183119292  3937
800 8081.9206495070820893       0                      3942
801 8081.9904444413541569       0                      3947
802 8081.9929714388799766       0                      3952
803 8082.7586357894087996       0                      3957
804 8083.9926486939375536       0                      3962
805 8340.341415569289893        0                      3967
806 8342.1098759309497837       0.99008127434982151627 3972
807 8081.9953417875703963       0                      3977
808 8341.9322076473090419       0.9519487809954464419  3983
809 8343.5491873192459025       2.6956871706199105887  3988
810 8082.9190409795255619       0                      3993
811 8081.9443276142001196       0                      3998
812 8081.9429966318448351       0                      4003
813 8081.9193024226451598       0                      4008
814 8081.9507148661941756       0                      4013
815 8081.9194838771300056       0                      4018
816 8081.9888256743861348       0                      4023
817 8340.5179441111777123       0                      4027
818 8342.3460374881997268       0.46987505207074292679 4032
819 8082.8277286879319945       0                      4038
820 8337.2805882383327116       0                      4043
821 8086.6483658166189343     126.95975836857290631    4048
822 8088.3451717248271962     110.94954751527208714    4053
823 8082.1628485197270493     333.92999809756719287    4058
824 8082.1937655521196575     331.74426693540056021    4063
825 8083.9902031774809075     323.81309877731558799    4068
826 8340.8713448111520847       0                      4073
827 8341.9891446882338641       0.46050119185159194002 4078
828 8082.8023188047482108       0                      4083
829 8337.7221840809143032       0.03595756523325627924 4088
830 8082.1628673016548419     331.98469205455342035    4093
831 8082.9205358412409623       0                      4098
832 8082.9234475227231087       0                      4103
833 8081.9206835495597261       0                      4108
834 8082.9263065260911389       0                      4113
835 8344.4835604493018764      71.882156053132817419   4119
836 8348.8609314344357699     389.01555938136436907    4123
837 8081.9941766789006579       0                      4129
838 8336.4721984422321839       0                      4134
839 8340.5176052884817182       1.4654167918676863636  4139
840 8084.0165625339195685       0                      4144
841 8085.7351320017269245     351.60483906752381245    4149
842 8088.341083783270733      111.4411895012863738     4154
843 8092.1313908938655004     137.39814998625763565    4159
844 8342.2145308870403824       0                      4164
845 8341.8948828403881635       2.5700578090516059682  4169
846 8083.9841287306526283       0                      4174
847 8081.9223198130603123       0                      4179
848 8082.780377877965293        0                      4184
849 8082.7552682246505356       0                      4189
850 8082.8014668024416096       0                      4194
851 8082.8274081864256004       0                      4199
852 8083.9884955984316548       0                      4203
853 8339.5887608784760232      84.67396203326551074    4208
854 8347.5995224299476831     379.6978091904871917     4213
855 8082.7558430909612071       0                      4219
856 8081.9847604919104924       0                      4224
857 8081.9887097762302801       0                      4229
858 8082.7534164636772402       0                      4234
859 8085.9200267343703672       0.09253724645783623082 4239
860 8083.9843793784175432       0                      4244
861 8342.2514282604806795      83.647070335082830184   4249
862 8346.112028426166944      416.09378957697123269    4254
863 8338.6431725071979599       0                      4260
864 8081.9472534606557019       0                      4265
865 8081.9186758322175592       0                      4270
866 8081.9433451492432141       0                      4274
867 8081.9432299018026242       0                      4279
868 8081.9154192493651863       0                      4284
869 8341.0753620273644628       0                      4289
870 8341.7867925459504477       0.46164543684366327048 4294
871 8336.8414177603262942       0                      4300
872 8084.0112392804785486       0                      4305
873 8083.9949812564755121     344.53525214318182179    4310
874 8093.088738171735713      172.05634880547603416    4315
875 8341.2292306688323151       0.42453938883071729027 4320
876 8343.2189349424643297       0.1005507076578305431  4325
877 8084.8479477576993304       0                      4330
878 8083.982173670753582        0                      4335
879 8082.8288717146187992       0                      4340
880 8082.0240816926998377       0                      4345
881 8081.9858504820695089       0                      4350
882 8084.8623771691200091       0                      4355
883 8084.0130638181562972       0                      4360
884 8339.5505963641026028       0                      4365
885 8081.9206495070911842       0                      4370
886 8082.0133424063460552       0                      4375
887 8082.7583046128238493       0                      4380
888 8081.9164202459787703       0                      4385
889 8344.7597768876421469      72.010765113349179956   4390
890 8347.2058729120763019     350.93109018527439957    4395
891 8081.9191705067632938       0                      4400
892 8081.987805000761           0                      4406
893 8088.3102320428342864     111.63388668983984076    4411
894 8083.4581975400096781     299.88579100762046892    4416
895 8089.0570496759073649     132.32695756910345608    4421
896 8089.0810563634877326     133.19181334524404292    4426
897 8339.3832052258730982       0                      4431
898 8343.4948751963438554       0.53430325882384532843 4436
899 8082.7553443563374458       0                      4441
900 8082.805354132411594        0                      4446
901 8084.854596975844288        0                      4451
902 8083.9978475939724376       0                      4456
903 8342.43158849248357        83.296467184023399      4461
904 8344.7485055951092363     376.73422208444327453    4466
905 8081.9863458419313247       0                      4472
906 8081.9438694486516397       0                      4477
907 8342.0444865386743913       0                      4482
908 8341.2407783395901788       0.90757047172187288453 4487
909 8082.1612705532761538     331.68064025877936274    4492
910 8082.7946942288772334       0                      4498
911 8081.9444901388505968       0                      4503
912 8081.9441515629632704       0                      4508
913 8082.9225881520123949       0                      4512
914 8082.9193661255876577       0                      4517
915 8082.9487096250149989       0                      4522
916 8082.9484504432602989       0                      4527
917 8338.9075714436403359     103.27621016452178537    4532
918 8347.1084779502180027     418.44567285806937207    4537
919 8081.9207226971630007       0                      4542
920 8337.4449452704502619       0                      4548
921 8082.1893088869474013     332.2761903757075288     4553
922 8088.3101768115966479     110.96212734689930812    4558
923 8082.1757539620293755     334.50599230077909851    4563
924 8082.1964166321258745     332.88521338656317994    4568
925 8088.3229051073922165     111.321773216005667      4573
926 8088.3387562002835693     110.61344823173014618    4578
927 8088.3531365879098303     112.27250862670807408    4583
928 8342.9133908169278584       0.00513789188471289182 4588
929 8338.1294810360996053       0                      4592
930 8081.9548127556745385       0                      4598
931 8337.8952603410689335       0.70556001726240602512 4603
932 8082.1557162309272826     332.80009717472802322    4608
933 8088.3138943076673968     111.46633333930084575    4613
934 8083.0065709940172383     322.45095739250626821    4618
935 8084.1414089456930014     292.40989665250742746    4623
936 8083.437358684868741      299.88601104321958246    4628
937 8340.4761822544896859      84.46038894870007141    4633
938 8346.7000956053616392     379.2407383454489036     4638
939 8084.0032704202512832     341.29411405630014542    4643
940 8092.1322378396325803     136.76083947590370826    4648
941 8082.4954242079738833     358.87015193793848766    4653
942 8086.6461067866357553     126.43516629327585576    4658
943 8082.5333397455369777     360.09985130641740625    4663
944 8087.8864372116086088     157.67238592874082315    4668
945 8340.6685944294167712       0.00023458161131911846 4673
946 8340.8043345616169972       0.08945915876606942707 4678
947 8082.7975031451596806       0                      4683
948 8337.6491763909652946       0                      4688
949 8082.1901807397480297     332.02701568380086883    4693
950 8089.1565572583158428     117.2779062962932386     4698
951 8089.1539430984257706     117.94492261263771127    4703
952 8082.1662878288416323     333.64622800430112193    4708
953 8083.0370353887383317     323.03824177184418431    4713
954 8088.3236718480293348     111.97178318651222639    4718
955 8082.9974857007982791     320.76282720882619515    4723
956 8341.7341554622435069      89.080225231777120598   4728
957 8345.0012902613998449     377.22161705485297034    4732
958 8081.9172638838745115       0                      4738
959 8081.9205344467882242       0                      4743
960 8081.9174005135373591       0                      4748
961 8082.7576786691161033       0                      4753
962 8083.6253259572313254       0                      4758
963 8083.6299137151854666       0                      4763
964 8342.7180894236353197      77.827084226802327294   4768
965 8349.2955974456781405     364.0496114907813876     4773
966 8081.9189695995737566       0                      4778
967 8082.7993945635871569       0                      4784
968 8337.0768788498480717       0                      4789
969 8082.1974816354895665     333.43943852942089734    4794
970 8083.4318791422310824     299.58820172437458496    4799
971 8088.3225361445511226     111.64644903179197399    4804
972 8340.9539034405624989       0.09412218913387411512 4809
973 8082.9494417432724731       0                      4814
974 8083.9981952815278419     343.6118010938516818     4820
975 8088.3152882093845619     110.81799840984875516    4824
976 8092.123565482851518      137.1892518365297633     4829
977 8339.1709135107030306       0                      4834
978 8342.301137340889909        0.12353256836978614153 4839
979 8082.7545906771301816       0                      4845
980 8082.0224145480606239       0                      4850
981 8340.71766465197652        89.411662438044615442   4855
982 8346.0182753812077863     377.91166928935973601    4860
983 8082.9214625718304887       0                      4866
984 8338.0500040742881538       0                      4870
985 8083.6263736010196226       0                      4875
986 8084.0049111026946775     342.56675872423966211    4880
987 8093.0008619676309536     151.74337110429974018    4885
988 8341.8620817004284618       0.00273467908593449721 4889
989 8081.9486491007228324       0                      4895
990 8341.1753867819916195       0.43575913378537428633 4899
991 8341.6857934620929882       0                      4904
992 8337.4382159486413002       0.03892946331248067077 4909
993 8337.9637238195464306       0.04993163313797970709 4914
994 8081.99177415324084         0                      4919
995 8085.1902865283245774       0                      4924
996 8083.9883826928562485     339.80218798498219712    4928
997 8082.7562462176883855       0                      4933
998 8087.1936971564582564     148.99406149087732842    4938
999 8083.432901804481844      298.76379984544075796    4943
1000 8088.3190959501444013     110.65097358313781228    4947
