1 8432.0861817203403916     258.07483554979535256    4
2 8619.5201403798655519     765.38973391509227895    8
3 8494.3037934171843517     157.8831854890444788     12
4 8520.9569298622463975     253.01437494025037722    16
5 8503.3831072889443021     241.50791424098287052    20
6 8427.8088256553273823     820.2199834013202917     24
7 8648.148263477078217      2898.5106318420175739     28
8 8430.6434720486431615     224.0710460157648356     32
9 8899.9640071647481818     298.18037281378951775    36
10 8681.049402187591113      494.2168898376346533     40
11 8422.2379542701928585      77.941637280487356065   44
12 8916.3320216641277511     1844.9902667095386732     48
13 8427.3759279627302021     135.6938052369753791     53
14 8528.9852456949211046      65.94174746467204784    57
15 8315.0403022591635818     770.56925382084887133    61
16 8681.3556718240542978       0.36727582501415656502 65
17 8680.6603352413840184       0.81810599665932548508 69
18 8570.4144071541832091       8.4123933819420031455  73
19 8587.3549926393206988       8.9908786685994712684  77
20 9510.0137293108873564     422.01979647716763111    81
21 8681.9169635062644375       6.6828529218411292234  85
22 8683.6062454042821628     503.00653521021013148    90
23 8490.5446403578971513      24.617622714260235739   94
24 8780.7700808927766047       0                      98
25 8680.2611161824934243       0.04725908044632387561 102
26 9045.3390669794516725       0.88525365913743880864 106
27 8782.8341514087933319       1.4128400858031477938  111
28 9005.9262641666755371     261.07315234582785024    115
29 8684.0791429117271036     111.87337921405840291    119
30 8530.9276365321111371      29.066610358881209919   123
31 9180.0801454430547892     427.37931170160129568    128
32 8675.8526426380612975       0.31864033801864133366 132
33 8700.0192594882864796       2.5798963570101105525  137
34 8781.808671633607446        1.092011974483447112   141
35 8780.2472569521905825       0.00192024685224484828 145
36 9005.4522487677186291     270.8716436169905819     150
37 8898.1469271404876054       0.01977423639535682426 154
38 8918.0471901525161229      31.637321202603818193   158
39 8903.9402766674538725     510.85161177411373501    163
40 8690.9580597354724887     299.70854878049055969    167
41 8687.6935869995759276     119.6123680463590091     172
42 9004.3639973069311964       0                      176
43 9023.6593306718350505       0                      181
44 8784.4314002332175733     458.78546820773271975    185
45 8672.0885286503635143     716.92152787890233867    190
46 8937.7550644256116357     569.76540749059427071    194
47 8785.4571117003488325     462.50747523508869108    199
48 9172.0012940723208885      75.688003370401375491   204
49 8532.2406895728909149      19.522349703286010936   209
50 8384.5867584452207666      74.197305117860878454   213
51 8384.8154857842055208     115.3961951040995757     218
52 9332.355808726457326       66.271597858185984364   222
53 8780.7695135644353286       0                      227
54 8790.2808605649170204     383.64402051706957764    231
55 8399.7455474326379772      66.673743890127980194   236
56 8538.84315726008208         3.9985498413062341427  241
57 8335.4761831354589958      49.212946268746279088   245
58 8575.6474877985165222     1116.4344432501284246     250
59 8692.0894644031959615     2455.2375685645001795     254
60 8779.5865894304388348       8.020224432716485552   259
61 9005.9460870401690045       0                      263
62 9024.9713100031021895       0.96420027109451400538 268
63 8805.9634693639018224     167.23631292183537767    273
64 8901.4613315577371395     191.05897802472171065    277
65 8723.7414877580249595     127.44734517787101424    282
66 8945.7712967689258221     3138.8149126777243509     287
67 8779.4098210408519662     680.35441491618041709    291
68 8412.2698898575454223     2385.3950103737934114     296
69 8417.9015699869560194       3.763664642507828173   301
70 8430.0714756517299975       4.7267751333937884084  306
71 8626.5225414435917628      32.590472189571315198   310
72 9743.6049322569888318      70.925067301341428561   314
73 8616.917608248648321        5.3844743150059493075  319
74 8785.2702640158422582     221.17272368510529645    323
75 8815.304042904124799      252.60848591317119372    328
76 8876.282628998376822        0                      333
77 8690.0519632557807199       2.9859198717712280846  338
78 8721.1635840092312719       0                      342
79 8615.1813305236209999       1.6132610583707662766  347
80 8383.6097918681934971       0.38689833256777916848 352
81 8609.8404169157238357       4.8898118939539330086  356
82 9640.3265088105508767      18.762447569077238541   361
83 8579.2437532533822377      12.101368511702245812   365
84 8632.8315321120608132       0.62063210878347163657 370
85 8520.7064494253500015     592.51006054092499653    374
86 8625.6365218424962222       2.4880174727629724707  379
87 8669.715479482038063        0.22031220729496683863 383
88 8604.0764124125489616      60.19497570918976237    388
89 8711.7858457924921822     328.43185593773688424    392
90 8730.8344557311611425     370.58199364281364296    397
91 8719.8852185380965238       0.14052646214060665608 401
92 8764.3238374139564257     600.86042200426845739    406
93 8815.3863444144517416       2.3126619639098544567  411
94 8750.9794951590247365       0                      415
95 8562.7332433406099881       5.0623016665035729389  420
96 8500.6541690252597618      16.737200832325832778   425
97 8852.7680891806103318       0                      429
98 8857.1028040137061907       0                      434
99 9507.6894703780235432      59.432820994194827335   438
100 8570.7451524523748958      12.847578031618409611   443
101 8663.2510281522845617       0.1477224645720692231  447
102 8689.04125071672388         0                      452
103 8588.7631575846662599       2.3506524288159509339  456
104 8752.9144146173475747     112.30183432677273458    462
105 8755.4513117632814101     113.1920308058695781     466
106 8528.0072360873946309      19.804189971470425036   471
107 9419.3650003084494529      70.933708996228261867   475
108 8558.9431354497410211      13.670205866318022814   480
109 8595.2040452124547301       6.5815314128613398026  485
110 8636.7820520647492231       2.0343137342872408269  489
111 8686.1165979279921885       4.9259022469173858738  494
112 8678.758833623773171       10.483427648091439011   498
113 8787.8622917866468924       0                      503
114 8724.6719534855365055     409.44715351473826104    507
115 8651.3340272937803093     648.84230017809295532    512
116 8648.1979428203285352     460.83078180421017578    516
117 8746.1601881499736919     109.97680296997120308    521
118 8820.8836468591143785     309.13323585486489264    525
119 8634.4268525079351093      65.489886998028921994   530
120 8606.0597810655890498       1.0793141543339870303  534
121 8636.7396740942567703       0                      539
122 8581.2676369765558775     2785.4992191737419489     544
123 8786.7243023960345454       0                      549
124 8789.2536278076713643       0                      553
125 8624.1192935961644253       0                      558
126 8621.2866873049606511       0                      563
127 8530.5363334330722864       3.7701548874623069807  567
128 8175.5111604008334325       0                      572
129 8550.0054642503946525     5315.9796198626791011     577
130 8214.7935208384333237       0                      582
131 8351.9637640361852391       5.2732412909058652417  587
132 8325.529530767162214       51.144865898635430312   592
133 8619.8300583456348249       0.29736120906797858243 596
134 8167.6226057571730053       0                      601
135 8176.5656544786252198       0                      605
136 8386.2165977898657729      22.896521988006167447   610
137 8184.5590175976685714       0                      615
138 8177.6010668413200619       0                      619
139 8271.1043082392534416       0                      624
140 8388.9028207879928232       0                      628
141 8152.0012692532809524       0                      633
142 8163.7823698489992239      52.355705090362974374   637
143 8175.2681989905258888       0                      642
144 8349.9973493902907649       3.1427411793974853182  647
145 8147.168260662893772       60.370267899332759498   651
146 8343.8505550842110097      60.56892739975940998    656
147 8147.7900869212062389       3.4985067079291165548  660
148 8148.1442442466341163       0                      665
149 8157.5666925153363991     363.77265080577319623    669
150 8342.4421179289147403       0                      674
151 8344.1103848298771481       0                      679
152 8410.9093932365940418       9.5745899572416774959  684
153 8496.9590774085791054      24.718621502715873106   688
154 8157.6006635793255555      38.012296412469822826   693
155 8377.4379955705226166      45.11869710022833857    697
156 8152.5781748004537803      26.701146694815232507   702
157 8230.2015215318424453       0                      706
158 8230.5156869491293037      63.689436759243079678   711
159 8326.0743916095052555       2.4295125349773583068  716
160 8148.5582752881982742       1.7747042905942724822  720
161 8236.8138070230525045     1049.5771911231477134     725
162 8401.5986984325190861     494.49762278551435202    730
163 8198.2907291921783326     1612.5722452081058691     734
164 8534.9832170347126521     1284.8519381853707273     739
165 9319.4268296907139302     1972.4391074500040304     744
166 8260.7214633387175127     6469.7151097090036274     749
167 8156.2975637423096487       0                      754
168 8409.5550591696974152       5.8626875027193525725  758
169 8142.5551180868387746      76.657346988234877472   763
170 8146.1657438237143651      62.386141992394328781   768
171 8149.5894788039531704       0                      773
172 8150.1403035458351951     1187.9067029951875156     777
173 8147.4493534710800304       0                      782
174 8185.3157120469350048       0                      787
175 8191.3183415097155375       0.00650574839364449244 792
176 8673.9918905905833526       1.3209629757197118849  797
177 8156.5477770089510159      34.413254110289514642   802
178 8320.6069248575386155      73.984300478122833056   807
179 8165.2230874857050367       0                      812
180 8134.7529361433826125       2.208953689597791481   817
181 8185.883397135155974        0                      823
182 8212.5474253651100298       0                      828
183 8148.3466050670922414       0                      832
184 8177.705490893611568        0                      837
185 8154.0176603281670396     100.70298741008629406    842
186 8152.6857292467338993     155.11620024280503571    847
187 8757.5336215510978946     1026.2532138614415089     853
188 8889.8626383808932587     616.74440747215112424    858
189 8349.5482549171138089      66.341998212748450214   863
190 8350.8080127217381232       1.7633267404754697782  868
191 8135.7290160585471313     125.28160498500700726    873
192 8150.5468546874080857      33.708768508351866444   878
193 8266.2889004629396368     102.54091361334063492    883
194 8135.2934074384911582       0                      888
195 8171.822445055478056      144.37374909025399461    893
196 8181.9524622657872897       0                      899
197 8411.0971371894920594      13.608398877285170059   904
198 8213.429735998299293        0                      908
199 8179.3394984912956716      20.163844137864220585   913
200 8265.1214280571257405     104.47898376551769672    918
201 8129.0401137139842831       0                      923
202 8208.5407038585235568       0                      928
203 8175.6680651119140748      69.188947560392378477   934
204 8498.3696682581121422      38.971639940210899056   939
205 8133.0545521964313593       0                      944
206 8111.67559972714389         0                      949
207 8129.6911655411377069       4.4602368316650506941  954
208 8249.3405830660558422       0                      959
209 8096.4548490937886527       0                      964
210 8115.1559118160457729       0                      970
211 8298.0490983498730202       0                      975
212 8196.0349370028052363       0                      980
213 8230.3424121933039714       8.2799660268192667445  985
214 8309.0297343093952804      58.998599614974004623   990
215 8115.8219571857198389       0                      995
216 8109.2547053390671863       0.13556539416711685386 1000
217 8118.1379557751579341       0                      1005
218 8157.4240503707324024      91.123208773879071032   1010
219 8182.0067214329401395      21.912081895107590412   1015
220 8110.2205341447270257     337.26254832668280415    1020
221 8157.9638544714616728       0                      1025
222 8179.6431060317308948     670.93286235530342765    1030
223 8459.2467271605637507      46.840097356178340249   1035
224 9227.9409320434133406     224.62670977286171592    1040
225 8139.0811250588139956       6.8112383030872827305  1045
226 8091.3815046822865042       0                      1051
227 8156.2708719273159659       0.19667204286937270408 1056
228 8098.5469266869604326     275.37127741015513038    1061
229 8459.3639065502648009       3.2201426378134510031  1066
230 8111.558219015267241      347.06177559451919024    1071
231 8166.3819369906523207      27.1341139727666949     1076
232 8335.9508027060965105      47.946701687996686303   1081
233 8099.234865196467581        0                      1086
234 8088.8205181414987237       0                      1091
235 8103.6769947504062657     188.65968064373632274    1096
236 8338.2247629973371659      11.454405028188510585   1101
237 8152.8981309989549118       0                      1106
238 8174.3077350082539851       0                      1111
239 8127.0009900393997668      54.694303628740001955   1116
240 8303.6400142525071715      60.679800091330676537   1121
241 8087.9627734420828347       0                      1126
242 8121.8585238907953681       0                      1131
243 8361.6303401193054015       8.4549248964061636258  1136
244 8104.7385345949196562      92.760662868541857051   1141
245 8289.0679125712449604      48.750069401356817878   1146
246 8096.4306951181179102       0                      1151
247 8088.6596979376672607       0                      1156
248 8088.8040975625854117       0                      1161
249 8123.9119865382617718       0.42556466116104380015 1166
250 8140.1423517160828851      11.134401337111128782   1171
251 8279.9659754517979309      17.235442884634398553   1176
252 8207.4714976776886033       0                      1181
253 8089.8070640196938257     339.86278789737536954    1185
254 8233.8025968976489821     200.9095543645216253     1190
255 9698.3786364405114        100.87060898905596673    1195
256 8086.0701594921392825       0                      1201
257 8109.5353887450100956       0.8074719504311920204  1206
258 8087.6786058574371054       0                      1212
259 8494.1875479712634842       7.379626149747163133   1216
260 8492.5658488306253275      41.85238740166002458    1221
261 8114.1813862060935207      84.017582544258885946   1226
262 8259.233191938525124       59.802232585564503609   1231
263 8101.5580909937480101       0                      1236
264 8112.2096458590176553       0                      1242
265 8110.1574066308030524       0                      1247
266 8088.6282766835411167       0                      1252
267 8088.8366438581515467       0                      1257
268 8088.0773085382015779     379.66474827529538061    1262
269 8096.6574119735787463       6.4144983066706204866  1267
270 8132.0392916606642757       0                      1272
271 8435.020408371805388       46.642816225271836572   1276
272 9288.3181394503535557       0.15178562481397453454 1281
273 8144.4729862019466964       0.59552914267541479099 1287
274 8092.8635104897375641       0                      1292
275 8097.2438295333213318       0                      1297
276 8300.022397505108529        0                      1302
277 8125.1738340265046645      97.525070833587832908   1307
278 8240.2446422559951316      65.486484387365237581   1312
279 8089.3063105877618          0                      1317
280 8090.7907417466740299       0                      1322
281 8083.8295683904289035       0                      1327
282 8112.9701083475001724       0                      1332
283 8089.1943957212897658       0                      1337
284 8089.5652408236774136       0                      1342
285 8351.5580333220150351       2.6439982221458433465  1347
286 8128.2769358008135896      62.71613787181254196    1352
287 8256.7597672443152987      56.852659724423062926   1357
288 8085.6596744499001943       0                      1362
289 8084.6999300968691387     345.53312236658797474    1367
290 8083.9617657225744551       0                      1372
291 8103.4129335631714639       0                      1377
292 8087.2631908598068549       0                      1382
293 8091.1929478055553773       0.11976307000745992082 1387
294 8084.5244938951427685       0                      1392
295 8136.6846446860781725       0                      1397
296 8966.9994320526730007     206.05276862010327932    1402
297 8628.6523067537655152     553.08154186218632731    1407
298 8090.0258487008450174     139.45912327667335262    1412
299 8100.2549775288807723       0                      1417
300 8731.616062377608614        0                      1422
301 8732.8464221513295342       0                      1427
302 8091.5495924852230019       0                      1432
303 8091.5607590015333699       0                      1437
304 8262.6633022746791539      59.442928687183872682   1442
305 8113.2712557663944608       6.0075136862146338856  1447
306 8084.6244340420071239       0                      1452
307 8085.3461818753803527       0                      1457
308 8083.1555008739405821       0                      1462
309 8095.4528785311831598     349.16083555857545662    1467
310 8364.7735223743129609      36.700356904205705177   1472
311 8353.3892209204968822       8.369436014075164465   1477
312 8086.7939878825563937       0                      1483
313 8085.2790949506006655       0                      1488
314 8243.5960220931010554      64.464616276807163331   1493
315 8113.3269298473942399       6.4284919712929680102  1498
316 8085.0914304502675805       0                      1503
317 8085.9665935624889244       0                      1507
318 8082.8078759153704596       0                      1512
319 8082.8709682273583894       0                      1517
320 8084.7720281519586933       0                      1523
321 8084.6906120251514949       0                      1528
322 8396.3407648660504492       9.3313815553149090931  1533
323 8274.3310504134678922      51.28532293800594033    1538
324 8102.9372610374075521       2.4854056352725835133  1543
325 8084.1285355630507183       0                      1548
326 8082.8952963492101844       0                      1553
327 8086.8359124983671791       0                      1558
328 8085.1114565037487409       0                      1563
329 8117.4565861837654666       0                      1568
330 8089.3823791334843918     130.4643371093488895     1572
331 8084.780165517054229      307.78580544040801215    1577
332 8082.9950212628491499     331.15179049942037182    1582
333 8774.2806069646903779     332.96554822157105491    1587
334 8791.2524114556963468     126.0238533287835736     1592
335 8090.9596271114705814      93.570906956749567485   1597
336 8083.1648853967644754       0                      1603
337 8088.70232856311668         0                      1608
338 8512.9827262802464247       9.4771172219427182171  1613
339 8519.2738921182226477       8.8450920321424906234  1618
340 8131.8043689771329809     180.24535542287094358    1623
341 8091.4166211186657165       0.09775234664914715654 1628
342 8082.2185020918113878       0                      1633
343 8114.809208679141193        0                      1638
344 8086.8853586378691034       0                      1644
345 8084.7739015673414542       0                      1649
346 8615.1241673957774765       4.9111136053665553902  1654
347 8237.3484730145028152      72.480394968718073301   1659
348 8114.9828178561247114       5.5440259388567021404  1663
349 8082.9475140188051228       0                      1668
350 8083.4789907986423714       0                      1673
351 8083.8333656339118534       0                      1678
352 8086.2062318650423549       0                      1683
353 8082.5069387461389852     317.61644964739747365    1688
354 8111.026184647568698        1.0519146471057676528  1693
355 8083.2270706882554805       0                      1698
356 8107.9234710259006533       0                      1703
357 8803.9666624780402344     111.56402935507664154    1708
358 8762.7230078812735883     364.10341061425123144    1713
359 8090.9826098961784737     142.26547427801756385    1718
360 8098.2464414315554677       0                      1723
361 8090.7908794401973864       0.28341101110640321004 1728
362 8090.6936455611685233       0.3379567810550480611  1733
363 8580.6145115079907555       2.2828560535981345936  1738
364 8580.3403926160626725       5.1454555067049358996  1743
365 8129.6753299451593193     215.14822825865431355    1748
366 8091.2857171744135485       0.13119133708196217825 1753
367 8082.0655971036721894       0                      1758
368 8082.0840918835856428       0                      1763
369 8087.312088053628031        0                      1768
370 8087.3330423823954334       0                      1773
371 8638.7911088476921577       0.12587905063241111581 1778
372 8154.2347807533815285     183.6638555197819187     1783
373 8084.1100699790285944       0                      1788
374 8082.3615577741875313       0                      1793
375 8082.0682681306780069       0                      1798
376 8082.9037784446900332       0                      1803
377 8084.0972546109896939       0                      1808
378 8089.1901322425665057     279.30232604003339247    1813
379 8129.1575603191968185       0.30046137678493090029 1818
380 8127.1822235693934999       0                      1823
381 8082.3887986165755137     334.6070916990146884     1828
382 9107.5163373374816729       0.00560367646460328481 1832
383 8538.4644518369350408       7.7557268039494102752  1838
384 8114.8461646235300577     163.68990358467058854    1843
385 8089.1000006305021088       0.03685729914000285268 1848
386 8082.0713808291857276       0                      1853
387 8084.1474564944583108       0                      1858
388 8552.694645437914005        2.9471573390677789916  1863
389 8543.7801560392290412       3.6973381874925985713  1868
390 8122.7875952348704232     235.44289428189770774    1873
391 8092.7497847265904056       0                      1878
392 8083.5613886708324571       0                      1883
393 8082.1914239682864718       0                      1888
394 8087.6924487502292322       0                      1893
395 8082.8685410155012505       0                      1897
396 8082.0645705561855721       0                      1902
397 8082.0713540393489893       0                      1907
398 8081.9536908877844326       0                      1913
399 8081.9853872224603037       0                      1917
400 8081.9199363346679093       0                      1923
401 8082.3126671967747825       0                      1928
402 8081.9924150928245581       0                      1933
403 8517.2206834937569511      18.743160683037601189   1938
404 8511.8712125057845697      19.10942993757120334    1943
405 8162.9870928680647921     173.86763039080159388    1948
406 8083.2221582762840626       0                      1953
407 8082.1812240310455309       0                      1958
408 8082.0779208730864411       0                      1963
409 8089.4873735938945174       0                      1968
410 8082.050982432057026        0                      1973
411 8083.0101815336447544     322.17211795547621023    1978
412 8082.9213497241535151       0                      1983
413 8084.8447272097964742       0                      1988
414 8112.0435287085529126       0                      1993
415 8523.5850927077226515      34.872336539073103268   1998
416 9133.5871413454824506     160.69569312644028969    2003
417 8095.3775931800500985     122.92029855818259421    2008
418 8082.0808650575090724       0                      2013
419 8082.8038850489101605       0                      2019
420 8596.9158488575703814       3.1922836557555345216  2024
421 8601.6919012281250616       2.9056703891193769174  2029
422 8122.9669568042982064     237.68228445496643531    2034
423 8092.6678467239398742       0                      2039
424 8081.9558374102007292       0                      2044
425 8082.0545160545407271       0                      2049
426 8082.8114625898870145       0                      2054
427 8085.2239008634778656     320.71552010595672755    2058
428 8085.3531607258664735       0                      2063
429 8085.2798422532932818       0                      2068
430 8083.1661721048512845       0                      2073
431 8085.1702420531855751       0                      2078
432 8752.2242003178016603       0.01380998742715800268 2083
433 8821.7435178325486049       0                      2088
434 8085.0228800486329419       0                      2094
435 8083.0313925845139238       0                      2099
436 8084.0867441976024566       0                      2104
437 8773.2734618497033807       0                      2109
438 8777.2033843554236228       6.9132534574335480215  2114
439 8124.1366439861894833     237.14862987474313627    2119
440 8092.4152060525593697       0                      2124
441 8081.9234840269691631       0                      2129
442 8081.9467157991421118       0                      2134
443 8081.9298911349560512       0                      2139
444 8082.5037977242045599       0                      2144
445 8082.7622350425026525       0                      2149
446 8083.2358134041596713       0                      2154
447 8085.5727264175875462       0                      2159
448 8084.6437375707655519     369.66046027509656824    2163
449 8744.0790984335435496      24.484580308836385143   2168
450 8819.278768746782589        0                      2173
451 8083.0311252419814991       0                      2179
452 8084.5163698799860867     278.28150473588141267    2184
453 8084.521620053681545      279.15926332443694946    2189
454 8804.1865315454615484       6.5965441581995722942  2194
455 8085.914796166674023      378.18309515540471466    2199
456 8082.836717488836257        0                      2204
457 8082.0007096320568962       0                      2209
458 8081.9800503249762187       0                      2214
459 8081.9482709461026388       0                      2219
460 8081.9597195285105045       0                      2224
461 8088.3019982032101325     112.1145147426092592     2229
462 8083.9881206470472534       0                      2234
463 8082.9764237365543522       0                      2239
464 8083.1065092155276943       0                      2244
465 8794.663777265986937        0.00276990044084557017 2249
466 8766.0480549996445916       0.00119345209600291396 2254
467 8724.7552957320476708       0.00001546090356327259 2259
468 8612.6427042271661776       1.3823835518058411598  2264
469 8083.2657984874404065       0                      2269
470 8083.1452679825506493       0                      2274
471 8979.1912704008391302      76.534573328308582063   2279
472 8123.5582040461849829     239.3180208198032517     2284
473 8092.5061559226451209       0                      2289
474 8082.2084289972626721       0                      2294
475 8082.1398285861550903       0                      2299
476 8086.3724674584491368       0                      2304
477 8082.3866553677980846     339.38234453960529891    2309
478 8082.9736424772590908       0                      2314
479 8085.1091611849797118       0                      2319
480 8084.8814326003339374       0                      2323
481 8087.0418669942819179       0                      2328
482 8692.0447055135173287     119.33492075351654194    2333
483 8771.1877028593498835     381.40417827585974919    2338
484 8088.6229968357229154     116.53421769297609956    2343
485 8081.9565465462565044       0                      2349
486 8082.3416588347236029       0                      2353
487 8722.4219075950240949     443.88188431369320597    2358
488 8738.2537061669027025       0.0000071868861119547  2363
489 8081.9162586047232253       0                      2368
490 8081.9486665043923495       0                      2373
491 8781.4058722530189698       0                      2378
492 8084.531841033267483        0                      2383
493 8688.841969116267137        0                      2388
494 8690.8782090837139549     102.31061684665158396    2393
495 8081.987852155390101        0                      2398
496 8081.9871676976645176       0                      2403
497 8082.0180375596773956       0                      2408
498 8082.0564927859832096       0                      2413
499 8082.8668982372937535       0                      2418
500 8083.3260390145660494       0                      2423
501 8085.3101930064694898     333.74607444338096229    2428
502 8085.7093697668888126       0                      2433
503 8724.1127928920577688       1.0266963123880705755  2438
504 8754.3082451116533775       0                      2442
505 8087.8432274629130916       0                      2447
506 8083.0906098688074053       0                      2453
507 8707.835067925740077        0                      2458
508 8758.6043337333994714       0                      2463
509 8084.7759885034647596     300.77680404380350865    2468
510 8082.5436708217721389       0                      2473
511 8081.9954444501290709       0                      2478
512 8081.9361769377319433       0                      2483
513 8081.9312827479452608       0                      2488
514 8081.9948111218764097       0                      2493
515 8082.1360040656481942       0                      2497
516 8082.1925870523018602     328.30147787624673583    2502
517 8082.9323403208472882       0                      2507
518 8082.7965592958526031       0                      2512
519 8714.6419377741822245       0.00000021031618110452 2517
520 8648.2822739427065244       0.36166955817439722098 2522
521 8081.9732971315715986       0                      2527
522 8660.368790428761713        0.27471820687118514437 2532
523 8664.755443061945698        0.19473103764851390496 2537
524 8081.9342344154947568       0                      2542
525 8081.9785925046762713       0                      2547
526 8081.9872054839861448       0                      2552
527 8083.0396888751147344     323.31741834698215143    2557
528 8082.9364216930143812       0                      2562
529 8083.1704789456180151       0                      2567
530 8083.986473703921547        0                      2571
531 8088.3504910304181976     113.16552171031015916    2576
532 8767.0527879088276677       0                      2581
533 8665.4973010587018507       2.1606857457884536267  2586
534 8086.8195025732275099     128.42885562053803028    2592
535 8083.2284732590551357       0                      2597
536 8083.2165913815242675       0                      2602
537 8658.5195679589069186     489.86983396000687208    2607
538 8081.9181511017350203       0                      2612
539 8081.9224986871968213       0                      2617
540 8082.240965523583327        0                      2622
541 8082.9529852954619855       0                      2627
542 8082.1721242456369509     332.52550015640815673    2632
543 8082.7908511669520522       0                      2637
544 8083.9809942730416878       0                      2642
545 8083.6255057123535153       0                      2647
546 8710.2867648132905742       0                      2652
547 8721.3332354635658703      34.759893148688732367   2657
548 8088.3289534014447781     112.49973092236453454    2662
549 8081.9282051172667707       0                      2668
550 8082.9208401930609398       0                      2673
551 8669.0699225501120964       0.05335996977266477953 2678
552 8676.0776074216264533       0.01089648951279158402 2683
553 8082.1659481262649933     333.3409960846845479     2688
554 8081.9173560131575869       0                      2693
555 8081.9976265979566961       0                      2698
556 8081.9452364257558656       0                      2703
557 8081.9164530493508209       0                      2708
558 8081.9233698682837712       0                      2713
559 8082.5114315586370139     359.45484264072956648    2717
560 8082.7590459853936409       0                      2722
561 8082.9197365338050076       0                      2727
562 8092.1133655260900923     137.35769994480168066    2732
563 8708.3945981246197334      93.592815030079080429   2737
564 8726.1445900612852711     415.09458078326787245    2742
565 8084.2110977974216439       0                      2747
566 8082.0015975801734385       0                      2752
567 8082.1704328653231642     334.20036462964458224    2757
568 8081.9203794707837005       0                      2762
569 8081.9240613380561626       0                      2767
570 8081.9993606999514668       0                      2772
571 8082.174902574238331      331.13674933076987372    2777
572 8082.1703909955294876     331.97235854717024495    2782
573 8082.9197071597036484       0                      2787
574 8082.7542157239631706       0                      2792
575 8710.5402932001106819       0                      2797
576 8718.9044595315845072       1.9408970615445257923  2802
577 8082.9318767211161685       0                      2807
578 8083.7022271922860455       0                      2812
579 8082.1662878288416323     333.64622800430112193    2817
580 8081.9175675008182225       0                      2821
581 8081.9171287848039356       0                      2826
582 8082.4917548818202704     356.84000506700186861    2831
583 8082.4952145646175268     358.57644185340143395    2836
584 8083.9938658086239229     342.21062905729002068    2841
585 8713.6268983767640748       0                      2846
586 8717.256758801824617        1.0275642679901273446  2851
587 8081.9872686989128852       0                      2856
588 8081.9154192493651863       0                      2861
589 8081.9227725220271168       0                      2866
590 8081.9502273914131365       0                      2871
591 8081.9238722723557657       0                      2876
592 8082.1664517032795629     334.17885437354084388    2881
593 8081.9187425570762571       0                      2886
594 8081.9432299018026242       0                      2891
595 8081.9155207554531444       0                      2896
596 8081.9932133078846164       0                      2901
597 8082.7539192050271595       0                      2906
598 8088.3229051073922165     111.321773216005667      2911
599 8084.1498374521015648     291.63840849412071066    2916
600 8089.049149254110489      133.04736223782944649    2921
601 8720.3628583321005863     125.84827232424464682    2926
602 8718.1711987296384905     427.57191364288735258    2930
603 8089.1066251790489332     2288.5326865266379173     2935
604 8082.8122776593600065       0                      2941
605 8706.5295444815874362       0.33930628394113532265 2946
606 8082.173353893874264      333.11368528479124507    2951
607 8081.9162248666279993       0                      2956
608 8081.9174005135373591       0                      2961
609 8082.9237054621398784       0                      2966
610 8081.9945348779774577       0                      2971
611 8082.1675192900283946     332.80885166625824922    2976
612 8082.8068772167925999       0                      2980
613 8082.8333347591897109       0                      2985
614 8713.0132766539009026       1.9094368895656184115  2990
615 8716.4009103564239922       0                      2995
616 8084.9033000581894157       0                      3001
617 8707.7311440390585631       0.07629508119027079982 3006
618 8082.1758738120679482     333.66771823267225727    3011
619 8081.9193173883704731       0                      3015
620 8081.9191948144507478       0                      3020
621 8082.0224283730785828       0                      3025
622 8081.9168212659114943       0                      3030
623 8081.9514904483830833       0                      3035
624 8082.920219934857414        0                      3040
625 8088.3104717646374411     111.30921465429506156    3045
626 8717.3748596185741917     108.00784576747531673    3050
627 8722.0669162046360725     483.24011811478715117    3055
628 8081.9452197498249006       0                      3061
629 8081.9722325448947231       0                      3066
630 8081.9195003569802793       0                      3071
631 8089.7542814391645152     139.5624793314334795     3076
632 8082.1893088869474013     332.2761903757075288     3081
633 8082.7809291720550391       0                      3086
634 8082.78221192761157         0                      3091
635 8082.9223788947847424       0                      3095
636 8083.9861339457593203       0                      3100
637 8714.998044127227331        0                      3105
638 8714.4168540384544031       1.9700060099761713683  3110
639 8082.8488115650598047       0                      3116
640 8705.935715751556927        0.09241368558176599191 3121
641 8082.9229032592138537       0                      3126
642 8081.9953417875658488       0                      3131
643 8083.991710334174968        0                      3136
644 8715.6987852268757706       0.00000612964391655254 3141
645 8713.5864488050883665       0                      3146
646 8081.9214506986745619       0                      3151
647 8082.9576831627091451       0                      3156
648 8082.9545281756445547       0                      3161
649 8708.437269427393403        0                      3166
650 8084.8025114742467849     348.12715598230619207    3171
651 8087.4595971997068773     133.50450737038767102    3176
652 8083.3629176867161732     347.25125169101232814    3181
653 8086.6540065165945634     126.62777170536459437    3186
654 8092.1251530750505481     137.45234954844528374    3191
655 8082.4958025967598587     358.55485589050960016    3196
656 8714.0244185285300773     424.89474575044170024    3201
657 8724.8034486402575567     180.12429354662040737    3205
658 8082.0432620222454716       0                      3211
659 8708.0775661132556706       1.8990402925961682445  3216
660 8083.4356849114437864     299.33743759789541627    3221
661 8089.0565678856401064     132.15599202866260953    3226
662 8082.1660826803517921     332.25535806025959573    3231
663 8714.972028499987573        0                      3236
664 8714.4425895881558972       1.9762767976651103297  3240
665 8082.1724186476249088     330.01056540955090668    3245
666 8081.9837173263240402       0                      3251
667 8081.9444901388505968       0                      3256
668 8084.167808035550479      289.50311288310189184    3261
669 8088.3182426245566603     110.494816611645291      3266
670 8088.3122163685820851     110.9852002060545999     3271
671 8082.1704583264327084     333.36249111754392516    3276
672 8089.1503382155578947     118.11736519939685763    3281
673 8715.2693242534023739     138.19011717175138187    3286
674 8718.1738883332145633     414.23732993816560111    3290
675 8089.0858141630742466     2266.6898270710016732     3296
676 8082.0545283160208783       0                      3301
677 8081.9205634331701731       0                      3306
678 8082.1798962859375024     334.22189631445513669    3311
679 8088.3078040217133093     110.80546265374479731    3316
680 8089.061435030607754      133.4161486882204315     3321
681 8082.1648761327587636     331.39796647914954519    3326
682 8717.4798669192387024     129.06959622427447698    3331
683 8716.8012665464957536     411.81797383708942561    3336
684 8082.0497543296833101       0                      3342
685 8710.5553919841040624       0                      3347
686 8088.3152882093845619     110.81799840984875516    3352
687 8712.8662797447068442       0.03418240847719024311 3357
688 8717.1911639893660322      39.440398999684717296   3362
689 8082.1652295206831695     331.9509201403240013     3367
690 8081.9790302871069798       0                      3373
691 8081.9920798740085957       0                      3378
692 8081.9441490603503553       0                      3383
693 8083.9809169070340431       0                      3388
694 8084.0127504433003196       0                      3393
695 8713.4328583751121187       0                      3398
696 8718.1966338208803791      34.714104414955770039   3403
697 8083.980332115514102        0                      3408
698 8081.9448112083282467       0                      3413
699 8082.1701599920934314     331.41936353008532024    3418
700 8081.9188346712762723       0                      3423
701 8081.9887097762302801       0                      3428
702 8082.0216019743111246       0                      3433
703 8714.0407777791297121       0.00010768198438600405 3438
704 8715.2490962248994038       0                      3443
705 8088.2012770732299032      72.992346763952340893   3448
706 8081.9711473956003829       0                      3453
707 8083.0026347404700573     321.32794285109616794    3458
708 8088.3102320428342864     111.63388668983984076    3463
709 8089.1535462576503051     117.45000198896083532    3468
710 8714.3014515727081744       0.18347318055379846502 3473
711 8715.4338916725446325      24.014337801266240291   3478
712 8081.9224936411892486       0                      3484
713 8081.99177415324084         0                      3489
714 8081.9214506986809283       0                      3494
715 8083.9929198818872464       0                      3499
716 8083.9825441922848768       0                      3504
717 8715.3964361730559176       0                      3509
718 8713.8927845623184112       0.00000714720859469769 3513
719 8081.9212586271823966       0                      3519
720 8082.8658606315048019       0                      3524
721 8081.9997902212689951       0                      3529
722 8082.0001965097117136       0                      3534
723 8082.8095282229824079       0                      3539
724 8082.8077205616427818       0                      3544
725 8083.9859596901687837       0                      3549
726 8084.8587295286888548       0                      3554
727 8084.8576839513652885       0                      3559
728 8716.4477964096040523     388.27837792466777955    3564
729 8717.9969338060982409     106.83447488034290984    3569
730 8081.9983364469953813       0                      3574
731 8081.9301093699859848       0                      3579
732 8712.8369386338144977       0.00000043027174480193 3584
733 8081.9933946921119059       0                      3589
734 8082.9484504432602989       0                      3594
735 8085.1838323355596003       0                      3599
736 8722.4118732109673147     125.94664297810743392    3604
737 8716.1058533701580018     430.14062396807605637    3609
738 8082.9360281286408281       0                      3614
739 8089.1601248817132728     116.94539277676160793    3619
740 8082.1636453991786766     333.09223647733989537    3624
741 8082.1946329481679641     333.68851008066047825    3629
742 8082.1990083938362659     330.90871763300134489    3634
743 8082.780377877965293        0                      3639
744 8089.1478301468441714     118.62483796424660909    3644
745 8089.174892310166797      118.26392538859850845    3649
746 8714.2427415836846194       1.9424937190924855823  3654
747 8715.1710056594947673       0                      3659
748 8081.9228235066284469       0                      3665
749 8081.9460093823490752       0                      3670
750 8706.3576942940362642       0.33817834784707689888 3675
751 8082.8059222320107438       0                      3680
752 8082.805354132411594        0                      3684
753 8082.8065553666738197       0                      3689
754 8085.2139057019194297       0                      3694
755 8083.9887964907966307       0                      3699
756 8083.9895338561073004       0                      3704
757 8714.9081957402268017     401.96012682116503356    3709
758 8718.4257360428946413     116.40733774808843748    3714
759 8081.9229484476300058       0                      3720
760 8705.3065335788942321       0.36362616744926257173 3725
761 8081.9428681556437368       0                      3730
762 8087.8742149783083732     157.05697693975517382    3735
763 8082.1940438422097941     332.29760009095792839    3739
764 8082.5002040770887106     359.13028262024050719    3744
765 8714.4108875570382224     383.83985794019838522    3749
766 8719.1103796590032289     110.45938467491735935    3754
767 8083.9888614348774354       0                      3760
768 8082.8072349880139882       0                      3765
769 8711.0379293714595406       0.00000072779581544028 3770
770 8082.0159328048575844       0                      3775
771 8081.9450445952543305       0                      3780
772 8716.1259552562951285     371.80245843766704184    3785
773 8718.1982453750042623     100.98164823325664941    3790
774 8707.7329828487236227       0                      3795
775 8082.4924401733615014     358.00110906883207917    3800
776 8087.1955504651141382     148.81343796627905363    3805
777 8083.4399712871309021     299.91335710965915951    3810
778 8085.0577809976339267     341.7965617039176891     3815
779 8092.1261813237551905     137.01832495083709773    3820
780 8092.1547000446889797     137.04214076896397501    3825
781 8083.9862395699337867     343.25545802221870417    3830
782 8715.4997992701410112       0                      3835
783 8713.7862870145490888       0.00011091856832860973 3840
784 8082.966425632098435        0                      3846
785 8706.9866452986934746       0.07980858754124782461 3851
786 8082.7807478780487145       0                      3856
787 8083.653954564650121        0                      3861
788 8712.3380678631729097       0                      3866
789 8717.0862906305865181       1.9414485730947297348  3871
790 8712.0927736979847396       0.00000824178472603066 3877
791 8081.9973873694079884       0                      3882
792 8082.4927237968377085     357.68621299969993288    3887
793 8084.8537748311955511       0                      3891
794 8087.4848329614933391     133.29317712274792029    3897
795 8093.0262904789287859     152.18001948354901742    3902
796 8083.9949812564755121     344.53525214318182179    3907
797 8716.1588367494878185     106.38673942732043542    3912
798 8718.2758513683820638     387.39151085882548387    3917
799 8084.0008850404428813     342.57518941990235817    3922
800 8081.9155516068603902       0                      3928
801 8081.9433451492432141       0                      3933
802 8710.5813640584747191       0                      3938
803 8082.166148232764499      331.70201113351868116    3943
804 8082.8383032122801524       0                      3948
805 8082.7552682246505356       0                      3952
806 8716.2371185333686299     109.41646639423325382    3957
807 8717.2631559159362951     381.93966796413309339    3962
808 8082.9264215498478734       0                      3968
809 8707.0460210024884873       0.02666359037078310651 3973
810 8082.9227970572601407       0                      3978
811 8082.7577255126752789       0                      3983
812 8082.9529979891112816       0                      3988
813 8715.2410530141260097       0                      3993
814 8715.6543505778827239       1.0644476988365472181  3997
815 8081.9725744469933488       0                      4003
816 8088.3413736756720027     111.11675832724492352    4008
817 8083.0070064095061753     321.04949673178759895    4013
818 8083.0302196072989318     321.36984043430817337    4018
819 8088.3073054306232734     111.80161704222456365    4023
820 8082.1980812064648489     331.46155153231870827    4028
821 8089.1565572583158428     117.2779062962932386     4032
822 8720.1191361372293613     128.71322688296697834    4037
823 8714.2455939499577653     401.41049255360752568    4042
824 8088.3217551453035412     110.32796767586899023    4048
825 8081.9234362827537552       0                      4053
826 8083.9843793784175432       0                      4058
827 8089.1777624533206108     118.42590340523869941    4063
828 8716.730912940496637        0.00000527952742321109 4068
829 8712.5579859002482408       0                      4073
830 8082.0349963623311851       0                      4079
831 8082.756175347174576        0                      4084
832 8088.3191996286223002     111.81420999813627759    4089
833 8717.6842562772253586       0.00014848814855234231 4094
834 8711.6088533811616799       0                      4098
835 8082.0283136234711492       0                      4104
836 8082.8401182795532804       0                      4110
837 8088.3377263138481794     111.60875305355345688    4114
838 8089.1511887691603988     117.78335180952178973    4119
839 8083.0046695328046553     321.87232964244100231    4124
840 8715.1594585139428091     400.86837966709589409    4129
841 8718.1733451855961903     115.80321858198080065    4134
842 8081.9237544220022755       0                      4140
843 8084.8508297330472487       0                      4145
844 8715.0727140745111683     372.69487771924082153    4150
845 8719.2556032156244328     101.41813953673299409    4155
846 8092.1164736750843076     136.98241382259041643    4161
847 8084.7923911837997366     346.78145711434933673    4166
848 8721.5605921334536106     125.92417877778264312    4171
849 8716.9645358618599857     428.6958739467831947     4176
850 8092.1150693390636661     137.15500012199373714    4181
851 8082.8662364547544712       0                      4186
852 8708.7583479207605706       0                      4191
853 8082.9253064833665121       0                      4196
854 8081.9164202459787703       0                      4201
855 8716.1768890549719799     361.51083862310252925    4206
856 8718.2742584855550376      95.309429635745033238   4211
857 8082.8643245660714456       0                      4217
858 8082.8618537530219328       0                      4222
859 8707.7072473773387173       0                      4226
860 8081.9198205575039538       0                      4232
861 8082.9488633032588041       0                      4237
862 8716.0274206914691604     139.08451032846514295    4241
863 8717.0488246528930176     427.07348553838704674    4247
864 8082.0427579302049708       0                      4252
865 8715.2365325367445621      81.742664830562006273   4257
866 8719.9214677949366887     394.86587323015146467    4262
867 8081.9508275187436084       0                      4268
868 8706.6033028233869118       0.76587517159896589813 4273
869 8088.3082751175525118     112.1271231077846835     4278
870 8088.3138388602483246     111.14183705929168866    4283
871 8715.3392005354253342       0.15543234953815479593 4288
872 8715.7259675502627942       0                      4293
873 8081.9535374351498831       0                      4299
874 8082.8078398556572211       0                      4304
875 8082.8356463852041998       0                      4309
876 8084.017699521553368        0                      4314
877 8081.9290101588312609       0                      4319
878 8708.932317068654811        0                      4324
879 8081.9151187665493126       0                      4329
880 8081.9186172812878795       0                      4335
881 8081.9961349860659539       0                      4340
882 8081.9257926185428005       0                      4345
883 8081.9444769443598489       0                      4350
884 8081.9171294087445858       0                      4355
885 8081.919250560978071        0                      4360
886 8081.9174166122047609       0                      4365
887 8082.017206981234267        0                      4370
888 8082.8019485329887175       0                      4375
889 8082.9199913934398865       0                      4380
890 8715.1694233021698892       0                      4384
891 8715.8108077093675092       5.9702613276308786894  4389
892 8081.9236315486032254       0                      4395
893 8081.9998739611164638       0                      4400
894 8709.4621937867050292       0                      4404
895 8081.9191705067687508       0                      4410
896 8082.0224145480606239       0                      4415
897 8081.9429209166828514       0                      4419
898 8081.915516104035305        0                      4424
899 8082.7535575608608269       0                      4429
900 8082.9225881520123949       0                      4434
901 8083.9971784219869733       0                      4439
902 8713.5151521645475441       0.00341169662138491887 4444
903 8718.1028972715066629      20.516421821047330809   4449
904 8081.9719996276144229       0                      4455
905 8081.9163619098035269       0                      4460
906 8084.8802163107557135       0                      4465
907 8081.9888256743861348       0                      4470
908 8083.9783152727914057     343.38869864967551848    4475
909 8092.161926992224835      137.25188028580879518    4480
910 8085.7290672867648027     349.42726916819754024    4485
911 8714.7117865797572449       1.3338154828760035997  4489
912 8716.3353578554379055      15.274843342723816164   4494
913 8082.0658697784137985       0                      4500
914 8708.2375870833620866       0                      4505
915 8082.9234475227231087       0                      4510
916 8082.9482133359324507       0                      4515
917 8083.9899556892496548       0                      4520
918 8089.1937644302824992     117.93163965460438192    4525
919 8714.0982052850667969     363.5659889906677904     4530
920 8720.3648816443237592      96.283162821900518225   4535
921 8084.0017742234249454     341.66493355859233816    4541
922 8082.861263200967187        0                      4546
923 8713.3287988034589944       0.55134869408308306848 4551
924 8716.3452583570142451      12.488631493714853704   4556
925 8082.1613274428182194     332.23394583497565691    4561
926 8082.9846243083866284       0                      4567
927 8708.7843472037002357       0                      4572
928 8083.9652564784228161     324.318621837384228      4577
929 8086.6483658166189343     126.95975836857290631    4582
930 8082.1901625482769305     332.58070078198488773    4587
931 8092.1592595925158093     137.42191071391408741    4592
932 8085.0519401290557653     342.89208261297170566    4597
933 8712.8401687191399105       0.03190077408119808278 4602
934 8717.216808292290807       39.468351347331939394   4607
935 8716.9821563207169675     127.11980227086600337    4612
936 8717.388489059805579      398.5995184409561034     4617
937 8082.7872324551617567       0                      4623
938 8082.7953458901311024       0                      4628
939 8082.7558430909612071       0                      4633
940 8092.1337129187822939     137.22791651817487946    4638
941 8082.1720281186780994     333.95146206974601455    4643
942 8084.7898622027050806     345.81171368128985932    4648
943 8089.1629198795508273     118.13020130619263171    4653
944 8714.8566625166913582       0                      4658
945 8716.0276555421551166       1.0106863453986938417  4662
946 8092.1321834495793155     137.83152139181902385    4668
947 8081.9768982634441272       0                      4673
948 8708.1457258970640396       0.02383087108257376727 4678
949 8082.9190409795255619       0                      4683
950 8083.4324980859419156     300.41437075748416419    4688
951 8089.1603061441037426     117.10598967768279977    4693
952 8082.0446754683416657       0                      4699
953 8088.3137315308194957     110.31546624938309265    4704
954 8089.1638998404014274     117.79618468151652166    4709
955 8082.1698047463150942     333.3970770596634452     4714
956 8083.0137154835101683     323.54166759261443076    4719
957 8712.9142861131367681       0                      4724
958 8716.5059325871625333       1.975281045823863435   4728
959 8082.9787916702625807       0                      4734
960 8712.3843709506327286       0                      4739
961 8082.1648761327533066     331.39796647914954519    4744
962 8085.7383584583631091     353.11612610345969188    4749
963 8088.3225361445511226     111.64644903179197399    4754
964 8089.0549378238902136     131.7775006415132566     4759
965 8089.1521338390666642     117.09321033765371567    4763
966 8092.132213279134703      137.65879400651164133    4768
967 8082.9981389120839594     321.30702205297751561    4773
968 8083.4288941946724663     298.7180324713229993     4778
969 8714.4555600760795642      81.742752430618466519   4783
970 8720.6960757444521732     394.69261239331916613    4788
971 8083.9826427896150562     345.71719711404460895    4793
972 8081.9274635255678731       0                      4798
973 8081.9429966318448351       0                      4803
974 8712.7977516890168772       0.58117022224908665429 4808
975 8716.8672778096661204      12.373722074361579004   4813
976 8082.0629734754174933       0                      4819
977 8082.7582111163319496       0                      4824
978 8082.9206324697279342       0                      4829
979 8716.4198430355627352     372.21831596889103366    4834
980 8717.8905618483549915     101.27119277854814072    4839
981 8081.9195003569848268       0                      4844
982 8081.9454739876928215       0                      4850
983 8092.9979235510791113     151.90976873591134222    4855
984 8082.4929449819328511     358.29446369836659869    4862
985 8083.980252568438118      344.3021922485442019     4867
986 8087.4610045257677484     132.98061466473495784    4871
987 8092.137540482980512      137.05864888667832702    4876
988 8084.7888370921418755     344.84447767172719068    4881
989 8713.3729265629699512       1.0542864879504381115  4886
990 8717.5302498605597066       0                      4891
991 8082.1625053116522395     332.53839088270393631    4896
992 8713.7198521519130736       0                      4902
993 8081.9929714388799766       0                      4907
994 8083.9926486939375536       0                      4912
995 8081.9847604919104924       0                      4917
996 8081.9904444413541569       0                      4922
997 8082.7986017235534746       0                      4927
998 8082.9531982928410798       0                      4932
999 8717.4403552545718412     100.85438802730418217    4937
1000 8716.8718197287471412     371.50764551378199485    4942
