1 8700.2502107270920533     178885.76455709361471       4
2 8743.413800060394351      168348.54193589036004       9
3 8787.7239353378681699     179314.59397019376047       13
4 8800.1773371231920464     181762.70179269142682       17
5 8777.8727929926062643     181952.52527836913941       21
6 8601.9196243326332478     91585.962340830548783      26
7 8483.2370046638807253     2170.0442956535075609     30
8 8554.788683301940182      31978.236999509448651      34
9 9032.6758603347225289     124500.66914887042367       39
10 9115.9389579304988729     220381.25174508057535       43
11 8584.4932162807999703     18585.228781919104222      47
12 8402.5789557708721986     1448.3642934136453277     52
13 8269.3061137942768255     15142.894934555881264      56
14 8297.4412862039953325     12011.980498432714739      60
15 8359.0457759449491277     26784.254187039827229      65
16 8276.4369352931189496     30684.900718765620695      69
17 8392.8209315365093062     32190.558417301843292      74
18 8392.8862268397497246     28164.284620888232894      78
19 8433.9186839996655181     16810.333203639620478      82
20 8550.6342879406111024     22735.410914162050176      87
21 8282.8668971541574138     1435.6464442838789637     91
22 8260.8567399250860035     9796.1605648719669261     96
23 8193.542111738704989      1022.7668101021637312     100
24 8225.3270035874902533     5215.0367819513985523     105
25 8202.6900131765924016     4688.0256864123039122     109
26 8244.007382668874925      37458.011303076047625      114
27 8250.9298339828364988     36265.794283297487709      118
28 8271.2447292345259484     34668.91735253042134       123
29 8250.9235735748679872     726.66354564784353443    128
30 8219.8220599024953117     853.68150003266043768    132
31 8189.3319253680347174     1461.7908636487031799     137
32 8274.627823188147886      1270.6208169940712196     142
33 8195.4727000885995949     956.4506447941236047     146
34 8220.1849048982785462     20272.693954029124143      151
35 8225.43223045234663       7522.1514704872943184     155
36 8543.3968492430685728     3227.0023814740011403     160
37 8256.4714098179974826     2213.3034670860847655     165
38 8299.3680579536194273     6104.5524214239721914     170
39 8426.0611908753071475     136649.69059179973556       175
40 8220.2308226574896253     4799.8130043410510552     180
41 8182.4291198389310011     646.70589144686846339    184
42 8193.0192891392998717     727.0742162370005417     189
43 8257.4630251462258457     790.678103250436493      194
44 8211.0587032146468118     19104.218398244054697      199
45 8314.6249665150389774     35083.898484383433242      204
46 8243.21783918885194       981.72004328940363393    208
47 8193.2305587984265003     2519.5913823133796541     213
48 8195.907287693793478      2504.6941562134597916     218
49 8447.7834495839906594     30533.174321561902616      222
50 8296.6436435853938747     4920.1263415816574707     227
51 8231.8422669122301158     53003.020543357153656      232
52 8216.7060374693701306     17161.592248641984042      237
53 8269.4161882102926029     17975.120895539956109      241
54 8408.9766978751904389     3924.1890765776356602     246
55 8601.7655518998235493     103399.38625712103385       251
56 8221.8695386011531809     2912.8742507413485328     256
57 8310.2248236658379028     16092.17569779585574       260
58 8182.8073339035909157     1478.2114663511906656     265
59 8299.9940747645341617     707.47102606517978529    270
60 8192.9887296904907998     1734.2389111702250375     275
61 8174.2828322300956643     719.08382872570348354    279
62 8182.6567401090969724     899.80616106532909271    284
63 8256.8561086532608897     3692.5155001441776221     289
64 8174.5253717659497852     197.16008774960494065    294
65 8171.8397385842163203     148.2922294124710163     298
66 8176.3556019898023806     143.21317861987509445    303
67 8633.5333173297494795     220064.42030453897314       308
68 8200.247821055832901      28543.912242892874929      312
69 8192.0784835553677112     537.3044946115401217     317
70 8192.5870447162651544     1434.732373093056367      322
71 8190.845361533743926      2173.4814619198809851     326
72 8247.3058990897388867     1529.5262490065078964     331
73 8261.1805491748436907     30980.163072422867117      336
74 8195.7686923759247293     8842.5420549158789072     340
75 8207.0232624507862056     1889.7456535401515794     345
76 8195.3034096244591638     518.63977012195960015    350
77 8170.5889122867902188     419.95133238963131816    354
78 8218.1201156716797414     10439.994526278467674      359
79 8192.856726278007045      128.56029227081830868    364
80 8147.2169718084378474     7232.345033029591832      368
81 8096.2236116691019561     142.17525953494259738    373
82 8118.0791634154493295       0                      378
83 8123.1234788559595472     164.89550599014557974    382
84 8234.0531515924576524      38.658217948343256865   387
85 8177.4740531245379316      65.940280262053676097   392
86 8116.3906055196330271       1.3948353170272493884  396
87 8098.0098550914190128      10.514967921341058954   401
88 8142.1065011756909371     184.94648415616896386    406
89 8126.9312210193656938     1408.5394648641411095     411
90 8131.4188366355338076     113.40874183625572869    415
91 8097.2576425250026659       0                      420
92 8087.6261156474738527       0.21047956908897824668 425
93 8298.0637576027511386     1663.908414506599911      430
94 8190.7513839000603184     281.75536756703866104    434
95 8124.2056346564686464     2884.7887875491487648     439
96 8105.518197814189989      308.32698873671006368    444
97 8097.1252196349860242     120.49866961333222548    449
98 8120.9750485636996018       0                      454
99 8102.853021329033254      110.6946039735511107     458
100 8176.8989035508529923      25.170088667701492113   463
101 8256.4716596019006829       0                      468
102 8090.9177714103307153       0.25467330061408954833 472
103 8103.6682327219441504      91.420374736263283921   477
104 8135.6210880230291878       4.3236817650596854889  482
105 8095.3963676690818829     112.89358840755461699    486
106 8100.4737142693666101     3317.7371242942276695     491
107 8159.9442676945573112     3046.5121188106049885     496
108 8234.3612078496444155     3959.0572621992141649     501
109 8423.9508009906585357     1660.1346777457813459     505
110 8182.1738896955112068     395.96480519124975217    510
111 8260.0172119764702074     1612.391516656838121      515
112 8183.2684023985639215     297.95493166355680614    519
113 8081.9913996408413368       0                      524
114 8137.4264430915918638       0.25883453440654935473 529
115 8097.6024509749313438     218.50727991613283052    534
116 8085.5381376653631378       0                      539
117 8082.2725036351403105     330.46615241930317097    543
118 8107.2781273562595743     183.45017698364785019    548
119 8113.2004604151434251       0                      553
120 8084.3637862829036749       0                      558
121 8113.3802609892145483     221.54240670078939957    563
122 8113.5306594369203594     121.88014352441334154    568
123 8111.9898551381320431     2204.8553839730088839     573
124 8121.6073616459743789     314.03533701423037883    577
125 8109.2690873277852006     1001.7529981141112785     582
126 8120.4792554635296256     1459.9662612125487158     587
127 8125.8385188312040555     2361.0355559297486252     592
128 8151.6457839494141808     5570.5436675087839831     596
129 8157.419058403359486        0                      601
130 8122.4258114209696942       0.00188215342339976286 606
131 8165.5738056535383294     6795.1000046949502575     611
132 8170.603359253376766      7827.2339328879434106     615
133 8169.0458634425749551     1825.6722978594627875     620
134 8134.6673125217084817     219.43270342819616303    625
135 8091.6943804243301201     425.55517503926870404    629
136 8106.0627584873354863     141.47283569864598007    634
137 8081.9763730716404098       0                      639
138 8082.0598480495436888       0                      643
139 8666.6264944228987588     3765.1497916090088438     648
140 8135.7044657860878942     3372.8976675424673886     653
141 8109.0018275826350873     1093.3384079461761758     657
142 8092.8762592245393535     680.66811967944909156    662
143 8137.5316478556751463     7572.6680769293543563     667
144 8085.8849646269409277     494.33357337690006261    672
145 8107.1693176155558831     138.07565045332617615    677
146 8082.170273206776983        0                      681
147 8081.9736618965580419       0                      686
148 8082.4661079740399146       0                      691
149 8095.3969249350930113     241.6864000560219381     695
150 8099.3696254972628594     298.52039120085248669    700
151 8114.7179203301193411     237.40173081485156104    705
152 8113.9509252414136427     235.05410087008294795    709
153 8087.4585367745658004     456.22581061060429874    714
154 8106.7567333835049794     139.94053915321390491    719
155 8091.3857602999905794       0                      724
156 8113.6134668337381299       0                      728
157 8084.4517100180901252       0                      733
158 8088.9943901270407878       0                      738
159 8088.3625327715026287     114.52299145433515548    742
160 8089.5847975233255056       0                      747
161 8092.248000266847157        0                      752
162 8103.0057022341161428     921.55211523194600431    757
163 8097.4318198699029381       0                      761
164 8162.2643606299734529       0.76414264206656568046 766
165 8095.5706025278268498       0.53455644525673207124 771
166 8103.5045562978702947     181.78860705679619514    776
167 8102.7401254649830662     365.37704612599202392    780
168 8150.0668456064158818     144.09938034553638886    785
169 8132.5024628753835714       0                      790
170 8291.2619181028021558     254.86708502733540627    794
171 8111.6777931207334404       0.33172317732593781248 799
172 8082.9964965411618323       0                      804
173 8131.3854294722441409     286.54804700438876353    809
174 8082.9381876263505546       0                      813
175 8086.4843625135163165       0                      818
176 8083.7535699270865734       0                      823
177 8085.8606622418656116       0                      827
178 8088.2026028579693957      76.11000150310823642    832
179 8086.7031720199702249     595.44929283390547425    837
180 8094.340346547437548      264.47753935426032967    841
181 8127.8449477108333667     1316.8764482686915471     846
182 8084.6373869386961815     499.80688569542672894    851
183 8082.5823743975124671       0                      856
184 8119.6110335729345024     198.69832767587863032    860
185 8087.1568545724794603       0                      865
186 8082.8553280639225704       0                      870
187 8123.0281812901584999       0.26397955790663574227 875
188 8082.0180904821354488       0                      879
189 8082.0355594615766677       0                      884
190 8082.9325872273429923       0                      889
191 8082.7795396540432193       0                      893
192 8082.3967098554740005       0                      898
193 8082.5979863800675957       0                      903
194 8082.3941439418476875     323.33652465180227864    907
195 8122.3046956248863353       0                      912
196 8092.2028060784741683     242.61531242187078306    917
197 8087.639465992319856        0                      922
198 8084.6886977051581198       0                      926
199 8082.3671947503262345     328.58388460852421531    931
200 8081.9958732949135083       0                      936
201 8081.9846819361109738       0                      940
202 8082.0950228308147416       0                      945
203 8082.1275657055521151       0                      950
204 8081.965665340164378        0                      954
205 8082.9309983519578964       0                      959
206 8082.0256682081853796       0                      964
207 8081.9282902562308664       0                      968
208 8081.9639177999333697       0                      973
209 8082.0299687266315232       0                      978
210 8082.0020177484375381       0                      983
211 8082.1831689560176528     334.25669811346273264    987
212 8081.9526856393158596       0                      992
213 8082.2529917008005214       0                      997
214 8082.7743951659767845       0                      1002
215 8082.946002683675033        0                      1006
216 8136.0516760082591645     381.09768778987410087    1011
217 8082.152216198827773        0                      1016
218 8082.2553537147423413       0                      1020
219 8081.928566463050629        0                      1025
220 8082.0513918709384598       0                      1030
221 8088.7362809534170083     114.40665100318437908    1034
222 8116.1016761869850598     611.38715203499532436    1039
223 8082.4880448700978377     349.61356754637068889    1044
224 8082.4641031310420658       0                      1049
225 8082.4443865301755068       0                      1053
226 8082.4498170426404613     335.2338143387000855     1058
227 8082.0473855120844746       0                      1063
228 8082.0036252287291063       0                      1068
229 8082.0809364811366322       0                      1072
230 8082.8587590696270127       0                      1077
231 8081.9735404334860505       0                      1082
232 8082.0520531426791422       0                      1087
233 8082.9376960116924238       0                      1092
234 8082.0824284940617872       0                      1096
235 8088.3513527826016798     110.36422357183403165    1101
236 8118.6958037659469483     251.033352669068762      1106
237 8138.8907606099937766     2675.7898500389651417     1111
238 8082.2186029771555695     329.34832315732785446    1115
239 8087.9856600971388616     158.55362955290911486    1120
240 8089.8391209206438361     141.33776972490682056    1125
241 8082.2022568627335204     328.90459941674680522    1130
242 8081.9249722062440924       0                      1134
243 8081.9248892400501063       0                      1139
244 8082.0133931645877965       0                      1144
245 8082.8269234536110162       0                      1148
246 8082.9663399357141316       0                      1153
247 8082.2187050577495029     329.44177047129124958    1158
248 8081.9356198764535293       0                      1163
249 8081.9972014041322836       0                      1167
250 8081.968078340426473        0                      1172
251 8082.9803769875634316       0                      1177
252 8129.3988943082713376     1352.5165428547354622     1182
253 8081.9459256395512057       0                      1187
254 8082.2990081569296308       0                      1191
255 8081.9952501375000793       0                      1196
256 8083.0778705167149383       0                      1201
257 8082.3989492890659676     347.20695237995295201    1205
258 8123.2193706057460076     245.30139309950644133    1210
259 8082.0110050453986332       0                      1215
260 8083.5683125329296672       0                      1220
261 8121.3990535972170619     254.09791601005463235    1225
262 8082.1935152052610647     330.28910802313760087    1229
263 8081.9296529620232832       0                      1234
264 8081.9296242111959145       0                      1239
265 8081.9609506245396915       0                      1244
266 8083.9730404901629299       0                      1248
267 8082.1813215780948667     331.10204399638178074    1253
268 8082.9307903766466552       0                      1258
269 8082.7633097167326923       0                      1262
270 8084.0216393009341118       0                      1267
271 8123.1539352836307444       0.03744448857194348362 1272
272 8122.6160440037265289       0                      1276
273 8082.0109382672717402       0                      1281
274 8116.1310679532598442     534.61242258002766903    1286
275 8116.2771472762779013     532.62115586732193151    1291
276 8082.0467199690683628       0                      1295
277 8082.2009678742606411     329.455539949267461      1300
278 8081.9251842933008447       0                      1305
279 8082.0150476223825535       0                      1309
280 8082.928879686854998        0                      1314
281 8122.96185926607086         0.00938560722313377775 1318
282 8081.9228712807143893       0                      1323
283 8081.9497264208794149       0                      1328
284 8082.0508129594018101       0                      1333
285 8120.8776142479846385       0                      1337
286 8082.5034050700924126       0                      1342
287 8121.7169761735822249       0                      1347
288 8082.2100592033693829     328.62285719162218811    1352
289 8081.9503679351309984       0                      1356
290 8081.9508022294121474       0                      1361
291 8082.7680112487632869       0                      1366
292 8082.9285506202095348       0                      1371
293 8119.4966469154996958       0                      1375
294 8082.3583148145071391     322.0133825462146433     1380
295 8081.9207205773727765       0                      1385
296 8081.9241369354458584       0                      1389
297 8081.9188346712762723       0                      1394
298 8081.9913193275970116       0                      1399
299 8082.0112184778690789       0                      1404
300 8082.9107864459265329       0                      1409
301 8129.7138181541968152     2747.6688857554063361     1414
302 8082.2061110729946449     329.75914920713336187    1418
303 8083.6288278762840491       0                      1423
304 8081.9434730164439316       0                      1428
305 8082.7699130142273134       0                      1433
306 8082.9277959572846157       0                      1437
307 8082.9349636744400414       0                      1442
308 8082.1907248188617814       0                      1447
309 8081.9932133078846164       0                      1452
310 8082.1704583264327084     333.36249111754392516    1457
311 8121.7281335271691205     238.63002000661714419    1462
312 8130.488274183780959      1327.0570888753170493     1467
313 8085.2159662453041165       0.11711274718510798765 1471
314 8081.9312827479416228       0                      1476
315 8082.044750782394658        0                      1481
316 8119.2931715164959314       0                      1486
317 8125.5124004684785177     246.93407764568976859    1491
318 8082.2166546318985638     330.06276155350110457    1495
319 8081.9186758322175592       0                      1500
320 8081.9226007462793859       0                      1505
321 8081.9716447030777999       0                      1510
322 8125.1819598620222678     1328.214378938451091      1515
323 8116.9240153306682259       0                      1520
324 8082.2027279263274977     331.1796598660384916     1525
325 8081.9216444181702173       0                      1529
326 8081.9171255172268502       0                      1534
327 8082.0459033984725465       0                      1539
328 8119.6328910266138337       0                      1544
329 8081.9697514478966696       0                      1548
330 8081.9816352766110867       0                      1553
331 8120.1473563312902115       0                      1558
332 8082.1971731519624882     331.46222181147339825    1562
333 8081.9237544220022755       0                      1567
334 8081.9429209166828514       0                      1572
335 8082.9290635966926857       0                      1577
336 8081.9171294087445858       0                      1582
337 8081.9163619098035269       0                      1586
338 8081.9916010048846147       0                      1591
339 8081.9670717100525508       0                      1596
340 8081.9540126198689904       0                      1600
341 8120.3964850714937711       0                      1605
342 8082.1941610954254429     331.191535031136425      1610
343 8081.9713937807064212       0                      1614
344 8082.9293634972618747       0                      1619
345 8081.9174166122047609       0                      1624
346 8081.9228797850419141       0                      1629
347 8081.97216094974101         0                      1633
348 8081.9937387579893766       0                      1638
349 8082.7685376482313586       0                      1643
350 8084.1282029314543252     520.46856352771294496    1647
351 8122.0062770950544291       0.04367141585760348638 1652
352 8123.8213353115061182       0                      1657
353 8083.9991839479371265       0                      1661
354 8081.9202143683196482       0                      1666
355 8081.9181511017350203       0                      1671
356 8118.3121583139090944       0                      1676
357 8118.5952782904423657       0                      1680
358 8082.1974745872648782     330.63840139298548593    1685
359 8081.9207226971630007       0                      1690
360 8081.9151187665493126       0                      1694
361 8081.9212586271805776       0                      1699
362 8081.915516104035305        0                      1704
363 8122.923241152009723        0                      1708
364 8081.9332541298954311       0                      1713
365 8121.082321764545668        0                      1718
366 8081.919250560978071        0                      1722
367 8081.9321344942090946       0                      1727
368 8082.0018877256161431       0                      1732
369 8083.0124375232226157       0                      1736
370 8117.2992035285606107       0                      1741
371 8081.9477039226931083       0                      1746
372 8082.1636453991786766     333.09223647733989537    1750
373 8083.6857302086691561       0                      1755
374 8081.9642849129259048       0                      1760
375 8131.0694260199661585      77.159206899696627602   1765
376 8084.1468613544957407       0                      1769
377 8117.3125536607094546       0                      1774
378 8081.9155516068603902       0                      1779
379 8126.1322089564655471     302.8914023115325449     1783
380 8081.9162446564741913       0                      1788
381 8081.9359045783321562       0                      1793
382 8081.9191705067687508       0                      1797
383 8082.7674880710337675       0                      1802
384 8082.9199913934398865       0                      1807
385 8081.9888256743861348       0                      1811
386 8088.3077032904984662     113.28594739536723068    1816
387 8122.4056582143111882       0                      1821
388 8122.7866467187559465       0.01403553428409158588 1825
389 8081.9792274842466213       0                      1830
390 8084.0041206057221643     547.2236685559887519     1835
391 8120.3928601078778229       0                      1839
392 8082.1872981706437713     331.7561216354712883     1844
393 8081.9232702278804936       0                      1849
394 8081.9162248666279993       0                      1853
395 8081.9175675008182225       0                      1858
396 8081.9945348779774577       0                      1863
397 8083.9971784219869733       0                      1867
398 8082.1628485197270493     333.92999809756719287    1872
399 8082.7535575608608269       0                      1877
400 8088.3102320428342864     111.63388668983984076    1882
401 8121.9205093008149561     228.16911373132342078    1886
402 8135.8603449104648462     2766.221474589954596      1891
403 8083.9688519108340188     554.4550910611552581     1896
404 8083.6892098133821492       0                      1901
405 8122.9875619275671852     515.52470018985832212    1905
406 8082.1849626882567463     332.03846460147184416    1910
407 8081.923270227897774        0                      1915
408 8081.9154192493651863       0                      1919
409 8082.9223788947847424       0                      1924
410 8083.4408397735542167     326.59535355021205305    1929
411 8083.9899556892496548       0                      1933
412 8088.3138388602483246     111.14183705929168866    1938
413 8088.3266822002269691     111.15436506187459997    1943
414 8125.0752453520062772     258.03690662264551747    1947
415 8126.8954292628523035     1328.8863274987038494     1952
416 8081.9922663708539403       0                      1957
417 8081.9164449962099752       0                      1962
418 8119.1026188389960225       0                      1966
419 8081.946999268109721        0                      1971
420 8081.9194838771300056       0                      1976
421 8118.4289693196396911       0                      1980
422 8081.9164202459787703       0                      1985
423 8082.1613274428182194     332.23394583497565691    1990
424 8129.3955630944974473      81.373009214409748324   1994
425 8081.9187874482086045       0                      1999
426 8081.9203839055498975       0                      2004
427 8121.3475000864627873     233.96122187906524914    2009
428 8123.9397502339297716     255.15373930067579522    2013
429 8081.9155207554531444       0                      2018
430 8083.6263736010196226       0                      2023
431 8085.1908267250810241       0                      2028
432 8084.854596975844288        0                      2032
433 8124.017825822346822      247.35903007995767666    2037
434 8127.229856829554592      1323.4296681918049217     2042
435 8081.9997902212689951       0                      2046
436 8081.9933946921119059       0                      2051
437 8082.78521707735581         0                      2056
438 8082.9225979244638438       0                      2060
439 8083.6554358316707294       0                      2065
440 8084.1370995642319031     351.52274184926807266    2070
441 8088.3375204040758035     111.26129380002559799    2074
442 8121.9817737434768787       0.00652883431924572086 2079
443 8122.8753278234516984       0.00003543882419971637 2084
444 8081.9169433636252506       0                      2088
445 8124.2567498580956453       0                      2093
446 8081.9842304234816766       0                      2098
447 8082.0081190011105718       0                      2103
448 8118.874570294699879        0                      2108
449 8119.7231893424495865       0                      2112
450 8082.7545906771301816       0                      2117
451 8081.9193024226451598       0                      2122
452 8081.9877869282199754       0                      2127
453 8083.4788620379231361       0                      2132
454 8083.9887964907966307       0                      2136
455 8084.8526635116822945       0                      2141
456 8128.6856087231572019     325.89649419383653139    2146
457 8122.9466113740863875     549.31236381390021961    2151
458 8082.4908449041131462     356.5367529293617963     2156
459 8119.7827575665260156       0                      2161
460 8122.546286796460663      228.95091303888992229    2165
461 8081.9851735521679075       0                      2170
462 8082.7996196349522506       0                      2175
463 8082.8386047311196307       0                      2180
464 8084.0013524558926292       0                      2184
465 8084.8508297330472487       0                      2189
466 8084.8590974210492277       0                      2194
467 8084.0130638181562972       0                      2199
468 8125.4691377958006342     249.13171409759564767    2203
469 8127.5976832163814834     1334.0285420308555331     2208
470 8095.0532176580363739      67.992652302866602554   2213
471 8081.9721293698867157       0                      2218
472 8081.9797606397960408       0                      2223
473 8120.7065975311707007       0                      2227
474 8082.7579632074566689       0                      2232
475 8081.9206495070820893       0                      2237
476 8082.7832342952096951       0                      2242
477 8081.9443438167600107       0                      2247
478 8082.7905979354245574       0                      2252
479 8082.930985263185903        0                      2257
480 8118.4263375814480241       0                      2261
481 8129.5668234666300123      81.545978598022969663   2266
482 8081.9174005135400876       0                      2271
483 8119.5635783250299937       0                      2276
484 8081.9193173883704731       0                      2280
485 8081.9191948144507478       0                      2285
486 8082.7997082776173556       0                      2290
487 8082.9206324697279342       0                      2294
488 8082.9236464548612275       0                      2299
489 8083.9884955984316548       0                      2304
490 8123.8648996391984838       0.00048556344855487402 2308
491 8122.4137368935562336       0                      2313
492 8118.3719269562052432       0                      2318
493 8082.8024899778747567       0                      2323
494 8083.9929198818872464       0                      2327
495 8083.3630314147440004     348.08602058961275816    2332
496 8086.647902027388227      126.78079346880450373    2337
497 8083.980252568438118      552.60855529719447077    2341
498 8092.9979235510791113     293.90647648694385907    2346
499 8123.05727734975153         0.00014982174965131006 2351
500 8123.7952047687367667       0                      2355
501 8087.1539465593150453     144.29468726882771534    2360
502 8081.9164530493508209       0                      2365
503 8117.6798432031155244       0                      2370
504 8118.1971317296920461       0                      2375
505 8118.7632405749964164       0                      2379
506 8083.3584437521703876     347.51930247404675356    2384
507 8086.6461067866357553     126.43516629327585576    2389
508 8089.1544967543732128     117.61108264801966072    2394
509 8092.1337129187822939     262.52300470637214858    2398
510 8084.7898622027050806     584.22445140277056908    2403
511 8129.7239023766460377      69.648733512354453978   2408
512 8081.9167177763774816       0                      2413
513 8117.687215024849138        0                      2417
514 8082.9191081758044675       0                      2422
515 8122.6078581398733149       0.00246710788082220994 2427
516 8123.330322998617703        0                      2431
517 8082.1660826803517921     332.25535806025959573    2436
518 8081.9172030415002155       0                      2441
519 8082.7986017235534746       0                      2446
520 8081.9929714388799766       0                      2450
521 8083.9926486939375536       0                      2455
522 8082.4954242079738833     358.87015193793848766    2460
523 8082.1733538938633501     333.11368528478089956    2465
524 8089.0706601542260614     132.34038412697347553    2469
525 8121.539128079008151      491.40305232341461306    2474
526 8129.3267956552936084     328.08569338568219109    2479
527 8081.9973591352600124       0                      2483
528 8081.918787448207695        0                      2489
529 8081.9167177763920336       0                      2493
530 8116.8304324402015482       0                      2498
531 8081.995671463853796        0                      2502
532 8118.6471366564883283       0                      2507
533 8082.4915085665943479     357.40441088859716956    2512
534 8087.1929048299507485     148.03685648794009921    2516
535 8082.1625053116522395     332.53839088270393631    2521
536 8093.0678911474878987     330.47124272118998078    2526
537 8129.6755722177113057      80.531418450721943714   2530
538 8082.7558430909612071       0                      2535
539 8082.7582111163319496       0                      2540
540 8124.2747476579870636     278.88869677529174851    2544
541 8128.1296393890497711     1317.5947400519810344     2549
542 8082.4910330404263732     357.11141423587446297    2554
543 8117.1735978496444659       0                      2559
544 8089.0549378238902136     131.7775006415132566     2564
545 8089.1807516724711604     117.91883851510948489    2568
546 8082.1901625482769305     332.58070078198488773    2573
547 8082.9981389120839594     321.30702205297751561    2578
548 8119.3262417081232343       0                      2582
549 8129.3608179086113523      64.086641805642983627   2587
550 8081.9206835495597261       0                      2592
551 8117.6966595678104568       0                      2597
552 8081.9907422604719613       0                      2602
553 8084.0009842928275248       0                      2606
554 8083.9933251506845409       0                      2611
555 8124.8227798096222614     248.64227168484987374    2616
556 8127.9145086546204766     1347.0988611299712829     2620
557 8084.2093303282899797       0                      2625
558 8117.5707155263426102       0                      2630
559 8118.4815826900030515       0                      2635
560 8082.8241705514801652       0                      2639
561 8082.9225881520123949       0                      2644
562 8117.7909586915257023       0                      2648
563 8083.9843793784175432       0                      2653
564 8130.3460482700575085      64.342914852545774806   2658
565 8083.9841287306526283       0                      2662
566 8082.7809968831252263       0                      2667
567 8082.017206981234267        0                      2672
568 8082.9190409795255619       0                      2677
569 8081.9847604919104924       0                      2682
570 8082.8014668024416096       0                      2686
571 8084.8752525063864596       0                      2691
572 8122.8839089037901431       0.00114550873629281399 2696
573 8123.2002829249704519       0                      2700
574 8083.9899556892496548       0                      2705
575 8082.0240816926998377       0                      2710
576 8082.780377877965293        0                      2715
577 8084.8623771691200091       0                      2719
578 8085.9325652505522157       0.12489657936654238735 2724
579 8082.8030234908374041       0                      2729
580 8082.9496423698228682       0                      2733
581 8124.6459648229611048     247.88590701834610286    2738
582 8127.5035769706237261     1322.071661248440023      2743
583 8093.07346602938469       331.15484876905316014    2748
584 8083.9591498011404838     323.49210067072436914    2752
585 8083.9783152727914057     550.3822947269644601     2757
586 8085.0519401290557653     614.83139772916024413    2762
587 8118.7588337697534371       0                      2767
588 8129.3733536837999054      64.032562971348667702   2771
589 8082.1648761327587636     331.39796647914954519    2776
590 8081.9192505609980799       0                      2781
591 8081.9172324014280093       0                      2785
592 8117.3414072865416529       0                      2790
593 8083.6292197299017062       0                      2795
594 8123.1399150101460691       0                      2799
595 8083.9929471824361826       0                      2804
596 8081.9193024226551643       0                      2809
597 8081.9201433881180492       0                      2814
598 8081.9858504820695089       0                      2819
599 8084.8476037644204553       0                      2823
600 8124.9011495701897729     280.01627606579631902    2828
601 8128.0400993387602284     1329.93027227241123       2832
602 8081.987796503825848        0                      2838
603 8081.9172324014280093       0                      2843
604 8085.7313472923387963     650.50125423142003456    2847
605 8087.2225710458169488     149.34038562644366266    2852
606 8083.9852644520506146     322.98702607489690308    2857
607 8092.1592595925158093     262.76611555574095291    2861
608 8124.438147658563139      279.73315868031039599    2866
609 8128.4990726589576298     1328.1692585909827358     2871
610 8083.6295900616260042       0                      2876
611 8118.8214099002716466       0                      2880
612 8129.6744806719607368      79.974562201013284835   2885
613 8081.9295979996340975       0                      2890
614 8081.9429966318448351       0                      2895
615 8081.9444769443598489       0                      2901
616 8118.1409102089428416       0                      2905
617 8082.7950156911556405       0                      2910
618 8082.9482133359324507       0                      2914
619 8083.9861339457593203       0                      2919
620 8129.8452393674142513      80.703652663992471616   2924
621 8081.9904444413541569       0                      2929
622 8117.9593190529431013       0                      2933
623 8082.4929449819328511     358.29446369836659869    2938
624 8084.0183672156708781       0                      2943
625 8086.645815696313548      126.09020824818806261    2948
626 8092.1313908938655004     262.68449144364672065    2952
627 8130.5555746284071574      54.837546556008618381   2957
628 8088.3101768115966479     110.96212734689930812    2962
629 8082.1628865455622872     332.7873980549691737     2967
630 8129.2133489043990267      80.701305670626396704   2971
631 8092.1181006044234891     261.56505120624279925    2976
632 8081.9203839055498975       0                      2981
633 8117.6157257402273899       0                      2986
634 8082.9249325361197407       0                      2990
635 8083.9888614348865303       0                      2995
636 8124.0126578626332048     247.11177226695497211    3000
637 8084.2196561601294889       0                      3004
638 8117.5219552068301709       0                      3009
639 8082.7545559941127067       0                      3014
640 8083.0137154835101683     323.54166759261443076    3019
641 8086.6428960883968102     125.89801050905950319    3023
642 8088.3152882093845619     110.81799840984875516    3028
643 8088.3236718480293348     111.97178318651222639    3033
644 8083.3556404658593237     346.64284924243048636    3037
645 8125.3615361471875076     257.5377959507938499     3042
646 8128.2710299325863161     1344.0660923864199958     3047
647 8087.8859447688637374     157.47263979410851675    3052
648 8082.5090750205808945     360.33802353320027123    3057
649 8082.4908449041267886     356.5367529293617963     3061
650 8088.3138943076673968     111.46633333930084575    3066
651 8082.1901807397480297     332.02701568380086883    3071
652 8083.4358690029685022     327.65495151565176002    3075
653 8088.3413736756720027     111.11675832724492352    3080
654 8122.0060370110377335     490.93424629949748805    3085
655 8129.0383026630479435     327.59623609647894682    3089
656 8081.9289712638392302       0                      3094
657 8084.0126829747268857       0                      3099
658 8081.9428681556437368       0                      3103
659 8123.5896650265067365       0                      3108
660 8123.3906402325155796       0                      3113
661 8082.182261677695351      332.59280204395776082    3118
662 8084.0165625339195685       0                      3122
663 8123.5174963444414971       0.00115452799120989132 3127
664 8122.2399848439772541       0                      3132
665 8087.9607513114415269     902.10932829387058973    3137
666 8118.4184998284090398       0                      3141
667 8083.4791753612907996       0                      3146
668 8130.2744465548985318      55.070705442150085673   3151
669 8082.1881997533846516     333.4180184888665508     3156
670 8088.337385925052331      110.93704221120461284    3160
671 8082.1720281186780994     333.95146206974601455    3165
672 8088.3508416910990491     111.94658062717508074    3170
673 8129.224262315672604       80.641141489356982675   3174
674 8082.4915085665988954     357.40441088859370211    3179
675 8083.4318791422310824     325.93745783201933364    3184
676 8122.2593156100847409       0.00000593892574967589 3189
677 8120.4519467334794172       0                      3193
678 8114.8485776562656611       0                      3198
679 8081.9252025324840361       0                      3203
680 8081.9292845302197748       0                      3208
681 8081.9722428138538817       0                      3213
682 8122.5969445208247635     245.06264395943497902    3217
683 8128.3221421570015082     1315.11329488557476       3222
684 8082.1756990949907049     329.43713013398348721    3227
685 8081.9445026055864219       0                      3232
686 8116.2171775858450928       0                      3238
687 8088.3422985149645683     111.76627899307351299    3243
688 8082.1662878288416323     333.64622800430112193    3247
689 8129.1222303839440428      70.054591000276019486   3252
690 8123.6390378398609755     278.37116220328601912    3257
691 8127.3501317007494436     1322.70859729994595       3262
692 8081.9444901388505968       0                      3267
693 8082.9528777068044292       0                      3272
694 8122.4372757521923631       0.00160011534697620693 3277
695 8122.7975925862519944       0                      3281
696 8082.9484304515463009       0                      3287
697 8124.1137399914114212     278.0457372528852602     3291
698 8127.6095721356132344     1336.3661039936166617     3296
699 8082.1660247780400823     330.84516020889827814    3301
700 8116.7958391068696073       0                      3306
701 8117.6796988639816846       0                      3310
702 8085.7229701268497593     649.56232309912979872    3315
703 8092.1209778473075858     261.24214002121823341    3320
704 8118.9547075331956876       0                      3325
705 8128.3283996428435785      69.947788146315886593   3329
706 8081.9206835495560881       0                      3334
707 8082.7809291720550391       0                      3339
708 8119.730958163097057        0                      3344
709 8082.8246723371275948       0                      3349
710 8127.9786626504974265      80.636439494768637815   3353
711 8116.737294463417129        0                      3358
712 8081.9441515629632704       0                      3363
713 8082.9499143900502531       0                      3368
714 8117.9762035545581966       0                      3372
715 8082.0135473932523382       0                      3377
716 8085.9195626463069857       0.08179027191860059609 3382
717 8129.1316304808015047      81.595809510565729283   3386
718 8081.9815468447695821       0                      3391
719 8116.5589385936364124       0                      3396
720 8082.7552682246505356       0                      3401
721 8082.7544190113067089       0                      3406
722 8082.7539312078697549       0                      3410
723 8120.4285764290625593     224.32757303151799988    3415
724 8136.287952758456413      2744.3000330109489369     3420
725 8082.4910330404227352     357.111414235870825      3424
726 8116.0548033505820058       0                      3429
727 8082.8003760737174161       0                      3434
728 8083.9952070911176634       0                      3439
729 8088.3225361445511226     111.64644903179197399    3443
730 8083.9559091703595186     322.64637713138620256    3448
731 8121.2339295154270076     225.51210981486485707    3453
732 8135.0861293700363603     2718.3657247485630251     3457
733 8084.216602670064276        0                      3462
734 8081.9191705067632938       0                      3467
735 8081.9953417875658488       0                      3472
736 8085.2010755540059108       0                      3476
737 8122.7946299651621302       0                      3481
738 8122.4405725460583199       0.00007608532457834528 3486
739 8082.4938134282547253     358.27294725493362648    3490
740 8081.9231734627464903       0                      3495
741 8081.9201433881307821       0                      3500
742 8082.9234475227231087       0                      3505
743 8082.80106074935793         0                      3509
744 8093.0698683398959474     331.33518891751913316    3514
745 8122.0123063008904865       0                      3519
746 8123.2375130030159198       0.00248036363479224716 3523
747 8082.1650741508246938     331.3765908188675553     3528
748 8081.9242238314745919       0                      3533
749 8116.9577073732980352       0                      3538
750 8118.709543579197998        0                      3542
751 8128.5984379072360753      80.638792080009281449   3547
752 8082.0115347993505566       0                      3552
753 8081.9175917182537887       0                      3557
754 8082.757334491147958        0                      3561
755 8081.9195003569802793       0                      3566
756 8082.7856164502436513       0                      3571
757 8082.7819957170995622       0                      3575
758 8117.9714079314435367       0                      3580
759 8081.9327049675503076       0                      3585
760 8082.7533523686151966       0                      3590
761 8081.9469002222749623       0                      3594
762 8083.6314665818408685       0                      3599
763 8117.3538138465546581       0                      3604
764 8129.9024939148639533      69.753022226694369579   3608
765 8082.5212477423774544     358.33844485347782438    3613
766 8087.4606915298818421     133.33490836309994165    3618
767 8084.8156221361732605     579.90583573448213883    3623
768 8086.674432436531788      126.75401608107836182    3627
769 8092.137540482980512      262.36211275582695635    3632
770 8093.0254128050928557     293.99218585239458434    3637
771 8122.973465284510894        0                      3641
772 8083.9756112238474088     547.48827181239278161    3646
773 8081.9887097762302801       0                      3651
774 8082.8288717146187992       0                      3656
775 8084.8525272052638684       0                      3660
776 8124.1051945911731309     278.34961583293647891    3665
777 8126.8953880213794037     1326.6751854407414157     3670
778 8124.0238694579275034     247.07278358983333533    3675
779 8082.1648761327533066     331.39796647914954519    3679
780 8082.7553443563374458       0                      3684
781 8088.3217551453035412     110.32796767586899023    3689
782 8083.0021041273421361     320.78370714416809051    3694
783 8122.4287145641656025       0.00014657375950956065 3698
784 8122.8060431164685724       0                      3703
785 8088.3229051073922165     111.321773216005667      3708
786 8081.9815468447695821       0                      3713
787 8082.1628673016548419     331.98469205455342035    3717
788 8084.1368537411426587     352.05818460722423424    3722
789 8089.0652219329203945     132.87766760837052971    3727
790 8122.2511852295619974       0                      3731
791 8122.6029039762943285       0                      3736
792 8082.1698047463150942     333.3970770596634452     3741
793 8082.0199838555035967       0                      3746
794 8121.9043586584693912       0                      3751
795 8122.6196794773568399       0.00214241907590303647 3756
796 8084.9701403796143495     416.57285794240851828    3761
797 8083.9546859255506206     322.66646677642904706    3766
798 8086.6726551048950569     126.22983054034095574    3770
799 8124.2059505434208404     247.54132309977711657    3775
800 8126.7182732545088584     1329.2865890394539292     3780
801 8082.0087549176987523       0                      3785
802 8081.9822569468851725       0                      3790
803 8082.920219934857414        0                      3795
804 8083.0046695328046553     321.87232964244100231    3799
805 8088.3190959501444013     110.65097358313781228    3804
806 8089.0612285363404226     132.14433599148497933    3809
807 8083.432901804481844      324.36642933763369001    3813
808 8088.3114969337775619     111.95921709217090267    3818
809 8084.1437331533470569     355.48494751948908288    3823
810 8122.4494342610068998       0.0013405125329850004  3827
811 8122.0714323667089047       0                      3832
812 8088.3236395974718107     110.48412559569339919    3837
813 8116.7302154343224174       0                      3842
814 8082.0224283730785828       0                      3847
815 8084.8621538447705461       0                      3852
816 8121.6378686622574605       0.00000530589020868902 3856
817 8119.8098229741972318       0.00000361665456201737 3861
818 8114.6523651547468035       0.00000047182182645866 3866
819 8102.1207224885711184       0                      3870
820 8109.7200338030861531       0                      3875
821 8082.051928777217654        0                      3880
822 8105.1835254466386687       0                      3885
823 8082.2080487610573982       0                      3889
824 8082.0120275422150371       0                      3894
825 8084.0469745142108877       0                      3899
826 8086.6926970155755043     125.13022627628427585    3903
827 8126.7572599825389261      80.631724796419945278   3908
828 8104.0438049275189769       0                      3913
829 8112.7753899099834598     241.08817056049721828    3918
830 8081.9364064775372754       0                      3922
831 8081.9857977847777875       0                      3927
832 8081.9959993089423733       0                      3932
833 8082.9780495090208206       0                      3936
834 8088.31756993027102       110.14882465697995428    3941
835 8119.1752364673593547     240.92908590521301448    3946
836 8116.7704177413961588     1408.7071183100952112     3950
837 8082.1689135860933675     334.23523899048461772    3955
838 8081.9191948144716662       0                      3960
839 8082.1612705532761538     331.68064025877936274    3965
840 8081.9256943218033484       0                      3969
841 8081.9284724788749372       0                      3974
842 8081.935676317693833        0                      3979
843 8081.9564974615404935       0                      3983
844 8081.959578355251324        0                      3988
845 8081.9629297403753299       0                      3993
846 8110.0304237300424575       0                      3997
847 8121.3354845535595814      80.892304727276126641   4002
848 8082.9204963539596065       0                      4007
849 8082.1666969831730967     334.48448687743047003    4012
850 8088.3179417354185716     110.9746363848359465     4016
851 8089.0522014833377398     133.21932815198618982    4021
852 8082.166148232764499      331.70201113351868116    4026
853 8089.0674761933387344     131.43814997230921904    4030
854 8083.4356849114437864     326.07968148853296952    4035
855 8113.4076645419463603     530.89910298622157825    4040
856 8121.0293299118520736     314.24656133733122942    4044
857 8082.1659481262659028     333.3409960846845479     4049
858 8088.341083783270733      111.4411895012863738     4054
859 8117.2208602354021423     247.32657229172662028    4059
860 8119.2237256572170736     1386.0802216832112208     4063
861 8089.0734916073934073     4474.2815685012246831     4068
862 8113.8328225652030596     223.38939089410973793    4073
863 8086.6454968109428592     125.91176585546750744    4078
864 8082.4924401733615014     358.00110906883207917    4082
865 8083.0007325325213969     322.15116088678820461    4087
866 8114.8392361370979415       0                      4092
867 8114.8078878307969717       0.00010724825804723409 4096
868 8086.653658063201874      126.44894506134644985    4101
869 8113.9926444729726427     566.28584402476894866    4106
870 8083.4587448068286903     324.41778144953150331    4111
871 8082.1889081425933909     331.72289856819850229    4115
872 8089.0847853927007236     132.65377355026828354    4120
873 8089.763774143621049      138.82450302889679961    4125
874 8115.3160870622377843       0                      4129
875 8114.3333609720975801       0                      4134
876 8082.0050371110719425       0                      4139
877 8110.4637894535744636       0                      4144
878 8111.2391759101319622       0                      4148
879 8084.8576839513652885       0                      4153
880 8082.8036507160504698       0                      4158
881 8112.8708313410197661     533.74881840825082691    4162
882 8121.5828069054759908     315.12164013566166432    4167
883 8081.9822569468869915       0                      4172
884 8081.9227725220271168       0                      4177
885 8109.1804472249013997       0                      4181
886 8083.9945086721381813       0                      4186
887 8114.4947808047054423       0.00049666226853590969 4190
888 8114.812165695544536        0                      4195
889 8087.1383935401509007     143.19081412992161972    4200
890 8115.7554818128701299       0                      4205
891 8120.8559195975849434      53.703892744051429986   4209
892 8083.6294763530477212       0                      4214
893 8089.1509943254632162     118.45204293943402263    4219
894 8083.0049185468706128     323.52065439348319842    4224
895 8083.4376949147626874     329.23441936662180751    4228
896 8111.4743423395557329       0                      4233
897 8120.6373626272388719      80.717593891003460271   4238
898 8082.0434861877156436       0                      4243
899 8109.5065464149347463       0                      4247
900 8114.2802516721549182     216.9528794553370119     4252
901 8082.8088681471790551       0                      4257
902 8083.9895338561073004       0                      4261
903 8083.4782386133019827       0                      4266
904 8085.2055086103346184       0                      4271
905 8116.3488134449107747     236.85318413897769574    4275
906 8119.3857009856665172     1387.9312938149350884     4280
907 8082.4929041814511947     357.97956503492542879    4285
908 8110.5185100913668066       0                      4290
909 8087.4695799170194732     133.70393886954701657    4294
910 8082.5285383424024985     358.93569534243420094    4299
911 8083.0093909940869707     322.9962376806608404     4304
912 8086.6429033030262872     125.71978141348651548    4308
913 8083.3814327365025747     345.83187675426677288    4313
914 8120.8484174360582983      80.495930334468695833   4318
915 8097.9454854801224428     936.46660634055444916    4323
916 8081.9870893957768203       0                      4328
917 8088.3351810947378908     111.75373562290424445    4332
918 8083.0001295974043387     322.67507219900016935    4337
919 8114.1095644804199765       0.00000030360696169973 4342
920 8112.5174652315417916       0.00000002023756204448 4346
921 8108.0679153340743142       0                      4351
922 8103.3270673820306911       0                      4356
923 8081.9991361360980591       0                      4360
924 8081.9480346852324146       0                      4365
925 8109.9849815969637348       0                      4370
926 8115.2012161285392722       0.00000067667020021892 4375
927 8082.2206946273026915     327.97777011722649831    4379
928 8107.5341894214861895       0                      4384
929 8111.9602313664590838     537.24681889647217758    4389
930 8089.1504996832209144     117.42620992452121698    4394
931 8088.3182351712503078     109.81417605722245412    4398
932 8088.3365821251954912     111.8267913452635014     4403
933 8082.166100372530309      330.82382586425461568    4408
934 8114.1723569599034818     242.93490520118535869    4412
935 8118.0126209614236359     1400.3410612846757886     4417
936 8107.4813789141508096       0                      4422
937 8107.645660261080593        0                      4427
938 8082.1631973632829613     331.10617399546271145    4432
939 8083.9855657234920727     551.05691024833765823    4436
940 8092.1419782434386434     263.19829852298039441    4441
941 8092.1439949279711072     263.13167057561429374    4446
942 8083.9862395699337867     550.57433134705411248    4450
943 8111.9312460472719977     213.86748064793599156    4455
944 8124.9801471090358973     2835.2954484786832836     4460
945 8092.1248294186525527     262.26729823120621177    4464
946 8112.5174652315363346       0.00000002023756207569 4469
947 8084.8673568556296232       0                      4474
948 8113.2356854729659972       0                      4479
949 8120.4857835342536418     299.78660106972040467    4483
950 8108.796139394079546        0                      4488
951 8082.8383032122801524       0                      4493
952 8082.0149241841154435       0                      4497
953 8083.9972322270759832       0                      4502
954 8084.8483842145205926       0                      4507
955 8119.0355635423775311      80.212755675582272374   4511
956 8107.5341894214652712       0                      4516
957 8110.0536304334436863     210.82508123437196446    4521
958 8113.3483155396670554     232.4300394007698003     4526
959 8118.110820859332307      1393.9948732750492582     4531
960 8107.9249059907888295       0                      4536
961 8108.2232094543569474       0                      4540
962 8092.1734244213139391     262.34940717957204015    4545
963 8082.5193182646453351     356.89479670618237606    4550
964 8083.9857632417515561     543.25239150426693868    4554
965 8086.6464135569767677     125.56764699567867183    4559
966 8115.4328317329755009     244.26804324300459825    4564
967 8116.7704177413943398     1408.7071183100952112     4569
968 8083.9857632417561035     543.25239150426693868    4573
969 8107.8333551913310657       0                      4578
970 8083.6300841888978539       0                      4583
971 8118.7252062541119813     309.85367161325910956    4588
972 8112.2283148954229546     603.64598723269330094    4592
973 8082.9251318818369327       0                      4597
974 8112.56202765731814         0                      4602
975 8083.4324980859419156     327.51268258404553535    4607
976 8088.3386459172343166     111.93401827832808237    4612
977 8089.0570496759073649     132.32695756910345608    4616
978 8108.3712161055036631       0                      4621
979 8119.4586910950883976      55.068299553038890792   4626
980 8106.8792810052673303       0                      4631
981 8108.2109314957788229       0                      4635
982 8084.013266126596136      546.38248303404930084    4640
983 8084.0259351310469356       0                      4645
984 8092.1455120259834075     263.03687633818594804    4649
985 8118.8850228639812485      80.598366178727289366   4654
986 8098.1312400775368587     654.13164974941275887    4659
987 8109.214388812461948        0                      4664
988 8084.0049111026946775     548.40873844189343345    4669
989 8088.3451717248271962     110.94954751527208714    4673
990 8112.5488337631122704       0                      4678
991 8112.8332596704485695       0.00025898551462843268 4692
992 8083.9860435933605913       0                      4700
993 8107.5420253359588969       0                      4706
994 8083.0358266523990096     321.66930220049670197    4711
995 8113.9532170482361835     263.32867891314390363    4715
996 8117.6030533083248883     1400.992527434821568      4720
997 8081.9206495070911842       0                      4724
998 8082.827020980495945        0                      4729
999 8107.0215701334809637       0                      4733
1000 8111.1362395242795174     544.30296165674042186    4738
