1 11647.017144726734841      6417.5989829923910293     4
2 12238.440738785908252      3662.8465174929074237     8
3 11103.238575891455184      8768.7642137698276201     13
4 11860.066600774667677      7263.1218672768945908     17
5 11854.970947356530814      6929.5427605098539061     21
6 11869.356191484617739      6958.0317407087432002     25
7 11652.336097161994985      4533.3301645619085321     29
8 12248.722023724254541      9242.2864378151389246     33
9 11647.159553900888568      6274.2211321048725949     38
10 12255.758891390720237      9717.7660088253905997     42
11 11651.065111207602968      6071.6209924888580645     46
12 12241.631400464186299      2679.6104762117724931     51
13 12912.584832030410325      3799.0853076965431683     55
14 11647.823342385228898      6419.5185914108697034     59
15 12908.306623969347129      3147.8802633494174188     63
16 12458.956388877764766      3205.3556232694245409     67
17 12463.76947322552769       3461.2156646913435907     71
18 12472.853519015332495      3186.2320104831073877     75
19 12230.010873342969717      1588.4527795019673704     79
20 12219.987345849760459      1221.1944513156608991     84
21 12224.962777847689722      1609.233185394999964      88
22 12885.753417798949158      1804.0566332017340301     92
23 12226.652224125915382      1895.5468119542065324     97
24 12892.41649681135641       1577.4742860740032029     101
25 12228.102602117945935      1213.2350509018306184     105
26 12670.3503591928893        1428.3899177277951367     109
27 12674.142751394820152      1398.7558661878731527     113
28 12668.106753017527808      2241.1932153576171913     118
29 12888.996169785912571      1975.8666123755733679     122
30 12019.552884151718899      1065.9005076088235455     126
31 11485.099382741635054      1381.1378109942338597     130
32 11206.082930546996067       21.209293137624541714   134
33 9641.6413063719519414      71.941313803395118498   139
34 11615.427683541640363       51.857312043182638206   143
35 10861.116115469943907        2.9191664014461351506  147
36 9799.4700776477893669      67.733884505081675798   151
37 10162.771691636462492      2281.3468814490788645     156
38 10495.001245578161615        0.26043762057111041752 160
39 9690.0312170529887226     650.59657395443696259    164
40 10040.926824875103193        2.9123795830005869689  168
41 9028.7574696170086099     226.06358377243361701    173
42 8316.7390990433923434     1847.0240278257974751     177
43 9642.6658897739689564     1015.6193375828274839     181
44 10232.88303869871379       8616.9953066477264656     185
45 10772.901983278772605      915.73563445385502746    189
46 11635.867949631814554      1055.5014327866570056     193
47 11622.214186883764341      949.94564588535104122    198
48 11222.928593547538185       33.633201474844959478   202
49 8763.1157558245649852     7941.2937930838088505     206
50 11801.778609741686523        9.3975811304478060748  210
51 10369.241292475888258      336.6116921834192226     215
52 11619.004677137378167        9.0251177085793159449  219
53 11212.711091173809109        0                      223
54 14199.920228931869133      4471.1940895157658815     227
55 10036.115537545456391       76.762872871500348992   232
56 9491.8990181773006043      85.657102342238673032   236
57 12226.537172846046815      169.39680757932407573    240
58 10854.334075752596618        6.5139176948610790774  245
59 8933.5725651230877702     350.48991836160632829    249
60 9651.7000177845784492     323.98167320438369643    253
61 10339.938660860700111        1.9741721471947810684  257
62 9242.0751897182781249     223.76512493894256295    261
63 10492.586943538919513       57.774109941980704264   266
64 12061.384076324760827      1581.6973259022799994     270
65 9734.1443898080306099      21.057214429642083786   274
66 11598.484763631717215      762.4638294477731506     278
67 11749.900021106583154      1752.3960460215021158     283
68 11088.083849505364924      5295.9618520607355094     287
69 10495.811875520690592        3.5531081845529448593  291
70 8792.7463547979423311     1891.8072839246910917     296
71 10503.276121956545467        0                      300
72 8934.4201626210960967     1224.4515660972601836     304
73 8674.4193069566445047     153.46469542275352183    309
74 9734.2242419007343415      27.618972989487030389   313
75 11580.97998938782257        85.021040950502410283   317
76 10492.766168776724953        0.0469852444808278244  321
77 10529.475581043461716      3970.0946637484712483     326
78 8821.6682213049407437     123.86338136487859174    330
79 10836.515951684972606        1.3160659702405901328  335
80 11429.064753409871628       54.767178563890588805   339
81 9077.5032870180257305     240.49915063824374784    343
82 8800.7862128636170382     9388.0411636313401686     347
83 10204.783989110030234      1241.4809079454539642     351
84 10762.252480708084477      1526.6308494779875673     356
85 9297.8002289741052664     5385.8421733989507629     360
86 10362.941574409858731      147.5164814444964918     364
87 11042.085336201056634        1.912503158685701532   370
88 12178.389982839180448      267.58166335156249716    375
89 12268.190029373614379      5667.4754637040059606     379
90 10727.931334745930144      2333.3379803543875823     383
91 10859.68898479960626        25.808357495705742224   388
92 9226.5660258559928479       3.5398513255625285723  394
93 9903.7841356601347798       4.5226741258559313152  398
94 12448.609208263491382      543.52094243016972541    402
95 9875.9808762873435626      14.786633309435188721   406
96 9628.2858021167030529      32.143882929238642987   411
97 10032.795479435471862       54.234906975449035826   415
98 11060.170568341771286      459.35180408473928537    419
99 10660.910054632844549        0.02507841680925679273 424
100 11023.119755172856458        7.485224967390030848   428
101 10493.042098295356482       26.549605457941261477   432
102 10492.218348435530061        8.8762521630705091269  437
103 11433.052178300400556      115.07890151620341612    441
104 10222.157499020975592      536.58917230239217133    445
105 10850.954970490627602       89.334482047506540425   449
106 10174.639264592138716       13.200953081658777677   454
107 11241.232657305206885       10.665534514937311528   459
108 8918.2256753823821782       6.6910548043782807071  463
109 10660.015362584073955        0.23887917407574996154 468
110 13358.134499908441285      1940.2417782817994976     472
111 9730.3996888877627498      52.534813523221089326   476
112 9732.3777698304456862     203.24120842682663124    480
113 9807.6847254891872581     301.19688091707871536    484
114 10337.181809293342667       48.056334463296884962   488
115 10682.652758577469285       16.845732168446016175   493
116 11230.838310090766754        2.4844032339293433687  497
117 10500.719199900067906       29.257348885472005406   501
118 10686.416370426897629      303.27424063861388959    505
119 11420.375388879585444       30.481088006993225292   509
120 11390.841709290894869      1043.6283611157889482     513
121 10086.138450682416078      5987.5896712464827942     518
122 10771.503417104657274        0.2209897830085570114  522
123 10494.38348164121453         0.04680130214294875995 527
124 12404.017781133945391      445.31597683131127496    531
125 9867.8279847571629944      24.927532303295045324   535
126 11026.354227047682798        0                      539
127 10041.270565392551362        2.0329661983013473936  543
128 10680.08499367537479         0                      548
129 10154.780916669629732        4.6492579833167804182  552
130 10876.371195150233689       24.28829763625729754    556
131 10185.992998409787106      120.31920815173006645    560
132 10504.15645276379837       127.12348346499327079    564
133 10510.680711407980198       43.746035820252743065   568
134 10340.267084334009269       27.640578997779577719   573
135 11239.914370461707222      169.53422975635211856    577
136 10594.988455636308572       48.747083703934194432   581
137 10682.726585534446713        0                      586
138 10486.178986688310033        0.03879293154223730639 590
139 10272.744617621230645        0                      594
140 9478.4095022981055081     705.32170958635538227    598
141 10596.063385711891897        0                      603
142 10594.544017537138643        0                      607
143 10668.003508524239805       19.479287682800134007   611
144 10663.244508587302334       12.782576275761417861   615
145 12738.152455286182885      705.32010478483539373    619
146 10039.994992573381751        9.2481580215116760968  623
147 10112.745809216226917        3.8317920974190018413  628
148 10448.675117541155487        0                      632
149 10273.890521086801527        0                      637
150 10451.185903224022695        0                      641
151 10766.015345708841778        0                      646
152 10275.047946702647096       24.990904959563920329   650
153 10273.82794727583132         6.5093324913000669696  654
154 10273.887090375319531      115.05942365054181664    659
155 10669.124716724905738      716.57138265860044157    663
156 10668.185584265904254        7.5201126940400451204  667
157 9681.1647906038197107     647.68013219673548519    671
158 10337.629374409309094      130.35498395598452248    676
159 10341.812465616636473      129.52876273275512631    680
160 10513.122309160042278        0                      684
161 10264.010875489675527       53.299824947297828714   688
162 10064.611820284790156      427.86976921405749863    692
163 10257.207457639528002        0.81319094391923729681 697
164 10359.537136477920285        0                      701
165 10171.701022755776648        1.9039295387603267784  706
166 10277.422612344093068        0                      710
167 10511.004212359166559        0                      714
168 10192.334700463514309        4.4369603158959529665  718
169 10312.054726191685404      118.7689613955728305     722
170 10267.322997371404199        0                      726
171 10251.806931950737635        9.121893873735508862   730
172 10589.585434590353543        0.34090281106460113003 735
173 10764.39451224613731        41.063522966079609944   739
174 10971.035743498379816       96.316268217391254325   743
175 9975.6240052033481334     120.07256102150897448    747
176 10585.59331081487835         0.0166566802178296329  751
177 11364.705958863843989        1.156859483491519569   756
178 10265.813617251358664        9.0562603522796063515  760
179 10266.748904831867549        0.00028052811237211535 764
180 10269.557022635752219       22.065752361091622191   769
181 10949.406739395708428      119.35816039994780624    773
182 10269.202721656129143        0                      777
183 9623.135764752925752       42.095751228955585077   782
184 9813.7807861160436005     369.80724213722942295    786
185 9852.7015562847482215     1288.5601076254909003     790
186 9835.8799418673606851      44.62157232342033808    794
187 10005.736910689236538       62.876311014312605607   799
188 10271.19953890942088        69.590817964936505291   803
189 10439.956140685171704        0                      807
190 10270.197854535656006      102.83996927990796166    811
191 10594.159268532375791      413.22590491159502335    816
192 10949.42154007105637       298.49495948260369005    821
193 10591.324087587308895        0                      826
194 9680.6798788578071253      42.388285000735258734   830
195 10959.503921213641661       55.154509116021905868   835
196 9708.3529495368893549     491.03863856252735332    839
197 9697.5152468009400764     492.35414496494252035    844
198 10019.254628090266124       10.667136690633903129   848
199 10068.229393843996149        8.6723775879501765473  852
200 9923.7590130240132567      60.460559316779416861   857
201 9651.2825560906567262     433.38884508772861182    861
202 10295.340868749965011        0                      865
203 10516.948611248342786        0                      869
204 10192.400953946533264        1.7501882835732451849  874
205 10259.174608130128036        0.04542124505216240532 878
206 10270.849739999268422        0.3938061940252794435  882
207 10202.414743912104313        4.0868077090385854788  887
208 10233.465104077751676       31.606243176631565461   891
209 10246.954770968335652        0.74411716054606003024 895
210 10276.628842631727821       97.974077097818380366   900
211 10267.635738520937593      137.22815969918093515    904
212 10267.194182181972792        0                      908
213 10268.594247008630191        0                      912
214 9766.6271584418063867      35.601735011944803944   917
215 9681.848032790076104       63.195049249742595521   921
216 10548.322633949608644      116.03386894963102804    925
217 10543.321813644177382      116.37423767592142099    930
218 9859.7409590606512211      61.101717936720632451   934
219 9553.4910039586993662     436.14039926095352939    938
220 10072.164466090996939        1.2086314553992294485  942
221 10290.06604308777969         0                      946
222 10125.658128738523374       50.22084953449682132    951
223 10181.108741665691923        0.86052976875432585224 955
224 10072.093946121478439       37.623199828060599259   959
225 10044.846025994509546       86.537333086213706679   963
226 10181.164783370710211        9.7945678828446673947  967
227 10362.76082580315051         0                      972
228 10480.434292701724189      142.15511621017512311    976
229 10365.131191584507178        0                      980
230 10106.518791975768181        3.8024670193747498459  984
231 10120.573966107356682        4.4843343259415773261  989
232 10305.490712344590065      210.39422512820610223    993
233 10511.413866595175932       78.703853684453989104   997
234 10171.877950069279905        2.8286812836975436802  1001
235 10230.185633478682576        0.24381051279614368577 1006
236 10262.080976885845303        0.32198118244579626568 1010
237 10268.224387222082441        0                      1014
238 10267.680431359971408        0                      1018
239 10375.421537706239178        0                      1022
240 10270.189730768361187        1.4838124330482000968  1027
241 10208.729641162895859       72.573179291585958595   1031
242 10281.690409505215939        0.13572849171630949061 1035
243 10269.843861469156764        0                      1039
244 10257.130264434750643      103.35852467359420359    1043
245 10268.214635578011439       35.245518569469659553   1048
246 10153.880223530530202        1.3982131125840115971  1052
247 10298.081513089597138        2.1961057871682383436  1056
248 10299.780347123260071        2.1613439718998539441  1060
249 10483.001426542601621        9.091580707857831456   1065
250 10369.319869952327281        0                      1069
251 10247.434883329442528        1.7128288509868618839  1073
252 10264.966414067919686        0.00293496709581531935 1077
253 10270.081606567469862        0                      1082
254 10313.168764166401161        0                      1086
255 10285.424233023119086        0                      1090
256 10266.120184385141329        1.4906623408851442658  1094
257 10260.547557983891238        0.60903563083977052539 1098
258 10265.831893694688915        1.1616777691504891479  1102
259 10287.040193160455601      125.55043846256612028    1107
260 10274.972976326771459      116.22467702511252696    1111
261 10246.61169560756025         1.3242330735587886092  1115
262 10275.807816414249828        0                      1120
263 10279.293197825743846        0                      1124
264 10249.123224310624209        1.4833359845873124172  1128
265 10245.784043494495563        1.6165414504286204078  1132
266 10477.388797966625134        5.2737567591652068089  1136
267 10369.289193217862703        0                      1141
268 10268.992064186008065        0                      1145
269 10275.090786667456996        0                      1149
270 10269.237380258648045        0                      1153
271 10268.295723744198767        0                      1157
272 10289.88455535432513         0                      1161
273 10275.232788499686649        0                      1165
274 10265.709636579074868        0.97616605376053255938 1170
275 10266.734499182541185        0.02732334792590724801 1174
276 10267.538582957977269       82.653697426704638929   1178
277 10265.824454967583733       92.736630748188972007   1182
278 10230.5787710722052         12.683388859258862169   1187
279 10255.90960507894124         0.02714079059717368    1191
280 10256.523586127335875        1.58803946478731417    1195
281 10257.717638457124849        0                      1200
282 10237.318502442945828      422.03294533221492202    1204
283 10253.016710860038074        2.0030566455028724349  1208
284 10272.672781104130991        1.4781459555707765485  1212
285 10325.888862932577467       24.468031655815529746   1217
286 10298.479022707335389        0                      1221
287 10269.444427093989361        0                      1225
288 10270.350390102656092        0                      1229
289 10249.673619823317495        0                      1233
290 10236.49954467846328       905.0716226885284641     1237
291 10268.412137575836823        0.03858670261713332411 1242
292 10279.423786315428515        0.5045533753844091418  1247
293 10266.696013816119375        0.04858813000340134886 1251
294 10467.539156254611953        5.4740126158979371951  1255
295 10362.902214265355724        0                      1260
296 10271.009455692850679        0                      1264
297 10234.781218388032357        0.0083091011304631604  1268
298 10234.492537674221239        0.00073697834248719128 1272
299 10259.349169081218861        2.6139833144098632012  1276
300 10239.655988800332125       68.88040353041813546    1280
301 10249.621916500815132       17.381902293783372926   1284
302 10262.595383622050576        2.4677567912822695462  1288
303 10260.116826091802068        0                      1292
304 10238.835664554037066      136.78883976869036587    1297
305 10306.263735299118707      190.85183602390276292    1301
306 10226.28615665594225        84.940699188030535538   1305
307 10262.538567843466808        0.98289154810091350356 1310
308 10264.228122699283631        0.93076176547703404207 1314
309 10246.726221047163563        0.13233481930014040495 1318
310 10254.19077009434659         0                      1322
311 10318.592962360817182        0                      1326
312 10232.367841136270727        1.2081077739623637957  1330
313 10243.055827473817772        0                      1335
314 10223.352056310026455        0.09973651554488294213 1339
315 10260.798034645624284        0                      1343
316 10240.731215976944441        0                      1348
317 10245.25285830341636       302.73474024271661165    1352
318 10243.696225748408324        0                      1356
319 10249.087907261851797        0                      1361
320 10251.986871381941455        0                      1365
321 10253.323628872767586        0                      1369
322 10443.126038668662659       69.881788285511120762   1373
323 10159.139060112855077        3.4148747355845316953  1378
324 10221.445451807310747        1.8283013766199771588  1382
325 10243.525944070817786        0.06495176935663513063 1386
326 10276.052081160969465        0.03914768397472384587 1390
327 10225.817546450720329        2.1179317064183043051  1394
328 10242.335644641832914        8.4407168482175443103  1398
329 10240.789156946133517        0.15644710638178013773 1402
330 10255.440115532308482      212.51717263488384901    1407
331 10248.077527065728646       12.660030515046617694   1411
332 10272.48105393428159        48.173114998394858333   1415
333 10287.170483117923141        1.456825932973428106   1419
334 10239.075467534868949        0                      1423
335 10234.116335399208765        0                      1427
336 10219.312025809455008        0.00000365341465422747 1432
337 10224.972576158439551        0                      1436
338 10253.228060795932834      964.5072017948117491     1441
339 10216.532094305839564        0                      1445
340 10218.650178652704199      972.2312851089347987     1450
341 10312.128609955350839        0.57078078415380961719 1454
342 10355.333635239676369       21.112112208241491373   1458
343 10226.367855962191243        0.57152321615997769833 1463
344 10431.872109264846586      388.73850919456538122    1467
345 10123.194698517687357        7.6106595245575068276  1471
346 10308.553057949391587        0.02848644816594168849 1475
347 10060.242854980300763       96.193528095605216777   1479
348 10132.034284873938304        1.8681142166024313767  1483
349 10223.001518138826214        0.15170642732787623097 1487
350 10208.633049637082877        4.5531783017542668546  1492
351 10209.079465036662441       20.659857049701987108   1496
352 10151.51806905502599       125.05268165787461498    1500
353 10218.047838964099356      175.10932453268284803    1504
354 10098.756160256012663      3957.2836605907923513     1508
355 10298.747866341129338       83.23390759341549483    1512
356 10218.065891812691916        0                      1517
357 10175.55872284432553         0.64094059784090795517 1521
358 10202.868086376554857        0                      1526
359 10214.119183812850679      962.75282240854608062    1530
360 10117.81152910680612         0                      1534
361 9859.5782837561018823       2.6082147197764258273  1539
362 9412.9989728912260034       0.14102163112740540019 1543
363 9674.8193990340878372      12.906309122438987202   1547
364 10218.698774707872872        0.13478098555015768922 1553
365 11167.623778437060537        0.01018203107770649339 1557
366 10614.46679349211081         3.9131677745363622201  1561
367 9958.6866701188719162       6.9696980812048074938  1565
368 10057.32772321343873        83.480271053460796793   1570
369 10084.760820347799381        0.00211190005881983214 1574
370 9767.3728944583126577     1121.0775016618083555     1578
371 10104.090891090447258      1133.3412773671229843     1582
372 10163.710896001341098       15.074882094029451451   1586
373 10188.644788688712651        0.13892667192391597308 1590
374 10149.702728765672873      107.77114544590520495    1594
375 10208.383280158297566        4.7799068853235162635  1599
376 10264.263889858384573       12.586636746940561338   1603
377 10207.457802226550484        0                      1607
378 9905.3080589406508807       1.4610012930711888668  1611
379 10042.091763367572639        2.7797378880392278333  1616
380 10286.696622221246798        2.2942863335699739125  1620
381 10313.956370062223868        2.3549571462023006774  1624
382 11182.575397686232463       33.338945896549532222   1629
383 9787.6839315147117304      20.142921768878821354   1633
384 10032.219596669718158        0.68659613996383361822 1637
385 10224.680078584126022        0.00193790219728345479 1641
386 10012.353485402363731       54.417287419237872825   1645
387 10112.853701687259672       78.296168950433752798   1649
388 10086.94027327502954        18.893924453647031214   1654
389 10102.526328538806411      1131.9402773260112554     1658
390 10119.139432972202485        3.6179615453303606287  1662
391 10123.652160732464836       90.845774545211199325   1666
392 10201.176081809568132       94.540698440471913955   1671
393 10262.311904860160212      1023.5404268873385263     1675
394 10134.622012827505387        4.8282601765656938397  1680
395 10050.434237785309961      1084.1613844685089134     1685
396 10047.042332189663284      1085.4451621460455044     1689
397 10182.717389175466451        0.55967201475324213078 1693
398 10184.366554373162217        0.54535872194640255817 1697
399 10816.569662376492488       37.800796496069452246   1702
400 9932.1480817414776538       8.1420854380543303819  1706
401 10078.844769289198666        1.2219434223370775339  1710
402 10082.898520466034824        0.0065391427322751593  1714
403 10115.387470289040721        0.45664944508692373315 1718
404 10152.311114969419577        0                      1723
405 10117.079567332883016        2.1585896342596160302  1727
406 10118.977856560910368      127.34826389096880916    1731
407 10133.932553050513889        0                      1735
408 10133.411834510417975        0.29618638769091459872 1740
409 10219.478482825703395        0                      1744
410 10221.166846989282931        0.02548258495292477638 1748
411 10090.543926176062087      480.98408948232861349    1753
412 10073.618897629377898       31.052720015793802588   1757
413 10135.094348367352723        5.2679895251126378497  1762
414 10210.572007526094239        1.2081613715209986726  1766
415 10205.030279199660072        0                      1770
416 10185.154038439730357        0                      1774
417 10136.297945694803275        0                      1778
418 10104.090865415264489        0                      1783
419 10063.778964729450308        0.51987463341350537149 1787
420 10012.896382701281254        1.0913839898234793946  1791
421 10176.565047996704379       13.18976113705713793    1796
422 10174.91048990993113        13.202568711964826065   1800
423 10131.777743230168198      104.1712960853663219     1804
424 10185.125367188331438        0.63339373223584072292 1808
425 10061.126328872989689        0.06430877463223046153 1813
426 10137.275291364088844        0                      1817
427 10089.942439953365465        0.00731764426728839096 1821
428 10108.603423611792095        0                      1825
429 10096.370105099875218        0.37260759906574109079 1829
430 10102.268708321433223        0.28877552216923718653 1833
431 10114.197829515182093       19.735094712277394535   1837
432 10098.009488306153798       96.786346904401355573   1841
433 10176.588354537350824        0.30003095616009106683 1845
434 10265.615126220611273        0                      1849
435 10108.336835445543329        0.23191228903558328001 1854
436 10067.668110553744555       76.326833196646390434   1859
437 10075.876434071542462       77.03270545150411408    1863
438 10272.792273909408323        0.02801554596122154961 1867
439 10238.443862415904732      106.8658165976327723     1871
440 10181.947392251540805        0                      1875
441 10167.200314611778595        0                      1879
442 10093.016002397405828      104.85086942094058315    1884
443 10094.647080736005591        0.38969537687030231243 1888
444 10102.729169445767184        0.3040708252078185847  1892
445 10104.201133992446557        0                      1896
446 10095.59567904206051         0                      1900
447 10070.300340597656032        0.1554229202720841807  1904
448 10183.705656546151658        0.48191139387746662059 1909
449 10151.635840821127204       12.940038764160336271   1913
450 10104.207100472016464        0                      1917
451 10102.547683962931842        0                      1921
452 10056.303951095640514      109.19082257777282052    1926
453 10167.476731262127942        0.69084044004530043015 1930
454 10090.637273519809241        0.01022487414917016245 1934
455 10081.902228742355874        0.06673133271792866528 1938
456 10094.065545885154279        0                      1942
457 10089.483062587933091        0.00447984074324395565 1946
458 10052.020548400003463        0.17146527502380837227 1951
459 10187.450934423155559        0                      1955
460 10053.01954854356336       108.38409151182702317    1959
461 10165.781012488201668        0.7312351240067815894  1964
462 10074.785775689069851        1.1265600268301403375  1968
463 10110.529734498784819        0                      1972
464 10100.505470674703247        0.84312939477542903077 1976
465 10111.077634190576646        0                      1981
466 10067.664908982351335        0.08347107835949289789 1985
467 10090.369615969048027        1.1360535429996228007  1989
468 10092.480602671239467       94.610913883723810613   1994
469 10092.87688215167509        75.791665101868545662   1998
470 10200.911729242485308        0                      2002
471 10238.019150127563989        0.06068310648469756041 2006
472 10072.548582187349894       21.834460309428678215   2011
473 10046.435562698266949        4.6944889263815294811  2016
474 10250.289264598688533        0.08024277713424667058 2020
475 10081.38667285198062         0.02971260320085662363 2024
476 10060.935871214491272       90.434091428954118896   2028
477 10099.471325110440375        0                      2032
478 10083.934838284800207        1.1592536827227537533  2036
479 10091.901033110825665        0.40650944624908569303 2041
480 10094.812799139408526       66.871603250813734576   2045
481 10094.176055046667898        0                      2050
482 10094.432652511484775      115.76890154491169938    2054
483 10102.55575603826037         0                      2058
484 10099.862383560535818        0.34350750579616695646 2062
485 10220.708172036422184        2.3521329025987478545  2066
486 10221.493270698192646       75.710401227389255041   2070
487 10095.705874542229139        0                      2075
488 10076.113002883588706        0.2761876726715695729  2079
489 10074.148244702349984       12.09926793203277029    2083
490 10103.691631029565542       20.252465202399676514   2087
491 10095.219483429315005        2.3263242300220636771  2092
492 10082.7141692398327          0.46644551091905567253 2096
493 10095.127166024696635        0.00018385510966637472 2100
494 10090.678334053895014        0.00160035086043626732 2104
495 10092.243332313828432        0.45380973349157904817 2109
496 10096.875926914159209        0                      2113
497 10093.181830536777852        0.91762846786440399605 2117
498 10093.540303283905814        0.38733265923222914839 2121
499 10219.467853947355252        0.28116762310771808986 2125
500 10222.009139874655375        0.4204529466015510808  2129
501 10094.649838530574925        1.0363000610509900401  2133
502 10096.491142713501176       20.446602511846339922   2138
503 10098.517300418348896        0                      2142
504 10098.405693055738084        0                      2146
505 10092.371306053268199        0.00011269948402026737 2150
506 10092.536731926164066        0.00010097335086617719 2154
507 10093.880816458498884        0.4153460462402377984  2158
508 10094.703565778414486        1.0680963419334696951  2163
509 10095.315392482658353       20.590171920620537804   2167
510 10097.209921838388254       75.302375949383460352   2173
511 10094.121627703418199       95.193484933751165045   2177
512 10220.015309059783249        0.89215288937065484465 2181
513 10218.378075337586779      114.89596185795630845    2185
514 10092.426571679670815        0.00019112869447878594 2190
515 10087.98336680760076         0.00320439579373006786 2194
516 10089.62206268859336         0.00135075969758026936 2199
517 10217.562965324093966       71.058896549917022867   2203
518 10096.49114271351209        20.446602511845973993   2207
519 10096.821599404318476        0                      2211
520 10089.731343916184414        0.00068900127593323835 2215
521 10092.895948782388587        0.12220036621045037017 2219
522 10094.758626618775452      101.3552181261511862     2223
523 10095.761053363939936        0                      2228
524 10090.872902437748053      100.72096827779317607    2232
525 10096.063964768443839        0.08869224945479341204 2236
526 10096.192667899751541       87.088509321913051053   2241
527 10221.122464638267047        0.13669536561606257519 2245
528 10220.501245107725481        0                      2249
529 10083.075408153394164        0.02045035138305761543 2254
530 10212.070004181427066        0                      2258
531 10212.562871033378542        0                      2262
532 10102.364676935676471       20.390604493261740515   2266
533 10096.216955838153808        2.3994007139009689844  2270
534 10219.411381267907927        0.15035275524061664232 2274
535 10222.20571046317491         0                      2279
536 10097.237013095380462        0                      2284
537 10084.600585828957264        0.01317364706676920488 2288
538 10217.926009378945309        0.17263372651594921514 2292
539 10088.668912480618019        0.13829363885255471778 2296
540 10090.735690334942774        0.41684610345982708868 2301
541 10095.053944452080032        0.43800408162884973962 2305
542 10100.406418434298757        0.07176528169976319205 2309
543 10219.277961564343059        0                      2313
544 10220.871651006538741        0                      2317
545 10083.278792847364457        0.59996545577461057874 2322
546 10220.012822800499634        0                      2326
547 10091.201548557652131        0.13958705398914381113 2330
548 10090.009574634947057        3.4239982202647345488  2334
549 10098.393821307286998       66.245169033044462026   2338
550 10099.528894680393933       86.917909619332803572   2342
551 10093.875887660442459       75.371509956211454551   2346
552 10095.063621713801695       82.666754750948697961   2350
553 10214.744106452482811        0.00101209390260247056 2355
554 10223.885889744771703        0                      2359
555 10223.652613991765975        0.41487212762032132929 2364
556 10090.007870554967667        0.00102228714945575309 2368
557 10094.045671777523239      101.76893078893415634    2372
558 10096.826006715116819       95.198434554450457767   2376
559 10097.880658968682837        0.37016950370133183679 2380
560 10217.555526858261146        0.48427983794458034916 2384
561 10221.715557024155714       24.619974497554942161   2388
562 10091.727456171955055        0.10740701551443840311 2392
563 10088.337802268992164        0.14124073961894650919 2397
564 10210.812836459004757        0.18769848534373617666 2401
565 10090.173627157819283        3.3450895793078423424  2405
566 10093.175417377038684        1.105857212988226923   2410
567 10094.425825846761654        0.10725251387841577833 2414
568 10095.071052817918826        0.39919870810982055476 2418
569 10095.170584033025079       66.609835529564747958   2422
570 10099.362125379404461       86.892660790604864474   2426
571 10214.412626288263709       12.666124403886287908   2430
572 10224.332509502759422       77.194487095049794334   2434
573 10101.16670509612959         0                      2439
574 10215.514984883167926        0                      2443
575 10217.326671634058584        2.4871547374238294204  2447
576 10090.208076163331498        0.42534601235360347538 2451
577 10092.539465773650591       17.561553888102597654   2455
578 10093.485949744219397        0.38590327578798938601 2459
579 10095.911348186151372        1.4762225037258498439  2463
580 10098.040311454336916        1.0138268531734087041  2467
581 10094.759673148279035        1.0533741381656560598  2472
582 10216.141982730467134       79.934323938457069403   2476
583 10225.984318734319459        0.21746245467165409293 2480
584 10097.294028066196915        1.0050092118354498893  2484
585 10099.41575528409885         0                      2489
586 10101.110877997301941        0                      2493
587 10086.348901704062882        0.52423387779464802883 2497
588 10091.463699241272479        1.5686907980383166805  2501
589 10097.689149920774071        0.85762464535450677605 2505
590 10092.675355202693027       20.643823896084629865   2509
591 10220.238898224917648       86.436447350729338268   2513
592 10222.026462907955647        0                      2518
593 10082.301097414263495        1.312702325875905629   2522
594 10220.871651006542379        0                      2527
595 10092.078716171674387        0.46358514044147097755 2531
596 10090.607204258601996        0.49402965903690115868 2535
597 10090.733342292072848        0.00170349800207144665 2539
598 10093.95569928471923         0                      2543
599 10093.630134856230143        0.00021041653798903497 2548
600 10088.291381372366232        1.1339196729346907588  2552
601 10089.819853890639934        1.0957225013463451901  2556
602 10214.778790303174901        0.00141595465864801707 2560
603 10219.346691220634966        0.00005971067878880397 2564
604 10100.727101617627341       20.439321438205315218   2569
605 10098.408107788027337        0                      2573
606 10092.791025022070244        0                      2577
607 10089.337751544655475        0                      2581
608 10079.344545177826149        0.00186612725741479822 2585
609 10090.238585277897073        0.00094337631538865953 2590
610 10090.345442564452242        0.00053635637324598684 2594
611 10230.32468168446394         0.19344715913128124329 2598
612 10231.045431521893988        2.1911187442803692349  2603
613 10120.196612354611716       21.03986849658738123    2607
614 10098.232544169884932        2.1768229318963485674  2611
615 10113.99130876630079         0                      2615
616 10065.856879411809132        1.6191213202765688539  2619
617 10089.005100872642288        0.00083193941492857627 2623
618 10107.40007738670829         0                      2627
619 10083.636473790136733      123.23162148147063988    2631
620 10085.971470429398323        0.41195482684458795131 2636
621 10095.200102570152012        1.3524661939266993116  2640
622 10114.671704958658665       96.80311243343939509    2644
623 10233.320564359250056        0.66225341566246531677 2648
624 10220.965616845478507       12.647389165206122996   2653
625 10075.849893846792838       59.265065515990357881   2657
626 10070.467019387913751        0.49689539036542595962 2661
627 10216.924495088331241        0.48656120016102161197 2666
628 10072.170026219586362       25.122450614141662584   2670
629 10082.920807264566974       56.432223605209010486   2674
630 10083.318385157552257        0.00646300166526056485 2678
631 10087.693554831219444        0.00009095042483742914 2682
632 10088.815636184112009        0.47698852719790002519 2686
633 10090.536906853583787        0                      2690
634 10084.671127228581099        0.97823574616856390218 2694
635 10089.390900910453638       96.767219785413615796   2698
636 10217.154682161515666       12.986565380124574176   2703
637 10224.911644916504883        0.72226441260777440867 2707
638 10092.520239497109287        0                      2711
639 10073.127171505129809       70.229435781612451706   2715
640 10074.768843616606318       70.730964660277862777   2720
641 10216.416986853877461        0.0000640156176419424  2724
642 10095.308576982186423       21.688065625305700479   2728
643 10095.253153348652631        0                      2732
644 10086.161531068661134       21.792192323707816115   2736
645 10078.600975767705677       93.990820098885066614   2740
646 10094.058494987713857        0                      2744
647 10087.639290833913037        0.00028121778310008039 2748
648 10087.506503816959594        0.39597918188643088655 2752
649 10089.972436836676934        1.0889324900048387157  2756
650 10091.402439769350167      119.23386285215538294    2760
651 10092.667941903993778        0.73271191366771737385 2764
652 10213.106924126495869        0.00377448434528939673 2768
653 10227.053289929768653        0                      2772
654 10084.104014530295899        0.45991041348306177516 2776
655 10088.839247302970762        0.00002399335397392342 2781
656 10218.688944423376597        0.12793800251633535847 2785
657 10220.531994066855987        0                      2789
658 10099.134841062668784       21.396031011497065322   2793
659 10096.455869839832303        0                      2797
660 10090.873684877258711        0                      2801
661 10093.661776764491151        0                      2805
662 10090.983301625263266        0                      2810
663 10086.503643391863079        2.4105106720444013924  2814
664 10087.744643585658196       96.179500251772964248   2818
665 10090.154270801969687        0.72987465772450377255 2822
666 10092.488889345630014       76.535001537934164162   2826
667 10213.57248557359344        87.467164053630895637   2830
668 10226.261071161865402        0                      2836
669 10222.205710463167634        0                      2841
670 10086.050711777466859        0.00036985546675108834 2845
671 10084.518106274748789        0.00138853779949032791 2849
672 10097.597693800686102       21.299061971291685325   2853
673 10085.019671275847941        0.00103778320129178188 2857
674 10087.803136216862185        0.00031949851496419426 2861
675 10087.117448338929535        0.49113991974764603654 2866
676 10088.273734689668345        1.1243576979565652607  2870
677 10088.453693929362998        0.77149834478952672434 2874
678 10090.081238667935395      102.86349338160022171    2878
679 10222.477506249710132        0                      2882
680 10217.673876132139412        0.00099472729224195301 2886
681 10221.721375493067171        0                      2891
682 10076.585124688350334        1.3483955492686945377  2895
683 10096.588098079590054        2.2652596973250385126  2899
684 10095.362450665701544        0                      2904
685 10083.322156923990406        0.00241389387350802965 2908
686 10089.28383129703434         0.00005034839494510957 2912
687 10088.364046326711104        0.00003195416753663138 2916
688 10089.392272905468417        0                      2920
689 10090.318216633108023        0                      2924
690 10090.587299572649499       21.497154722600875232   2929
691 10214.499983596411766      103.34076304055186313    2933
692 10226.540390766514975        0.05720854712552154997 2937
693 10082.405371183653187        0.00227305883302639277 2941
694 10083.322156923984949        0.00241389387345496663 2946
695 10214.778790303180358        0.00141595465865510233 2950
696 10094.805546458721437       21.542013091316292162   2955
697 10098.365334631040241      215.92554455176556871    2959
698 10084.968732361703587        2.4796023493478509536  2963
699 10091.037479264417925        0                      2968
700 10091.20942948778611        41.179352987069968606   2972
701 10086.65749440768559        13.271269356995411215   2977
702 10089.643339848427786       62.800550742613502564   2981
703 10093.920190093747806       54.218747465748805325   2985
704 10095.155163766557962      117.68806836164860385    2989
705 10093.393375449053565      147.21443185633876283    2994
706 10085.088159678194643        0.47766583488310820904 2998
707 10085.996103905064956        0.000700002236015313   3003
708 10086.754383578860143        0.81426216822022867703 3007
709 10088.508277863506009        0.78141221610360822591 3011
710 10090.526649029248802      119.82713223967682836    3016
711 10092.684038823419542        0                      3020
712 10090.533443497915869       21.544830734011341633   3024
713 10213.266279315099382       59.030762605800333631   3029
714 10227.534871781404945       15.847643978534561526   3033
715 10083.843674948320768        3.5022214283250345801  3038
716 10085.378019419247721        3.5327842029116958145  3042
717 10217.639470499725576        0.00066153735876738908 3046
718 10219.277961564339421        0                      3050
719 10215.443335207673954      114.88985414219177983    3055
720 10222.94933656592184         0.89161330526407667207 3059
721 10090.208748272125376        3.3600321346637502806  3063
722 10081.001230503632542        0.09112878659221071431 3068
723 10088.670064986636135        1.0962370882780807513  3073
724 10217.152796683305496        0                      3077
725 10088.772024845293345        1.4907540049690384265  3082
726 10087.906233328771123       12.95366578170808225    3086
727 10089.266140628940775      113.64078533471762       3090
728 10090.894532768565114       62.765412891753072699   3094
729 10088.830021782810945      128.2597352137861435     3098
730 10092.667112541152164       54.276785538329164638   3102
731 10217.031690877389337        3.8948118888048783859  3106
732 10222.962482750590425       16.09557302151135616    3111
733 10080.707536043059008        0.00417035722893246454 3115
734 10215.645456809073949        0.14138151005527030413 3120
735 10224.193555708232452      100.7809936534548001     3124
736 10075.001472943629778        1.3543329203198981592  3128
737 10073.308674175945271        1.3939056405526375482  3132
738 10220.8029372805413          0                      3137
739 10223.700918223923509        0                      3141
740 10084.736141038156347       21.558493469929295827   3145
741 10086.919250151571759        0.81077228633607967279 3149
742 10084.135148977185963        0.82495651196009556205 3153
743 10092.283223175894818        1.326039519222625751   3157
744 10092.897643970052741       78.924207880806491744   3161
745 10220.322622331257662        0.08921075225196599401 3166
746 10222.23043423909985       105.07231444766500772    3170
747 10076.365441658957934        1.3098869133202710735  3174
748 10082.711979901419909        1.186017346693278407   3179
749 10223.314913618312858        0                      3183
750 10224.988292721191101        0                      3187
751 10083.187774277495919        0.43175506260665669211 3191
752 10085.865146107582405        0.43163445409210460246 3195
753 10087.449811639997279        0.3903722606480569679  3200
754 10078.54439575433571        94.101286752395097324   3204
755 10098.548860075252378        0                      3208
756 10215.066076636037906      107.32478284889852205    3213
757 10223.384062868262845        0.44128460574481082057 3217
758 10088.493597876426065        1.1117605400867660581  3222
759 10223.314913618318315        0                      3226
760 10089.172022405340613        0.32323510635742475072 3231
761 10086.148842360111303        1.471397515380920451   3235
762 10089.548245784277242        1.3572442272526477058  3239
763 10089.44067468610956        18.11747123540610005    3243
764 10090.148796363850124       31.147185287217602934   3247
765 10092.837407037717639       17.865667160071552644   3252
766 10225.411810233923461        0                      3256
767 10091.793670028968336       31.115411049598655779   3260
768 10083.040801457995258        1.1912079172547815897  3265
769 10215.964478146117472        0                      3270
770 10089.042855345327553        0.38191261892897965247 3274
771 10089.206164872735826        0.36741842629447374335 3278
772 10083.577965015834707        0.91025151074085741687 3282
773 10090.955229392620822       76.769417685860588563   3287
774 10090.790899475858168       76.74703902715614845    3291
775 10093.713219973671585      121.03346007548444163    3295
776 10077.479251516402655        0.01001646440059466778 3300
777 10219.350388806677074        0.27193886202459000012 3304
778 10091.294692253683024        3.5158714079408976971  3308
779 10088.79259678645758        88.828806118775347045   3312
780 10092.480173455798649        0.05751077338620294577 3316
781 10087.664011040917103       68.204097469069694171   3320
782 10096.81174776633452        76.0473216342316789     3325
783 10216.999814244292793       88.623882392370404659   3329
784 10221.309623642011502        0                      3333
785 10088.917817348041353        0                      3338
786 10098.693590315717302      332.5638125603024946     3342
787 10082.678318218449931        4.6700806761122040101  3347
788 10084.207235032985409        4.5922582255033725929  3351
789 10214.324090259429795        0                      3355
790 10089.731624080177426       18.272844166730919824   3359
791 10091.453862867729185        1.0201756497240099808  3363
792 10086.402413681600592        4.4990766323422421991  3367
793 10090.559782082424135        0                      3372
794 10088.438373262722962        0.42503389191972951178 3376
795 10089.186704823314358        4.4385149635877132468  3380
796 10089.021035333456894        4.4331137586807720652  3384
797 10089.125368975552192      108.74032916773705892    3388
798 10089.543732393791288       27.886109269222931317   3392
799 10090.565747574812121        3.236368066245619346   3396
800 10219.821275747783147        3.9011391584212309347  3400
801 10221.709355060287635       16.127214467082922056   3405
802 10088.811173007750767        0                      3409
803 10088.49521124840976         0                      3413
804 10087.58306758659819         0.00346956799142435907 3417
805 10085.757816073421054        0                      3422
806 10077.585315702164735        0                      3426
807 10053.424943286272537        0                      3430
808 9984.1569910660346068       0                      3434
809 9871.799562906518986        0                      3438
810 9082.4882703749008215     117.90014890066385078    3443
811 10066.655301697986943        0.85642136819121983393 3449
812 9445.1769716684193554      10.821561198959990691   3453
813 10793.708011724471362       11.784110698066550427   3457
814 9793.5465100691963016      10.810993865893237853   3462
815 9872.1347301043333573       0                      3466
816 9916.2602478946973861       0                      3470
817 9712.5046596404681623      19.531975455034014999   3475
818 9878.3273974646472197       0                      3479
819 9868.2793485582969879       0.08817584981787379705 3483
820 9534.1849558283629449      24.391819027078923909   3488
821 10212.174075071332481      107.19698956882082541    3492
822 10232.401070060433995        0.3253982172525288763  3496
823 10396.636013296865713        7.8358880996999369373  3500
824 9870.2191941421187948     132.37527306814473604    3505
825 10022.286942799259123       13.250367887412593859   3509
826 10192.900012905605763        1.1924606949297014147  3514
827 10203.967177010952582        0.16648221816297642528 3519
828 9291.1984959313012951       0.14165860689567613684 3523
829 10531.504411173849803        0.90267515440843126839 3527
830 9599.3270439761727175      27.311679550718132248   3531
831 9831.2704267610424722       0                      3536
832 9714.0995744660122         16.992199837688858111   3540
833 9565.810241692004638       30.87747021901681066    3545
834 9723.6623092478803301      27.022945909728072422   3549
835 10282.206226345973846        0                      3553
836 10651.918545270100367       58.819378651912600731   3558
837 9641.9939514929865254      23.5450784790273282     3562
838 9655.886954596697251       33.287001329641704217   3566
839 9838.4121571824780403       0                      3571
840 9950.8296775558264926       0                      3575
841 10036.686958294114447        0                      3579
842 9830.4918627037113765       0.31011641656414767887 3583
843 9831.8176843733526766       0.42857629086492488035 3587
844 10017.248505824763924        0                      3591
845 9667.6301430652238196       4.1077538248948020083  3595
846 10318.91350238443556         3.2674961830099253923  3599
847 10129.882544630483608        0.84840240293434177055 3603
848 9825.4799545274399861       1.8334082647155069967  3607
849 9753.7071603744425374      29.003611138543671899   3612
850 9724.1606216925865738      53.13319870820041757    3616
851 10230.961593063211694        0                      3620
852 10520.546494659900418       69.1259205976742237     3625
853 9651.3191552731314005      19.256709442150256706   3629
854 9932.2641190957128856       0                      3634
855 9793.8005792691819806       0.69275856496845000798 3638
856 9865.388180679998186        0                      3642
857 9824.462736724251954       94.733255930319330673   3646
858 9830.7546039936805755       0.85777596124195698568 3650
859 9837.7119832568205311       0.29874640597898860506 3654
860 9847.9719158569805586       0.15123996988110946504 3659
861 9895.9185541010119778       0                      3663
862 10176.93907528253294         0                      3667
863 10265.435743867958081        0.02122669085322904242 3671
864 9829.8196920228565432       0.13296204032236730308 3675
865 9752.2030766908810619       1.2532885716283777011  3680
866 9755.4668895494287426       1.1412108645848171307  3684
867 10185.14516239515433         0.43869219730266795221 3688
868 10106.819637033893741        5.2132615330604963333  3692
869 9763.1660240792025434       1.1387689580291511238  3697
870 9865.3199763392658497       0                      3701
871 9832.8338744952416164       0                      3705
872 9822.4867356207869307       0.00251562198304214682 3709
873 9829.750739251718187        0.40142631889060576    3714
874 9866.7491894485519879       0                      3718
875 9802.9380037793271185       0                      3722
876 9721.5694095733924769     166.09337720806362881    3726
877 9774.9963225906485604      22.448048980228993088   3731
878 9776.536159556810162       22.397056869633225062   3735
879 10253.83329218923609         0.0254788138360816166  3739
880 10265.118603451683157        0.02448561536676276823 3743
881 10068.500022521569917       10.825133668123065434   3747
882 9756.2279465334995621       1.296643848244203534   3751
883 9724.6829503383669362       0                      3755
884 9505.5529069633157633      19.107584334774720958   3760
885 9507.7708126025754609     281.31857642354174232    3765
886 9746.4200645003165846     161.08515310840596158    3769
887 10256.383624682524896        0                      3773
888 10262.518878702783695        0                      3777
889 10010.772764015140638       10.93347776438323038    3781
890 9742.3033274658591836       1.6719955775554526944  3785
891 9845.5791610352753196       0.87298886900820271695 3790
892 9558.6273113505340007       2.0060383474416387806  3794
893 9609.8865930136635143     152.56608583032738125    3798
894 9696.6200802253770235       0.78455528276631925078 3802
895 9701.1009495553917077       0.23132236986021026404 3806
896 9715.944450924598641       22.93444852964617553    3810
897 9779.6181422928239044       0                      3815
898 9792.6160943376107753      14.34593604109403131    3819
899 10429.039861308287072        0.19448487164348995937 3823
900 10024.599038545500662      103.16184062948373423    3827
901 9734.8693491520571115       0                      3832
902 9558.022598418949201       80.820534746878195165   3837
903 9558.0225984189964947      80.820534746868034404   3841
904 10255.274305128848937        0.04561727276095468853 3845
905 10266.141805772935186        0.0194785831034708784  3849
906 9882.458274932763743       13.129512709054926844   3853
907 9760.7239489322018926       1.3510604826777123932  3858
908 9798.7669312760499452       0                      3862
909 9707.7651485276401218       0.08691235745526162959 3866
910 9686.4852369922900834       4.350124371887302388   3870
911 9722.7792746328268549       0                      3874
912 9717.1001691047422355       0.00008658506030393436 3878
913 9657.9202732838311931      70.844026294757341589   3883
914 9669.3973746708506951      70.004510925976916269   3888
915 10181.665120512268913        0                      3892
916 10194.122896933105949        0                      3896
917 9853.3112320127602288      13.060803673108857481   3900
918 9818.6609210931819689      11.34948786713176716    3904
919 9702.0517898127436638       0.09835710432861391461 3908
920 9720.1549011308707122       5.2897718666346751348  3912
921 9740.2441867159759568       0                      3916
922 9643.8912956491531077       5.041297730135081423   3920
923 9691.5865971090461244      88.998065268231115965   3924
924 9724.9295080682659318       0.41831477613042700181 3928
925 9782.7619617647214909       0.1453899616827665775  3932
926 9711.7544319348908175      14.861068709149755307   3936
927 10143.101256009384088        1.0913939830577072954  3940
928 10297.640824080259335      122.63850910910132086    3945
929 9717.9579223653981899       0.22045118414607595136 3949
930 9639.607628561607271        0.81945556202872160689 3954
931 9637.9866502600198146       0.86247941927624316438 3958
932 10146.724709006439298        1.0910617484666726984  3962
933 10148.347509429037018        1.0705414423890518005  3966
934 9858.9898921799758682       0                      3970
935 9734.9491918016392447       0                      3975
936 9684.4958370492095128       0.10445732991527689748 3979
937 9725.9698523629285773       0                      3983
938 9690.9129687899257988       0.8388304246728317537  3987
939 9752.7390470356331207       0                      3991
940 9718.3274914476278354       0.98829642023740282841 3995
941 9719.4161040265971678      94.277349433209167273   3999
942 9732.1334934518999944       0.33786664731624854729 4003
943 9724.1098341826309479       0.23291524797413809544 4008
944 10188.575168022684011        0.80811470336147706028 4012
945 10250.930538736676681       24.583951090552783825   4016
946 9720.8352436856257555      53.578017633622295079   4020
947 9737.1596085311612114      33.455472047941242408   4025
948 9740.7366202558860095      33.144010327058182952   4029
949 10195.416462493802101        0.26338801512321508014 4033
950 10207.158806310484579        0.51117601786442246059 4037
951 9754.8260536108718952       0                      4041
952 9744.1669069500130718       0                      4045
953 9740.6337801704266894       0                      4049
954 9715.1051927245080151       0.27621909221580587257 4053
955 9726.0918634391236992       0                      4057
956 9726.2319285827907152       0                      4061
957 9721.3700194999455562       0.45786898400763709205 4066
958 9714.8392561708642461       0                      4070
959 9691.8799444001870143      67.695193331438105133   4074
960 9683.0757109887563274       0.00348022212466785703 4079
961 9704.0531716424084152       0                      4083
962 9672.0400952062373108       0.01282429659535954704 4087
963 9694.1286500477181107       0.01836774072079428236 4092
964 9714.3644858563620801       0.15684990616342922576 4096
965 10208.803855125737755        0.0174260319901469625  4100
966 10241.297378309445776        0                      4104
967 9808.1105605784687214       0                      4109
968 9711.6804326375058736       0                      4113
969 9780.2147136294879601       0                      4117
970 9698.9764263067136199       0.296206872176755176   4121
971 9703.8992054927093704       0                      4125
972 9703.4777073229197413       0                      4129
973 9702.5766966288119875       0                      4133
974 9796.1146105710868142       0                      4138
975 9932.9640297179103072       6.205135516586298472   4143
976 10228.876216978742377        0                      4147
977 10384.233855151982425        0                      4151
978 10137.370923251113709       78.822443565720803349   4156
979 9407.692245133119286       49.366126390388600953   4160
980 9397.8959980169020128      12.907475128873132419   4164
981 9567.5552907567198417      11.820348818093952659   4169
982 9702.2256453542177042       0                      4173
983 9693.0391553968729568       0                      4177
984 9686.9411847481896984       0                      4181
985 9221.4457610031313379      82.538031761127427899   4187
986 10218.688944423383873        0.12793800251599504736 4191
987 10243.047703412183182       64.189428576353250833   4195
988 9532.2520171005890006      25.332317896329300311   4199
989 10069.430529665247377        0                      4203
990 9370.3890947077416058      17.178838418273084443   4207
991 9683.5488509769384109       5.5178180658446498441  4211
992 9523.8046327848824149      63.194968362812282692   4215
993 9685.6581016592499509       0.20412480266648161398 4219
994 9694.6722295456384018      23.183567962902941417   4223
995 9689.997538042585802       99.098972774556358445   4228
996 9735.4637714832988422      77.993576772366381533   4232
997 10401.788717337352864        0.21844590389162835131 4237
998 10060.02083621120255        56.447227075972662647   4241
999 9723.1046744753421081       0                      4248
1000 10099.352558425423922        0                      4252
