1 8618.8329720237143192     1679.070890672894393      4
2 8881.5940877786179044     2372.0267769584706912     8
3 8415.8213230997098435     1262.9505915329762047     12
4 8201.4030420579820202     5399.4420898338212282     16
5 8195.574183660593917      1512.4786206721910276     20
6 8422.000461447665657      2109.91589384805593       24
7 8417.7717377222161304     1067.9561878924023404     28
8 8479.965102036463577      16594.609010204916558      32
9 8502.8728073397087428     4388.6830083014137927     36
10 8337.8126623705211387     1711.716174655732857      40
11 8450.0331528616134165     7354.1756382650482919     44
12 8480.1116262324230775     1316.215204345058055      48
13 8566.1113841904825676     2621.9920384959218609     52
14 8418.6210577572401235     1059.7772033984001609     56
15 8647.6021324494686269     2652.4878872482490806     61
16 8384.4219218673461        3133.6617935336521441     65
17 8372.3980103559133568     1513.139658577016462      70
18 8816.1207902449987159     2120.0838502297378909     74
19 8243.3990090265033359     2023.1917838935498821     78
20 8480.4486623725952086     1120.9157736577694777     82
21 8220.5617523224118486     5558.601493182066406      87
22 8890.1796984865395643     2252.9052766438439903     91
23 8482.8122581575735239     1081.7420526917280768     95
24 8420.6998325159893284     1891.6629055713799517     99
25 8761.2254450499094673     13513.470664571172165      104
26 9419.0078275495161506     2765.7983558232645009     108
27 8180.6019414174461417     1257.8985333485884439     112
28 8399.5715315326724522     1215.1531670890024088     117
29 8396.8604812983867305     1693.7099868289824371     122
30 8243.8038609724262642     1716.7729524328160551     126
31 8418.3663653153525956     2044.6531260484980521     131
32 8377.0776273269675585     2967.9811783673312675     135
33 8420.5075484513436095     1095.0682109089498226     140
34 8193.5115806518169848     1513.4485663831785587     144
35 8340.1908852267570182     3005.6920884787109571     148
36 8243.3019039029495616     3448.3959682973463714     153
37 8424.6933905587266054     2859.6211568417984381     157
38 8887.1403647013175942     2160.6844458149030288     162
39 8431.228023958950871      5584.1493741219337608     166
40 8489.5187504845544026     3947.870113434274117      171
41 8326.5881666342793324     1710.0015893414015409     176
42 8392.7032418419148598     1880.5199576818902187     180
43 8406.5353745902339142     1664.4182515872814747     184
44 8311.6146378300236393     1111.5859521838433466     189
45 8274.2056193960852397     813.91510324865714665    193
46 8191.4003405051062146     529.18076557408676308    198
47 8518.0019630294791568     522.35142968915988604    203
48 8321.4248000346360641     533.51481600442832587    207
49 8138.1634531030076687      73.012670083011954603   212
50 8234.7370615240834013     140.16756475020579842    217
51 10132.188125819900961      4659.9978676889113558     221
52 8175.901234869590553      776.95284554126794774    226
53 8497.9988665052715078     263.13908009935414611    231
54 8323.8532770592919405     162.41825297127169847    236
55 8489.1819218515556713     438.39516956987336016    240
56 8336.164285472341362      1748.0437093469506635     245
57 8164.8657078213773275     1531.2880157089537079     250
58 8130.9202730879424053     166.02169377268830885    255
59 8300.954112491766864      1157.0115356001313103     259
60 8215.6948962960432254     4071.1602061187086292     264
61 8197.9037067417630169       1.6861742434897883935  269
62 8690.0307691652105859     1669.9872514935157142     273
63 8141.5910638453979118     188.62424350372819504    278
64 8539.1962208667791856       0                      283
65 8674.5108432285524032      36.725262337239549026   288
66 8491.5127583367684565     197.24967832962568082    293
67 8490.4832251179632294     131.95491489959678688    297
68 8634.1408971861910686     1309.5767144154276593     302
69 8449.2313972982683481      77.562411334095216375   307
70 8194.0407781866470032      95.543884150892310458   311
71 8461.4011456068510597     599.89194936190915541    316
72 8402.6140062105823745      68.57936313826833441    321
73 8157.8036583955326932     153.5121180816162223     325
74 8477.5904063187335851     3479.5449641553373112     330
75 8237.2427417006074393     2268.6908087285260081     335
76 8558.3759978602356568     381.68668517441165022    340
77 8482.7880560084104218       6.1796999429434738005  344
78 8629.9278573864485224     1134.8213653348796015     349
79 8474.8638322557380889     2023.8360393577561354     354
80 8570.4833560580500489     570.4609358373629675     358
81 8298.3899583408510807      64.872826428022634104   364
82 8445.2774358388651308     126.70578067363199182    368
83 8452.1686753531248542       0                      373
84 8799.2296230583524448     675.30778964515025109    378
85 12021.307238597428295      682.13015498705681239    383
86 8441.5740920553071192       0                      388
87 8533.2866478907781129      53.245852474682898503   393
88 8461.9788038874048652       8.3006986994168183713  398
89 8448.3143718228948273       0                      403
90 8453.629019513633466        9.3671905338088219395  408
91 8482.0378208734273358       0                      412
92 8329.3920495424681576     115.21789359793831409    417
93 8540.1342632291998598       0                      422
94 8447.313890903529682        0.00501448096652588621 427
95 8247.6892472641156928      17.508540347062076847   432
96 8184.0518420921544021     1028.2389654991641237     436
97 8171.4968857689327706       9.3508937108339758026  441
98 8192.9465551630364644       2.1612608209768793266  446
99 8538.2664662840634264     223.76872164759845418    450
100 8345.4437668936279806     654.11681080144524003    455
101 8251.0484792148836277     597.81592524486245566    460
102 8686.414644578449952      696.06659493860615839    464
103 8292.5631574531926162     1217.5109105339272446     469
104 8220.9186215061508847     995.51136208501827696    474
105 8440.7944393736106576       0                      479
106 8527.7383565671971155       0                      484
107 8463.4323611588661151       3.7823711816955549736  490
108 8440.1139153552776406       0                      494
109 8538.721921198126438        0                      499
110 8438.3257316557155718       0                      504
111 8527.4765568197217362      70.146916055221666397   509
112 8524.0598810290921392       0                      514
113 8449.9627749106857664       0                      519
114 8477.3790187753911596       0                      524
115 8477.735641985287657        0                      528
116 8439.0948556232797273       0                      533
117 8468.8177674586586363     322.81632334247018434    538
118 8669.4623008307335112       0                      543
119 8460.0372492379119649     442.44015908367521206    547
120 9185.2494026744552684     102.08286944629919901    552
121 8704.4912935933698463     1721.9505655103689605     557
122 8335.7582127138921351     1201.8335083010688322     561
123 8400.209694218932782      3407.0179778672109023     566
124 8541.8396399183184258     4068.2965306314531517     571
125 10902.955515466577708      4211.6651595995217576     575
126 8438.7618809095638426       0                      581
127 8698.1720495495428622      27.722306842039262875   586
128 8802.6016880721290363       5.0294570630894774865  590
129 8732.7404180740541051      39.647907294457830574   595
130 8502.1467560386226978      25.799079805369423468   600
131 8437.8443408307830396       0.72284550468970565351 605
132 8439.580723403914817        0                      609
133 8434.2732186086286674      64.697668736284853708   614
134 8114.6934184746751271       1.447614045715437836   619
135 8295.7867801705524471      41.978477155571233936   624
136 8309.1522830765534309     1128.9451208247592149     628
137 8162.4976039836701602     1473.2745421879624246     634
138 9716.5232024482520501     691.64689199085159999    639
139 8882.6882373805219686     2992.9520830998526435     643
140 9219.103568228041695      611.50938190298415975    648
141 8457.7657814106441947     558.2236316220974004     653
142 8442.1723461650672107      20.881235555482543731   658
143 8441.8497681956869201       0.09119138765760964604 663
144 8273.3239400804268371       0                      668
145 8143.3965618340325818      13.970108836600086732   672
146 8102.2832713690031596     204.46884038287549856    678
147 8200.8918663117729011     295.84195794728066176    682
148 8159.8589497349530575     328.12574617145315869    687
149 8543.7452879973207018      17.474320198162107687   692
150 8283.9427647888333013      54.431539987659988356   697
151 8140.9194288745493395       4.3122562951124363551  701
152 8442.3868659833260608       0                      706
153 8234.6141252263696515       6.1463695372276365703  711
154 8166.8490394642476531       0                      715
155 8191.4015753615376525      63.709023818319217014   720
156 8175.4988263460436428       0                      725
157 8468.7773021375560347      55.430637244698068855   730
158 8469.5588024335629598      60.972509582025573138   735
159 8541.9259309594199294      12.76133721880730576    740
160 8284.4510478702686669      54.058241660994582389   745
161 8101.8494608580831482       0                      750
162 8241.7144866490361892       0                      754
163 8109.3869738924022386       0                      759
164 8091.6867136320024656       0                      764
165 8444.4411906188470311     206.11881208812820887    769
166 8097.7206461185533044       0                      774
167 8114.0642016495412463       1.5317468760866581601  779
168 8158.1790495721652405      34.426642875575964808   784
169 8189.9282433727894386     106.75979087091553765    788
170 8107.5531437095687579       0                      793
171 8121.1868961317577487       2.2967547640076877435  798
172 8091.0456478485566549       0                      802
173 8109.5277939821844484       0.01564642795801576489 808
174 8103.3010005321939389       0                      813
175 8125.8340382890228284      67.709806446981048111   817
176 8240.1635728696910519      50.547813329983839026   822
177 8090.4603676700344295       0                      827
178 8438.1105499518744182       0                      832
179 8148.0644982296817034       0                      837
180 8189.2529339806924327      99.591125826424658385   842
181 8106.9412205451335467       0                      846
182 8124.2522006473018337       0                      851
183 8145.701944967559939        0                      856
184 8089.3263940979231847       0                      861
185 8099.4905316558924824       0                      866
186 8196.2639075640108786      15.685182200697155963   871
187 8137.2439987655125151       0                      876
188 8153.8229327046501567      55.836958356225203204   880
189 8086.2932624606328318       0                      885
190 8179.8276643179870007       0                      890
191 8162.9573061806049736       0.04645023363062445593 895
192 8168.3422223887355358      82.555757482059405561   900
193 8088.9031813444371437       0                      905
194 8165.4667578392636642       0.08969783076172747893 909
195 8128.0728275297979053       0                      914
196 8462.791054346555029       24.72480058530759095    919
197 8439.7900994691171945      93.987925685946734689   924
198 8136.0127666523876542     540.83649381883139995    928
199 8178.5440740834601456     159.00897823242291906    933
200 8128.5150484194655292     488.50597535408479644    938
201 8703.8361059375583864     1393.8425558346468733     943
202 10097.383339537644133      3519.7636712370554051     947
203 8409.4687440435136523     714.30728931562759954    952
204 8437.1617088128168689       0                      957
205 8280.4957181679292262       0                      962
206 8190.5021758934544778      63.303679373093821425   967
207 8091.6491887683423556       0                      972
208 8097.7268158126826165       0.198973204931712222   976
209 8102.1478694140841981       0                      981
210 8126.9584962387525593       0                      986
211 8149.6515167233010288     734.14174651916403036    991
212 8161.5514144257222142       2.7409381147854658956  995
213 8106.6681212550874989     808.37541479652566068    1000
214 8149.930207720252838       42.347430930860639364   1005
215 8452.8961789613949804       0                      1010
216 8341.0113015883634944     173.78150598322693554    1014
217 8179.1145318948565546       0.06676569497216384985 1019
218 8086.1310424458060879       0                      1025
219 8085.7252222443748906       0                      1029
220 8374.4322147103157477      30.632928011970200544   1035
221 8391.7408483366889413      41.107250968297393001   1040
222 8165.751537953749903      133.38241988941368277    1044
223 8130.8713608384705367       0                      1049
224 8085.937587833800535        0                      1054
225 8087.5031985071364034       0                      1059
226 8095.8546284291605843       0                      1064
227 8131.4419978410578551       0                      1068
228 8097.2098208742163479       0.80610642866913673199 1073
229 8096.1198037868207393      39.950685132190606907   1078
230 8100.9058372495401272      95.400533842699161369   1083
231 8443.3849995348027733      19.363236104868047249   1087
232 8468.0454256029788667     642.97296242602624261    1092
233 8085.2370086960609115       0                      1097
234 8086.6619835389738          0                      1102
235 8100.2725599139157566       0                      1107
236 8100.2283278861777944       0.83670965914943162822 1111
237 8170.2711712093587266       0                      1116
238 8161.9049473652848974       0                      1121
239 8154.1452230123632035     157.6691120647258515     1126
240 8086.0567292302421265       0                      1130
241 8097.7025111796374404       0                      1135
242 8116.1741791442800604       0                      1140
243 8087.1859638423147771     317.69740673597232217    1144
244 8087.6512985306881092       0                      1149
245 8095.6004891002994555       0                      1154
246 8086.2857741553207234       0                      1159
247 8095.4204565734198695       0                      1163
248 8454.1717106001378852     239.78655939132113417    1168
249 8455.3248287663427618     1138.3008476467325636     1173
250 8089.9916741438364625     140.41777818498297847    1178
251 8089.2332794571984778       0                      1183
252 8461.1257324905236601     257.32937112191461893    1188
253 8458.875466316299935       58.811915083004066673   1193
254 8095.1172495596529188       0                      1197
255 8795.2235841578876716       3.0231826532756294057  1202
256 8215.2599320553199505      17.880616187990156618   1207
257 8101.2231122392522593       0                      1211
258 8084.8546313899450979       0                      1216
259 8083.9455837472860367       0                      1221
260 8094.5821231126292332       0                      1226
261 8090.1370145489345305       0                      1231
262 8164.4045481766142984       0                      1236
263 8783.0591134051373956       4.2059794750133976393  1240
264 8204.8276358659695688      11.37348061382833464    1245
265 8092.2286814354902162       0                      1250
266 8084.2160913237985369       0                      1255
267 8086.1420145675292588       0                      1259
268 8084.771698882009332        0                      1264
269 8084.7778293536102865       0                      1269
270 8086.177417081213207        0                      1274
271 8085.8414311013511906     336.55560055500768613    1278
272 8102.0950937703246382       0.06541199547367666789 1283
273 8448.1436284387473279       8.0148379740519715142  1287
274 8449.7943128273855109      32.527093738056557015   1292
275 8084.2753240583724619       0                      1297
276 8083.3636161453905515       0                      1302
277 8139.044104539426371       10.93323984303164309    1306
278 8093.6438780205862713       0                      1311
279 8086.4380297077068462       0.42346971369971114774 1316
280 8720.3411605246146792       8.759303584111384211   1321
281 8231.5234761223036912      16.558802918658518166   1325
282 8086.7843907003134518       0                      1330
283 8083.1698908509461035       0                      1335
284 8082.9932827717393593       0                      1340
285 8086.0865255435228391       0                      1344
286 8084.0605819722695742       0                      1350
287 8084.6004084924588824       0                      1354
288 8207.1417626286311133       7.0280224792886265561  1359
289 8245.6002692857036891      19.168763551722875604   1364
290 8181.0951683891689754      44.676374115626146022   1368
291 8206.1843997252035479      45.228930221167935599   1373
292 8084.2368533903845673       0                      1378
293 8085.0156294249945859     357.52914288198525128    1382
294 8083.020547193062157        0                      1387
295 8083.7825244556279358       0                      1392
296 8085.0524874624989025       0                      1396
297 8089.4514675297514259       0                      1401
298 8083.6774407444918324       0                      1406
299 8114.8333950828437082       0                      1410
300 8280.013231532255304        0.00585083665758557702 1415
301 8467.3098171633973834       0.27529803364368993224 1420
302 8117.6029384399271294      70.243231526189376268   1425
303 8283.1650910661301168      22.711547150023651653   1430
304 8082.6540880907859901       0                      1435
305 8090.4442228737116238       0                      1439
306 8082.6492736107911696       0                      1445
307 8085.0665827173543221       0                      1449
308 8085.7775199486168276       0                      1455
309 8085.9053794957817445       0                      1460
310 8284.3557748729399464     244.3721675155016726     1464
311 8289.2469352805201197     320.10619702854415891    1469
312 8178.0646918688325968      28.964251502587146092   1474
313 8155.213003387126264       90.909810495710786427   1479
314 8091.3878127971192953       0                      1483
315 8082.1440349686336049       0                      1488
316 8087.8327190929821882       0                      1493
317 8114.4086074228862344       0.04822479648035940536 1498
318 8279.9653155866344605     316.32475506160733403    1503
319 8283.1390071773766977     421.74002464126721179    1508
320 8177.9313050758528334      28.483948803563794883   1512
321 8162.7279363773850491      84.919947458156201492   1517
322 8108.465801610471317      747.60151791815007982    1522
323 8083.5174927219168239       0                      1527
324 8082.2816852605319582       0                      1532
325 8100.1697899007167507       0                      1537
326 8083.1320167883741306       0                      1541
327 8085.3555451554202591       0                      1546
328 8084.953794068019306        0                      1551
329 8099.2735536111686088       0                      1556
330 8487.5253016114456841       3.2428782541688025987  1560
331 8450.0960663899950305      12.514603753669879538   1565
332 8089.5681701519752096     101.85873974873494774    1570
333 8084.1128472130876617       0                      1575
334 8430.1081564056403295       0                      1580
335 8430.3911401705827302       0                      1584
336 8082.0643806803955158       0                      1589
337 8096.0885716061575295     338.38035105622554966    1594
338 8287.9844603994188219       0.09005318978982931877 1599
339 8289.2355303564781934       0.09003585075564891904 1604
340 8083.116793996810884        0                      1608
341 8083.0889271847645432       0                      1613
342 8657.7930260178309254      10.556401004725710635   1618
343 8231.1092887028571567      20.76456561343293572    1622
344 8082.7150798125230722       0                      1627
345 8082.934456186792886        0                      1632
346 8088.6738671825842175       0.39752698247871798287 1636
347 8089.2688811374300712       0                      1641
348 8083.2733897313601119       0                      1646
349 8083.1764279611152233       0                      1651
350 8084.153253676845452      312.42427908124000169    1655
351 8085.481907261071683        0                      1660
352 8453.2368239688003086     631.86793611905375201    1665
353 8453.9703622047018143     222.35909428090002393    1669
354 8090.1907382223635068      59.68724371595249778    1674
355 8096.7610824457615308     330.25813875911359219    1679
356 8082.2392257538140257       0                      1684
357 8082.5701757529968745       0                      1688
358 8460.1116717766617512       0                      1693
359 8460.0674862505384226     150.53738287739298585    1698
360 8119.4690700350338375     225.79167180818214433    1703
361 8089.0301239378322862       0                      1707
362 8082.194193981461467        0                      1712
363 8082.6406956196797182       0                      1717
364 8082.0261970622677836       0                      1721
365 8084.2054051366285421       0                      1726
366 8081.9957675576579277       0                      1731
367 8097.8429688912328857      26.732631700669990948   1736
368 8127.8621380133681669       0                      1741
369 8127.106096273926596        0                      1746
370 8289.7526799566021509      98.308933407039646113   1751
371 8635.6673949187897961      21.037571065666710979   1755
372 8211.834813573919746       13.074289209691759339   1760
373 8081.9957201652860022       0                      1765
374 8082.3229614992669667       0                      1770
375 8091.0066336667787255       0                      1775
376 8082.7980810971102983       0                      1780
377 8281.6494156935877982      17.190716909518844346   1785
378 8688.3735425263257639       8.9986329432305058873  1789
379 8213.0480440079190885      13.236544429807601375   1794
380 8082.0261101264522949       0                      1799
381 8082.9285551384373321       0                      1804
382 8089.9161208498144333       0                      1808
383 8082.3491570338928796       0                      1813
384 8090.5305158715691505       0                      1818
385 8088.2604025277978508       0                      1823
386 8084.0554272541512546       0                      1828
387 8085.4998515264423986     365.14562575963083191    1833
388 8390.0202743292848027       0.05305817169466813671 1837
389 8465.4913396554366045      82.996763042342394101   1842
390 8096.1342095400132166       0.10248146880719746776 1847
391 8082.340199806983037        0                      1852
392 8085.1676617005314256       0                      1857
393 8384.5226780591092393     293.86403777986504338    1861
394 8384.6483915020198765     292.90938935311879732    1866
395 8170.8228779001474322     139.53635727062277283    1871
396 8103.7270557292958983       1.2020183156585459994  1876
397 8082.9173947492581647       0                      1880
398 8082.0037457186317624       0                      1885
399 8082.8966672457818277       0                      1890
400 8082.8577592629226274       0                      1894
401 8084.7412445227328135       0                      1899
402 8082.2004584225123835       0                      1904
403 8085.3715925741807951       0                      1908
404 8084.0374965890396197     337.33476338652229742    1913
405 8411.5520184548931866     230.71504158756752645    1918
406 8457.9212095204093202     754.92882706926843639    1922
407 8089.8293554969040997     125.46569445090720762    1927
408 8084.0015750552693135       0                      1932
409 8085.0907035575755799     316.85119817792389085    1937
410 8082.2480200219588369       0                      1941
411 8082.0005538812583836       0                      1946
412 8081.9803068309120135       0                      1951
413 8082.2309904798985372       0                      1956
414 8082.1039980014093089       0                      1961
415 8389.5076128561286168     762.24679282585509554    1965
416 8394.866766971836114       12.241122311746886808   1970
417 8113.4891145612391483     236.0206159344952539     1975
418 8089.9032250515092528       0                      1979
419 8082.358923483727267        0                      1984
420 8082.7548040951505754       0                      1989
421 8082.086639414430465        0                      1993
422 8083.9782862603269677       0                      1998
423 8082.9478471943302793       0                      2003
424 8084.5873913748973791       0                      2007
425 8083.9460480644829659     348.26107654382258261    2012
426 8084.4117735615127458       0                      2016
427 8429.3436885528917628       2.2527453494421814106  2021
428 8447.7339242449579615       0                      2026
429 8082.5998449737853662       0                      2031
430 8086.1724647544378968     358.07007500926681587    2036
431 8438.6546237420461694       0                      2040
432 8085.2820611467841445     315.78467258805136453    2045
433 8082.2437491181099176       0                      2050
434 8082.3424053817461754       0                      2054
435 8082.0039844592565714       0                      2059
436 8082.3364405060865465       0                      2064
437 8082.8015885711347437       0                      2068
438 8082.9244068692623841       0                      2073
439 8084.2288919444736166       0                      2077
440 8084.2967327405813194       0                      2082
441 8086.6633914235444536     123.45099409709588656    2087
442 8437.6233878424027353     259.32629368693898186    2091
443 8452.7838784448631486     997.96786311618734544    2096
444 8084.0532020373520936       0                      2101
445 8086.5978642390418827       0                      2106
446 8433.9768247053088999      66.407579052798169528   2110
447 8089.0426615726692035     421.00030585673238193    2115
448 8082.2532390751675848       0                      2120
449 8082.0720762848559389       0                      2124
450 8081.964658001229509        0                      2129
451 8095.2549191846637768     341.48910866477098125    2134
452 8082.2454992731036327       0                      2139
453 8436.1513291555966134       0                      2143
454 8089.211947649535432      417.82552959933070724    2148
455 8082.2508749633780099       0                      2153
456 8081.9731511219415552       0                      2157
457 8082.0005113525776324       0                      2162
458 8082.3097686943419831       0                      2167
459 8082.0691143136118626       0                      2172
460 8082.9487174745081575       0                      2176
461 8084.2156815889638892       0                      2181
462 8082.8062874072429622       0                      2186
463 8089.3912995084820068     135.97934729654875241    2191
464 8430.4122250561104011     279.17533733531649887    2196
465 8451.3090003554134455     637.29996728645323856    2200
466 8081.9602847224332436       0                      2205
467 8082.6923266123476424       0                      2210
468 8082.4310208897049961       0                      2215
469 8082.7743217338274917       0                      2220
470 8384.9895840109420533     341.13123154319993091    2225
471 8384.9480386933828413     339.08641770659392023    2230
472 8114.5315804689817014     236.71829434868413955    2234
473 8089.6740074295212253       0                      2239
474 8082.9199155206315481       0                      2244
475 8083.090903620230165        0                      2249
476 8083.5827356260087981       0                      2254
477 8081.955422451571394        0                      2258
478 8081.9900024465005117       0                      2263
479 8082.2744065554006738       0                      2268
480 8082.6536698936806715       0                      2273
481 8410.658746922366845      641.45424653553641292    2278
482 8114.5086244271815303     235.54100405161986487    2283
483 8089.7588833501185945       0                      2287
484 8083.4546420985252553       0                      2292
485 8082.5138788408658002       0                      2297
486 8083.5307671260061397       0                      2301
487 8082.319419402373569        0                      2306
488 8082.0250706729884769       0                      2312
489 8082.5680504975807708     349.09105042793510165    2316
490 8082.9605581939777039       0                      2321
491 8085.2592332201911631       0                      2326
492 8451.0695643427716277     270.09711466741089225    2330
493 8451.6138034902014624     1380.1850885216256302     2335
494 8092.0283443994376285      84.278463433638634683   2340
495 8082.3053591116877215       0                      2345
496 8454.3545604731607455      84.713076367926802845   2350
497 8087.8844898510151324     277.52918421081659517    2354
498 8082.8447460375409719       0                      2359
499 8081.9939978928077835       0                      2364
500 8081.9610664195679419       0                      2368
501 8082.0672022552953422       0                      2373
502 8082.3103222713079958       0                      2378
503 8082.9364216930125622       0                      2382
504 8082.2971433038837858       0                      2387
505 8082.2506590972052436     334.39869736612484985    2392
506 8083.8514669986370791       0                      2396
507 8440.6177345255400724       0                      2401
508 8449.0253275648265117      19.626346895119745284   2406
509 8092.3772026805017958     135.40683680023363422    2411
510 8082.0205887123283901       0                      2416
511 8428.3152656206657412       0                      2420
512 8437.2755196401885769       0                      2425
513 8084.0590124432883385       0                      2430
514 8086.093630002991631      283.97358689494149075    2434
515 8082.7974809103925509       0                      2439
516 8081.9422978347511162       0                      2444
517 8082.2224134970201703       0                      2448
518 8440.1448163977183867       0                      2454
519 8440.6171475842147629       0                      2458
520 8086.0845458196472464       0                      2463
521 8085.8476762561849682     284.27886404289318989    2468
522 8082.8412458854063516       0                      2472
523 8081.9809026310504123       0                      2477
524 8082.0286269967855333       0                      2482
525 8081.9344285159804713       0                      2486
526 8081.9471946082621798       0                      2491
527 8083.0068823582150799       0                      2496
528 8429.125036718625779        0                      2501
529 8430.2655967577920819     232.39295220222837202    2506
530 8085.8383553948378903     284.53807096824539258    2511
531 8081.9508273179226308       0                      2515
532 8081.9398333596518569       0                      2520
533 8082.2012673777608143       0                      2525
534 8081.951594581021709        0                      2530
535 8082.485647336715374        0                      2534
536 8082.7535347856210137     341.9103939582881253     2539
537 8082.9211067106316477       0                      2544
538 8082.7688671734049422       0                      2549
539 8448.9124501097594475      33.056927812133324096   2553
540 8444.4780324997154821       1.215931847571721347   2558
541 8089.5481491810369334      97.41335994210655258    2563
542 8081.9177064189634621       0                      2568
543 8082.310768011100663        0                      2573
544 8083.122078171450994        0                      2578
545 8423.2876025555287924       0                      2583
546 8423.2605220013901999       0                      2588
547 8085.5362733094616488     285.13456679344318445    2593
548 8082.8804012488253647       0                      2598
549 8082.2310404753125113       0                      2602
550 8081.9820779239153126       0                      2607
551 8081.9243846060826399       0                      2612
552 8082.0080011265099529       0                      2617
553 8082.1838593201964613       0                      2622
554 8082.1648780253754012     334.80289173684843718    2626
555 8082.9285557109360525       0                      2631
556 8082.7644793158233369       0                      2636
557 8437.8612872459762002     292.71441405095691835    2640
558 8450.6833839509672543     874.83573046658113981    2645
559 8084.131629761151089        0                      2650
560 8083.4730572390635643       0                      2655
561 8432.9787165431571339       0                      2660
562 8084.4884737683714775       0                      2665
563 8427.8004035254034534       0                      2669
564 8085.5703853374734535     286.15226780530827       2674
565 8082.8821094657268986       0                      2679
566 8081.9905077558069024       0                      2685
567 8081.99905773246428         0                      2689
568 8081.9188363476514496       0                      2694
569 8081.9953690062047826       0                      2699
570 8088.4063499389167191     108.52144037349150096    2703
571 8082.1824338411715871     338.1105121720158877     2708
572 8082.7587229987993851       0                      2713
573 8082.9214427212982628       0                      2717
574 8446.6115633657009312       2.1618940928461674034  2722
575 8448.2285695817899978       0                      2726
576 8088.360486410167141      114.9117827037655104     2731
577 8084.2180079158843        290.48910988196331573    2736
578 8084.222133110395589      292.19124008591091979    2741
579 8443.011127851663332      604.17206154941300156    2746
580 8443.2168859973371582     599.7054835406465827     2751
581 8083.2696478785865111     310.77195590804649328    2755
582 8082.2028044749158653       0                      2760
583 8081.922139746454377        0                      2765
584 8081.9257447726658938       0                      2769
585 8082.919728974255122        0                      2774
586 8081.9490172144824101       0                      2779
587 8081.9451893177711099       0                      2783
588 8081.9881849782905192       0                      2788
589 8082.7577028773866914       0                      2793
590 8088.3289191581679916     110.31745431735537011    2798
591 8442.3514853940832836       6.0274273422135653533  2802
592 8450.9051703400182305      40.265500592358201004   2807
593 8082.4982636218874177     357.6646633551287664     2812
594 8083.5190926774612308       0                      2817
595 8447.1775855352570943       0.00441847493590268817 2822
596 8446.8014649626238679       0.00284563734811487095 2826
597 8445.9686818556638173       0.00016994607916842177 2831
598 8446.1419114752297901       0                      2836
599 8443.6843364480246237       0                      2841
600 8443.6953332863449759       0                      2845
601 8085.6556012645169176       0                      2850
602 8083.0871009216471066       0                      2854
603 8083.2602446437695107     312.66814633426116643    2859
604 8082.1998386695831869       0                      2864
605 8081.982432842801245        0                      2869
606 8081.923785096053507        0                      2873
607 8081.9263538961158702       0                      2878
608 8081.9744175233681744       0                      2883
609 8081.9454536193707099       0                      2887
610 8082.166138744923046      331.15974866320982528    2892
611 8083.6360952731502039       0                      2897
612 8085.1965907906223947       0                      2901
613 8447.391799657511001        0                      2906
614 8443.0757146286578063       1.8547535154120156076  2911
615 8086.6492255497732913     124.86853737802793773    2916
616 8082.4048910733490629       0                      2921
617 8443.4211329354056943       0                      2926
618 8444.6676724479420955       0                      2931
619 8083.2470286951684102     312.37852333445584918    2936
620 8082.2294562425422555       0                      2940
621 8081.9248219340088326       0                      2945
622 8081.9255313694311553       0                      2950
623 8082.7675809395532269       0                      2955
624 8081.9950792979079779       0                      2960
625 8082.0579465114751656       0                      2964
626 8082.158163488666105      334.49763755722869973    2970
627 8082.9345414224344495       0                      2974
628 8444.6532284743952914       0                      2979
629 8448.3442702825905144      36.683658110489353987   2984
630 8081.9711825926451638       0                      2989
631 8082.0115854071746071       0                      2993
632 8449.1830686620069173      22.556110987235943099   2998
633 8081.9227807664037755       0                      3003
634 8081.9162248666279993       0                      3007
635 8081.9797029722039952       0                      3012
636 8082.1799838765309687       0                      3017
637 8441.3226486919647868       0                      3022
638 8443.2468802502589824       0                      3027
639 8083.3426101249515341     310.74344634735109594    3032
640 8081.9193173883704731       0                      3036
641 8081.9400048198604054       0                      3041
642 8081.9443189282110325       0                      3046
643 8081.9151187665493126       0                      3050
644 8081.9208200243028841       0                      3055
645 8442.2941630721488764       0                      3060
646 8441.3698069643269264       0                      3065
647 8081.9968722322928443       0                      3070
648 8081.9854455064460126       0                      3074
649 8083.2656336095224106     310.75215107284122951    3079
650 8081.9171294087445858       0                      3084
651 8081.9205588636204993       0                      3089
652 8081.9815468447695821       0                      3093
653 8081.9991709006944802       0                      3098
654 8082.7853209446429901       0                      3103
655 8084.020256440868252        0                      3107
656 8082.1628485197270493     333.92999809756719287    3112
657 8082.9282126005682585       0                      3117
658 8447.4234853832113004     256.77930090724743195    3122
659 8447.973871625992615      679.60586741506335784    3126
660 8082.124803032021191        0                      3131
661 8082.8573664321666001       0                      3136
662 8443.603214540571571        0                      3141
663 8081.9162586047232253       0                      3146
664 8081.9191705067687508       0                      3151
665 8081.9321344942090946       0                      3155
666 8081.9572882917364041       0                      3160
667 8081.9887097762302801       0                      3165
668 8082.1916465295253147     333.13453252566716856    3170
669 8082.9378914139506378       0                      3174
670 8082.7535575608608269       0                      3179
671 8444.7360850013701565       0                      3184
672 8448.2395014008379803      36.465665659816416166   3189
673 8092.204470483260593      135.81895396589692382    3193
674 8082.8179736198208047       0                      3199
675 8082.0472568735322056       0                      3203
676 8442.7590879097042489       0                      3208
677 8082.2041630506964793     328.66779033058344339    3213
678 8081.9530971593048889       0                      3218
679 8081.9163619098035269       0                      3222
680 8081.9174166122047609       0                      3227
681 8081.9429209166828514       0                      3232
682 8082.7552682246505356       0                      3237
683 8082.9191081758044675       0                      3241
684 8083.9929198818872464       0                      3246
685 8086.6470290259439935     125.74591855560234421    3251
686 8445.9105177213186835       0.00016842363096547009 3255
687 8445.7457234632765903       0.00016367620091205281 3260
688 8445.3387095702109946       0.00014794180405431077 3265
689 8444.9063063866396988       0.00009158105770550241 3270
690 8450.770101571950363        0.83881928965724072977 3274
691 8083.627697559142689        0                      3280
692 8082.925892757118163        0                      3285
693 8445.4881156562278193     292.18704073248193254    3289
694 8082.1896100816848048     329.78256094990052816    3294
695 8081.9498218486824044       0                      3299
696 8081.919250560978071        0                      3305
697 8081.9477039226931083       0                      3310
698 8081.9167177763920336       0                      3314
699 8081.9962307795940433       0                      3319
700 8082.1636453991786766     333.09223647733989537    3324
701 8082.8202082247671569       0                      3328
702 8082.8729201216365254       0                      3333
703 8443.0167483462519158       0.00002627361162539855 3338
704 8437.3892852759690868       0                      3343
705 8082.8393332906371143       0                      3348
706 8082.8918705334808692       0                      3352
707 8440.6387168661422038      24.71588170459694922    3357
708 8449.8628923616433894     1729.9659065562971136     3362
709 8083.2576300442588035     310.48275878608137646    3366
710 8082.2327191384729304       0                      3371
711 8081.9227725220271168       0                      3376
712 8081.9155207554531444       0                      3380
713 8081.9516743226176914       0                      3385
714 8082.0624474248797924       0                      3390
715 8082.1931300529686268       0                      3394
716 8082.8277485218923175       0                      3399
717 8082.7553443563374458       0                      3404
718 8088.3138388602483246     111.14183705929168866    3408
719 8440.3593075394892367       5.5661742953667161515  3413
720 8448.0606116697927064      58.355703281501376978   3418
721 8081.9321502949887872       0                      3423
722 8083.0183122182343141       0                      3428
723 8083.0803528317983364       0                      3432
724 8440.4407324389048881      24.412994468101558709   3437
725 8082.195507510185962      329.23011942769295501    3442
726 8081.9171287848039356       0                      3446
727 8081.9432299018026242       0                      3451
728 8081.9155516068603902       0                      3456
729 8081.9246942478057463       0                      3461
730 8081.9945348779774577       0                      3465
731 8082.7587919063807931       0                      3470
732 8082.1660826803517921     332.25535806025959573    3475
733 8082.9199913934398865       0                      3479
734 8440.6153914514852659       0                      3484
735 8446.0462471026912681      24.565023975649513233   3489
736 8081.9277797091081084       0                      3494
737 8442.2864241743354796       0                      3499
738 8084.87221584413237         0                      3504
739 8441.1340590945619624       0.00000044631731011084 3509
740 8435.5271998689768225       0                      3514
741 8082.0394740832607567       0                      3519
742 8439.3808668455585575      17.086793923940426509   3524
743 8436.1147126770483737       0                      3528
744 8081.9188346712762723       0                      3533
745 8081.9289712638355923       0                      3538
746 8081.9823397076206675       0                      3543
747 8081.993107660541682        0                      3548
748 8082.2288726829883672     327.55408698615724461    3553
749 8083.4663102222129965     293.81302114981821205    3558
750 8084.0703917161526988     329.64060936416188952    3562
751 8441.0949150347169052       0.00008213592449327811 3567
752 8441.1723854689298605       0.00026519102718545811 3572
753 8082.7545906771301816       0                      3577
754 8082.7570219607305262       0                      3582
755 8438.4781393264638609      30.168082926696101254   3587
756 8081.9552726965557667       0                      3592
757 8081.9444901388505968       0                      3596
758 8082.756246217692933        0                      3601
759 8082.7995126716232335       0                      3606
760 8081.9335725211622048       0                      3610
761 8081.9174005135373591       0                      3615
762 8082.9237054621398784       0                      3620
763 8083.9971784219869733       0                      3625
764 8440.6501122754361859       0                      3629
765 8442.2246176374883362      24.134955101598428939   3634
766 8081.9201433881307821       0                      3639
767 8081.9851735521679075       0                      3644
768 8444.1079036176270165       0.11128680231182701277 3648
769 8448.9507402007802739      18.47852343302056255    3653
770 8081.9175675008182225       0                      3658
771 8082.1625053116522395     332.53839088270393631    3663
772 8083.9884955984316548       0                      3667
773 8088.3152882093845619     110.81799840984875516    3672
774 8082.4954242079738833     358.87015193793848766    3677
775 8086.6461067866357553     126.43516629327585576    3681
776 8442.9092755798756116     190.77302849020688313    3686
777 8447.7086588059119094     1224.60774425884415       3691
778 8084.2338866486543338       0                      3696
779 8083.6979303887464994       0                      3701
780 8445.4471394061329192      36.596745538855564917   3705
781 8441.2444215009709296      17.253831528736419898   3710
782 8082.211028671828899      328.65663074929199183    3715
783 8081.9537653576990124       0                      3719
784 8081.915516104035305        0                      3724
785 8082.4999120126203707     358.8917322724770429     3729
786 8083.9839121741160852     341.07106986769906598    3733
787 8086.653658063201874      126.44894506134644985    3738
788 8083.9568927863656427     322.92517185763182397    3743
789 8086.6436269004543647     126.07642051146611095    3747
790 8092.1451496778936416     136.80514573626732044    3752
791 8443.0286734811525093     218.39478129654304439    3757
792 8446.1757936777503346     1058.6403349058655294     3761
793 8082.0025387138339283       0                      3766
794 8082.8002016792934228       0                      3771
795 8082.755256573911538        0                      3776
796 8446.0489809724858787      24.320287920833319362   3780
797 8443.0506613326324441       0.00000047033516468021 3785
798 8082.7558430909612071       0                      3790
799 8081.9888256743861348       0                      3794
800 8082.9234475227231087       0                      3799
801 8083.9899556892496548       0                      3804
802 8438.7364657413254463       0                      3808
803 8444.0919143076498585      24.339594995277959555   3813
804 8081.9997902212689951       0                      3818
805 8082.7682010545468074       0                      3823
806 8438.7005937619469478       0                      3828
807 8438.7344787558140524       0                      3832
808 8081.9506722852647727       0                      3837
809 8082.0180616830848521       0                      3842
810 8084.8576839513652885       0                      3847
811 8444.9864382381147152     262.75510093374191456    3851
812 8442.3533671816021524     659.41482814064306694    3856
813 8438.6673723634721682       0                      3862
814 8083.6294763530477212       0                      3866
815 8082.7534164636772402       0                      3871
816 8082.9190409795255619       0                      3876
817 8082.9496423698228682       0                      3881
818 8083.6533639416065853       0                      3885
819 8082.7809968831252263       0                      3890
820 8441.9956448715292936     210.61836001489888304    3895
821 8446.9912283902649506     1103.2777266795455944     3900
822 8084.1932530804479029       0                      3905
823 8084.1934729130443884       0                      3910
824 8440.6116853297517082     154.71487883008191488    3915
825 8438.7035551606604713     155.30123109869975906    3920
826 8081.9498642284361267       0                      3925
827 8081.9480346852324146       0                      3929
828 8082.9225979244638438       0                      3934
829 8083.6579306213725431       0                      3939
830 8083.0338699396070297     322.49297495592605856    3943
831 8089.0652219329203945     132.87766760837052971    3948
832 8438.5367224740202801       0                      3953
833 8446.1220541374859749      93.788551974883844764   3958
834 8084.0287691047224143       0                      3963
835 8434.6559622324057273       0                      3968
836 8082.1901625482769305     332.58070078198488773    3972
837 8083.0262753494953358     321.64838847941723543    3977
838 8089.1544967543732128     117.61108264801966072    3982
839 8089.1807516724711604     117.91883851510948489    3987
840 8441.1504530745969532      19.532389679270092842   3991
841 8444.2545098181017238      32.213973945605260951   3996
842 8088.3223852268320115     112.46588875374072813    4001
843 8081.9721489654502875       0                      4006
844 8436.7912835466722754       0                      4011
845 8438.5007591658941237       0                      4015
846 8082.8053453164893654       0                      4020
847 8082.8299935034838199       0                      4025
848 8081.9877869282199754       0                      4029
849 8084.854596975844288        0                      4034
850 8083.9933251506845409       0                      4038
851 8084.0181931527149573       0                      4043
852 8085.9477278004915206       0.07229787204444178272 4048
853 8441.0967837644711835       0.00002845297935380588 4052
854 8441.1768581971391541       0                      4057
855 8084.2160260023401861       0                      4062
856 8084.2196561601294889       0                      4067
857 8081.9191948144507478       0                      4072
858 8081.9164449962099752       0                      4077
859 8081.9904444413541569       0                      4081
860 8087.1909581565614644     148.41073406982548022    4086
861 8082.1662878288416323     333.64622800430112193    4090
862 8082.4929041814511947     357.97956503492900993    4095
863 8088.3138943076673968     111.46633333930084575    4100
864 8443.0512564669916173       0.97864300671575976676 4104
865 8441.4062087637266814      43.964961698141735269   4109
866 8082.4994063634376289     359.44597617525300848    4114
867 8436.5588558987201395       0                      4119
868 8436.5562240228482551       0                      4124
869 8082.2157398174786067     328.10559552722497756    4128
870 8082.7986017235534746       0                      4133
871 8089.0570496759073649     132.32695756910345608    4138
872 8441.0925832153734518       0.00061311289751183327 4143
873 8082.4929449819328511     358.29446369836659869    4147
874 8081.9584645548438857       0                      4153
875 8441.0951048110873671       0.00060747438028205291 4158
876 8082.2219521746974351     327.55471075618828536    4163
877 8081.9480843772180378       0                      4167
878 8082.8077205616427818       0                      4172
879 8082.9981389120839594     321.30702205297751561    4177
880 8085.2010755540059108       0                      4182
881 8088.3112017078110512     110.63846833698090677    4186
882 8088.3102320428342864     111.63388668983984076    4191
883 8444.3310963024196099     230.42073615113062601    4196
884 8443.348948117602049      737.87604619964781705    4201
885 8083.9933251506872693       0                      4206
886 8082.7577255126807358       0                      4211
887 8442.492427779990976        0                      4216
888 8444.8922924567323207       0.00086127380305390622 4221
889 8083.0002963538563563     321.85136794614425071    4225
890 8089.0526966914330842     132.13092902287414176    4230
891 8083.0065709940172383     322.45095739250626821    4235
892 8082.1720281186780994     333.95146206974601455    4240
893 8083.4274912048113038     298.14784611955008131    4244
894 8083.6353091213904918       0                      4249
895 8441.1676318231166078       0.00024395941395576366 4254
896 8081.9429966318448351       0                      4259
897 8082.8330476993560296       0                      4264
898 8083.6249177550243985       0                      4269
899 8085.9574151458173219       0.12026758289264032065 4273
900 8084.8623771691200091       0                      4278
901 8443.2411408684620255      43.722258268386774205   4283
902 8441.1737757677328773       0.96962198558155987538 4288
903 8081.9171255172268502       0                      4293
904 8082.8121673932701015       0                      4298
905 8081.9847604919104924       0                      4303
906 8082.0119076777637019       0                      4307
907 8082.0280639274460555       0                      4312
908 8084.8671632331079309       0                      4317
909 8083.9843793784175432       0                      4321
910 8084.8476037644204553       0                      4326
911 8436.8249195668486209       0                      4330
912 8446.0540046772639471      24.379461038080609825   4335
913 8082.805650738924669        0                      4340
914 8081.9907422604719613       0                      4345
915 8088.3236718480293348     111.97178318651222639    4350
916 8082.1757539620293755     334.50599230077909851    4355
917 8437.5603168801790162       0                      4359
918 8446.9533567101498193     105.03242809273341152    4364
919 8436.8967045437711931       0                      4369
920 8081.9737546902342729       0                      4374
921 8082.8014668024416096       0                      4379
922 8083.6263736010196226       0                      4383
923 8085.1908267250810241       0                      4388
924 8438.3475178088719986       5.683136971203396115   4392
925 8446.1991472638565028      59.542113765024993199   4397
926 8084.8632551848149888       0                      4403
927 8438.7707029082466761       0                      4407
928 8082.8274601360517408       0                      4412
929 8082.0187265757867863       0                      4416
930 8085.1902390475370339       0                      4421
931 8085.217795833670607        0                      4426
932 8441.1345468288509437       0.97861147661107139584 4430
933 8443.3172199877117237      44.482357801505834516   4435
934 8082.4911685311808469     357.42591302990200575    4440
935 8083.4808775213059562       0                      4445
936 8440.7262333267390204       0                      4449
937 8081.9206835495597261       0                      4455
938 8083.6334346336898307       0                      4459
939 8082.9268080529527651       0                      4465
940 8082.0240816926998377       0                      4469
941 8084.0121552564014564       0                      4474
942 8444.7283519713691931     245.26186939937281295    4479
943 8444.3570312429073965     996.12641755636320795    4484
944 8436.7312116068733303       0                      4489
945 8083.6293325544347681       0                      4494
946 8088.3153352652043395     110.47165082683605419    4499
947 8082.1652295206831695     331.9509201403240013     4503
948 8088.341083783270733      111.4411895012863738     4508
949 8440.1315453657989565     210.89159975425778271    4512
950 8448.8701460347983812     1104.3760238023842248     4517
951 8082.4924401733615014     358.00110906883207917    4522
952 8082.8159040766140606       0                      4527
953 8433.8146856760395167       0                      4532
954 8083.0007325325213969     322.15116088678820461    4537
955 8086.6464135569767677     125.56764699567867183    4541
956 8082.5193182646453351     356.89479670618237606    4546
957 8442.4537566076451185     229.96857556734400418    4551
958 8445.2170719243185886     737.00991069126223465    4555
959 8082.4918220710142123     355.66997406516708224    4560
960 8082.0129927863881676       0                      4566
961 8435.9109579729520192       0                      4570
962 8082.1594189824818386     333.07080908923359175    4575
963 8088.3538186941968888     111.45371752281286604    4580
964 8089.1732275600706998     117.90602539537994176    4584
965 8083.0101815336383879     322.17211795544574215    4589
966 8439.1491598217835417       0.00085146684939630725 4594
967 8443.0853206811989367       0                      4599
968 8082.173353893874264      333.11368528479124507    4603
969 8081.9822569468869915       0                      4609
970 8082.9204963539596065       0                      4613
971 8082.9484890410913067       0                      4618
972 8082.9520794094887606       0                      4623
973 8446.0254898647726804     231.53052690536009095    4627
974 8449.5625913188105187     1505.7826902241877178     4632
975 8083.9860435933605913       0                      4637
976 8433.9385343434023525       0                      4642
977 8082.9205258349329597       0                      4647
978 8433.7144601567597419       0                      4652
979 8081.9438694486516397       0                      4657
980 8082.0224145480606239       0                      4661
981 8083.9926486939375536       0                      4666
982 8084.0209942992632932       0                      4671
983 8442.5897649086309684     172.50257903783537472    4675
984 8453.3682421476569289     1713.7871204474872684     4680
985 8082.7699106530171775       0                      4685
986 8443.5351480913050182       0                      4690
987 8089.1565572583158428     117.2779062962932386     4695
988 8092.1337129187822939     137.22791651817487946    4700
989 8084.7898622027050806     345.81171368128985932    4704
990 8442.346342555283627      657.93362148879930373    4709
991 8444.9466819331755687     262.54118305063536809    4713
992 8082.4915085665988954     357.40441088859370211    4718
993 8082.7862292952977441       0                      4724
994 8442.6043066870679468       0                      4729
995 8082.7989988746348899       0                      4733
996 8082.7997082776173556       0                      4738
997 8085.1951318408564475       0                      4742
998 8441.0857324783555669       1.0270295047089004203  4747
999 8443.315715907534468       44.731093890091315757   4761
1000 8084.211592109673802        0                      4769
