1 12781.137926364375744      47045.303674227005104      4
2 13441.103327372320564      40035.520677994951257      8
3 12183.899312377123351      54772.41957426344743       13
4 13020.671990941864351      49168.482558249765134      17
5 13032.042720654537334      48982.09361043710669       21
6 13029.910773260347923      49073.271524263298488      25
7 12748.610108368990041      23213.373524058821204      29
8 12745.644394788514546      6948.8786165905112284     34
9 12749.32590409950717       7238.9026625190472259     38
10 12134.900321513212475      13920.192088020530718      42
11 12737.872018373092942      5522.4319284241610148     47
12 12720.673308444613212      2669.2879279852982108     51
13 12707.374298583486961      1995.6652336096888121     55
14 12087.605807182522767      1316.2528862984033822     60
15 10582.461532522909692      549.03381355394662933    64
16 9202.2940980695948383     941.6085210951443969     68
17 9262.2454428355795244     983.7605423713489472     73
18 10195.624883828979364      318.93610490396059731    77
19 9610.283554513258423      568.6778228880033339     82
20 9398.169605159198909      149.13617445864497313    86
21 9259.804016369233068      10038.075267316846293      90
22 9863.3713997305476369       2.2770103087627324712  95
23 9400.3835348344982776     323.37220002185171097    99
24 9063.7171437469187367     681.80138375139267737    104
25 9424.6147412122973037     116.4827963042380361     108
26 9603.6970103346357064      77.767338631494553169   112
27 9402.5960886833090626     520.88174310456781768    117
28 9399.7572206298300443     455.20467289317946324    121
29 10575.7901779583608        122.9296299752878241     126
30 13370.909360459558229      2356.8236672724551681     130
31 14194.401035039116323      8667.4393695875260164     134
32 9866.6419244122607779      93.470537133308170041   139
33 12698.645808792409298      1458.6691137764316863     143
34 10186.303117350231332        0                      148
35 11517.142025522065524      338.51333636018921425    152
36 10186.136390919265978        6.2230061805420220367  157
37 9861.6377285691996804       7.8620450857823520607  162
38 9210.3960809373966185     852.28985548917955839    166
39 9103.4985592229968461     336.27633933217003914    170
40 10062.926011172448852        0                      175
41 10547.392763447063771      126.06132511542054431    179
42 10611.257933307286294       90.060605102228905139   184
43 10782.619017179760704       85.088102827023050168   188
44 11751.579326165883685      787.25472599491195069    193
45 9602.5445812428915815      88.966323076267244119   197
46 9088.0129527682966        885.64388331067323179    202
47 9078.3715521571521094     828.84496676241712976    206
48 9137.6428980103810318     10298.534932547081553      210
49 9599.2734654329433397      35.873854093928443376   215
50 9246.2163404358307162     211.24449541560122157    219
51 10276.733656471711583        0                      224
52 10193.418001095134969       33.930380531412254186   228
53 14166.390471700527996      6043.5335235396769349     232
54 13903.8232870689626        3766.4100220448858636     237
55 9694.4990959683836991     76249.45096057804767       241
56 9864.8851832901927992      37.364922914816361299   246
57 9731.4201174291229108      20.445677892595675473   251
58 9691.5899671506012965      24.177628306244155709   255
59 10352.139936279678295        1.3474203669629933877  260
60 10362.811228181939441        0                      264
61 9369.0323828382588545     1758.2800712030170871     268
62 9192.0131698770128423     2879.416612177918978      273
63 9292.9073220935260906     363.65530004914097617    277
64 9517.0409243100039021     1467.2387153378663243     282
65 9968.7386850317634526       3.8472947781805273415  286
66 9558.5193167368233844     124.67495092937758727    291
67 10595.383243315340223      254.4362490699803061     295
68 14118.726993647691415      4555.6920715347578152     300
69 14565.823241249836428      6619.204507634478432      304
70 14123.082855349304737      24638.85618380228334       309
71 9376.185195887232112      209.37217791763632135    314
72 11564.697618977766979      591.14378083792314555    318
73 10141.530296296445158        2.8366715206578261288  323
74 10363.463856236892752       34.402410505324560575   327
75 10966.46779862639778       269.20833220570483491    331
76 9852.1368391085816256       6.4144513945764085605  336
77 9322.5202034536014253     355.41344494043943314    340
78 9686.1277389108017815      50.050005423071333155   345
79 9964.0867486800561892       2.6722096852343533158  349
80 10051.605240391103507        5.6894022029581776678  353
81 10073.432762187210756       22.093331721307261972   358
82 9411.7290131976496923     149.89680610850953713    362
83 9564.573120504797771      9825.1793951894833299     367
84 10109.445349022236769       82.112070873481698641   371
85 10700.363321079727029      186.37521096864122683    376
86 12263.732814008362766      15549.285649668125188      380
87 10054.92613328974403         0.00894771349826264939 385
88 10031.044315619150439        0.17382025596224032205 389
89 9843.5433740194839629      13.779571511839103337   394
90 10249.092063466809122        0                      398
91 10968.49978293190361       240.13494541063914767    403
92 9436.9939338759395469     284.2757200639345001     407
93 9233.9620538583658345     251.70964414448633306    412
94 9424.2422277155710617     260.09413654326749565    416
95 10356.289079420555936      430.9716620466096515     420
96 9286.2163423457714089     147.90476410301295118    425
97 10373.722498267279661        0.40981044259859755741 429
98 9796.8218764310440747      55.170970032158564322   434
99 10731.375464858439955       92.583986668382053153   438
100 9337.5565686169611581     1413.7115924315125994     443
101 11765.4145184004974        2024.2795927157567348     447
102 10375.492353278517839        0.44892390166285495168 452
103 9234.155641520397694      505.01952928371315465    457
104 9786.211128894770809        9.5513568484469431041  462
105 10903.70298711950818       162.08220001013023648    466
106 9938.6686017462725431       2.8317592288726065597  471
107 9347.1901905819067906     174.11693393554969589    475
108 9760.6944645252133341      20.390275656479449395   479
109 10345.088925994363308        0.00141142940592969531 484
110 9834.0497443483418465     986.15220955348650023    488
111 9427.7424731813334802     244.50995275730474532    493
112 10344.746649166361749        0                      497
113 9475.5574017791404913      59.468847141250591903   501
114 10405.005887378887564        0                      506
115 10922.11648048756615       212.14177013348938772    510
116 12391.198609597229733      1672.633688488284406      514
117 10062.733667502325261        1.4458548456834943163  519
118 11574.212268989933364      3617.6628528713763444     523
119 9726.0962311832627165     117.26020235759730781    528
120 9259.6456459581695526     215.6193106942756117     533
121 11768.078997087013704      829.032681075743767      537
122 9713.519416010738496       63.165424197462890277   542
123 9293.5000844724127091     231.69285090949625783    546
124 9670.6751214114465256      62.818230616732357419   550
125 9885.6253142124733131      37.853914047685435662   558
126 10065.103734059373892        0                      562
127 9740.3319657597658079      43.670279830262238363   566
128 9717.407043251892901       66.667462364166922839   571
129 10066.046868887835444      861.96007999630273844    575
130 10057.609818616383563       27.803569357583352684   580
131 10536.072616247909536       32.372487555741784604   584
132 11223.109040075811208      2089.4439059944484143     588
133 10482.083193658187156        5.5261292405666049277  593
134 10348.792088272233741        0                      598
135 10346.555044554530468        0                      603
136 9459.9019148978368321      27.124908688870274176   607
137 10207.943799047676293        0.74552345891998295091 612
138 10117.627997514922754        0                      616
139 10065.631175624981552        0                      621
140 10103.982401711224156        0                      625
141 10042.425409288456649        0.31598661974965203125 630
142 10082.556204687349236        0                      634
143 10061.90245125524234         1.2304097457944862537  638
144 10061.504387197070173       17.635387505976627409   643
145 10062.794464955830335      109.95988652964389587    647
146 10789.504872138242717       63.817035122369290434   652
147 10012.828676573273697      135.53533815866990153    656
148 10736.011888522702066       29.685378894471021738   660
149 10044.360644344664252        3.3120039354895811634  665
150 10095.760625512139086        0                      670
151 10097.780116620400804        0                      674
152 9991.1045172149642895       0.60697480435106077046 679
153 10924.284354588782662      207.01343179893135016    683
154 9726.8193360417626536       3.8431196738329616025  688
155 9787.3631496705929749      44.345632295870814232   692
156 10058.858271471051921        0.00154282802030559813 696
157 10076.489485992811751        0                      701
158 10080.300611477965504        0.23603671090690903078 705
159 10077.312583117825852        0                      709
160 10068.112104810212259        7.7922905755740572431  714
161 10357.012716139883196        0.41926572370040765536 718
162 10334.436069487588611       31.905568419099740396   722
163 10387.103057787418948        0                      727
164 10051.627503990279365       90.996410350567245473   731
165 10053.366654709707291        0.01947855124873095617 736
166 9884.7401195832026133       0.33377887507173620296 741
167 10102.238591383902531        0                      745
168 10180.007248895984958        0                      749
169 10169.05790529090882         0                      754
170 10078.728838517403346        0                      758
171 9923.5762699059541774       1.3794224736663802666  763
172 10051.000290557518383        0.00600996143157662976 767
173 10058.92361936564339         0.00166183319745608332 771
174 10069.51718375261953         0                      776
175 10053.817674557834835        7.7825932735295131337  780
176 10072.894687798681844       96.220017445429704139   784
177 10073.238561511518128        0                      789
178 10222.183146971907263        0                      793
179 10284.21970146120475         0.00142279803087340829 798
180 10408.242297728615085        0                      802
181 9924.7256164783029817       4.9155682978353727464  807
182 10045.504416379930262        0                      811
183 9994.6158663620881271      45.73675729674578605    816
184 10358.713754725364197      217.17736674047887391    821
185 9803.5740293304043007       3.6869923095977226168  825
186 10163.106307833073515        0                      830
187 10131.679666114909196        0                      834
188 10134.106625402557256        0                      838
189 9903.496439413387634        2.9482297948613345184  843
190 9966.7756667659596133      15.540465870864487385   847
191 10048.520905356468575        0                      852
192 10025.146817254104462        0                      856
193 10033.904536222604293      266.2249674848445693     861
194 10051.693716659243364        0                      865
195 10007.513189412620704       32.451935820156407431   870
196 10036.27392745151883         0                      874
197 9747.2286941635120456      10.723571267400476614   879
198 10013.336617882765495        0                      883
199 9978.1577960602080566       0.00812318819895966465 887
200 9983.9773869789933087       0.00097989165611999697 892
201 9904.9749043657393486     368.95281025649654794    897
202 9745.5335233080386388      33.19591927377020113    902
203 10026.466562788617011        0                      906
204 10030.342256376334262        0                      910
205 10861.946068975226808      149.47596319667258058    915
206 9697.6207958247523493       4.1431542311308584559  920
207 9756.3417001970210549      48.851121170849374664   925
208 9944.6746630885190825     256.65517877022767834    930
209 9958.2743078806670383       0                      934
210 9889.4644883771870809     321.18668098245279907    938
211 9732.3427412562759855      13.521078012859046424   943
212 10010.108749026476289        0                      948
213 10298.386248530483499        1.0619352985305476889  952
214 10852.834279087372124      139.93509192724687296    957
215 9697.2930170324652863       7.2101388045396177517  961
216 10005.14071416092338         7.5092532943849974458  966
217 9947.0894441337022727     3860.28660716858667       970
218 9955.4389416983995034       0.653459638048392355   975
219 10296.972265063732266       11.303292806628872924   979
220 9938.2422526811642456      60.785865760150763037   984
221 9992.7742579404875869     300.87525025272054791    988
222 9936.1278898850614496     250.70235657469970647    992
223 9962.9902486884020618      74.661539665796340159   997
224 10041.676239391665149      323.6922983985097062     1001
225 10005.901043296125863      1208.8814429850710894     1006
226 9938.6024775847654382       0                      1010
227 9880.2818803589852905       0.02948128575497489454 1015
228 10147.326817159198981        0                      1020
229 10539.191232037279406        0                      1025
230 10228.111659457714268        0                      1029
231 10230.030886575488694        0                      1033
232 10824.477426906161782      109.47138733842824365    1038
233 9690.1590253598442359       4.5886218653777728349  1042
234 9835.7598849148889713       1.8763065146502904135  1047
235 9851.9115023826961988       0.05168061965700507937 1051
236 9711.1422661763353972      75.323286130982140207   1056
237 9902.726607178345148       51.535574795598982689   1060
238 9938.2083855259297707     106.8066305476965141     1065
239 9657.5221903508227115     246.43154448391300093    1069
240 9716.9405182465779944     7561.8675589046788446     1073
241 9940.0648899306688691      36.451595648685255924   1078
242 10075.84977295041972       431.69268258394913573    1082
243 9909.9497745578955801     283.76682806335043097    1087
244 9934.0077375075979944       0.01333388886005129961 1092
245 10050.455783237504875        0                      1097
246 10096.053097247418918        0                      1101
247 9641.9134759572152689     506.37747049695337864    1106
248 10786.989563017381442       91.507934472211431398   1110
249 9704.3315816438062029       3.8368137316385921842  1115
250 9888.6662413659796584       0.66510867624780245499 1119
251 9823.3119377070288465      69.801966408920094409   1124
252 9925.1542059728053573       2.0707990302184620113  1128
253 9940.6572423610068654       0.73495426354333648344 1132
254 10114.60281407884213         5.7232656784883282342  1137
255 9854.9619930541120993       0.31196078137587562873 1141
256 9933.4953732966623647       0                      1146
257 9864.8080269169586245     863.02376948570804416    1150
258 10077.084799681437289       41.364212528489090914   1155
259 10450.189073791516421       40.895098345621356373   1160
260 9778.5432409271561482      30.370913920980232348   1164
261 10823.008147712929713       95.080539674827775798   1169
262 9700.8941274043627345       6.4503163517070589705  1173
263 9664.9981898874684703      11.221905589826272731   1178
264 9824.6486542431812268       0.85878576539154150016 1182
265 9929.6402813110107672       1.1915211865200288077  1187
266 9929.8394331228155352       3.2683878895106386331  1191
267 9935.2319159561047854      61.885019233663960847   1196
268 9972.3912973370861437       0                      1200
269 9902.9428728929487988      42.971779759828081069   1205
270 9984.9157115270245413     341.41028419811095773    1209
271 9912.0582879393932672     2681.7924291951803752     1214
272 10077.930340926130157      394.71319385390222578    1218
273 9961.3338303812415688       8.7839694836254675891  1223
274 9927.2963557943148771     833.18979802984426897    1228
275 9793.4399670717302797       4.9500834550183885341  1233
276 10063.750503058639879        0                      1237
277 10041.862023944857356        0.05574156716696757052 1242
278 10741.006040115707947       52.168876027343920043   1246
279 9694.8426617778095533       6.9190271047577986963  1251
280 9739.276256804158038        6.1443657344665263409  1255
281 9908.5163593921224674       0                      1259
282 9835.2760552422405453       0.09602495362777277443 1264
283 9767.5220633475000795      10.150228245320594311   1269
284 9772.3508798250368272       9.8158627043535879864  1274
285 10166.437511637002899        0                      1279
286 10210.518856658836739        0                      1283
287 10704.975317778415047       29.987688439877352664   1288
288 9689.9436987473054614       7.1960950465656177144  1292
289 9916.7550180770631414       0                      1297
290 9932.4222744840644737       0                      1301
291 10067.94859537758748         0                      1306
292 9867.7262275333960133      19.665724581048806385   1310
293 9883.7346038902687724     114.379124089721941      1315
294 10006.478854481587405        0                      1319
295 9826.9735170827807451      89.241712914848889682   1324
296 9914.5241951842945127       0.09051521165908825439 1328
297 9898.7075399670193292       3.2442757151846959296  1332
298 10109.351676072688861       67.607179170813680003   1337
299 9790.1674493224563776      72.921672508971226989   1341
300 9820.4974210769105412      11.156434599898060966   1347
301 9945.3491878661570809       0.04192925548964693272 1351
302 9994.1630861814992386       0.84928608092775570437 1355
303 10375.006725879487931      204.24959708968009409    1360
304 9766.978868821008291       24.689757421160329898   1364
305 9941.4357552715409838       0                      1369
306 9859.3891217220789258       1.0200867804541691175  1373
307 9874.7746879381465988       0                      1378
308 9776.1792173038029432       0.9179373464720029796  1382
309 9854.5343463577464718       0.20887121726867227678 1387
310 9871.7248401795695827      15.015427568624787114   1391
311 9864.5532470074103912       5.5923277000396165448  1396
312 9883.6114088514113973       0.61127409251735631557 1400
313 10353.345529535992682      202.45562817988823667    1405
314 9763.281571042338328       25.004299969213160892   1409
315 9886.2879033588196762       0                      1414
316 9904.4635039584991318       0                      1418
317 9797.5977457799963304       0.42334192732366565659 1422
318 9803.1838071697075065       0.74076982718252659676 1427
319 9873.0200593833178573       1.0633076264070235872  1431
320 9902.7971505156619969       3.117796723208912546   1436
321 9909.1054850413511303       0.15388659536976795339 1440
322 9877.0981044376385398       0                      1445
323 9946.5686968784975761     127.47122556007396099    1449
324 10098.90018840340781        59.472120530690702367   1454
325 9847.6890391914566862      11.481079973464641597   1458
326 9857.1589821912857587       3.6367744341285339615  1463
327 10058.991149080702598      105.02371773475772443    1468
328 9781.5761603070423007      12.52120555807942992    1472
329 9656.0095031082964852     282.0237235452693767     1477
330 9860.2703703553161176       0.01415899540827159943 1481
331 9884.1791050379870285       0                      1486
332 9894.4793504858771485       0                      1490
333 9937.2606727929396584       0                      1495
334 9866.9961590275888739       0.84953138822202012292 1499
335 9855.0540897760474763       0                      1503
336 9796.5700792397947225       0.32982937082795482642 1508
337 9782.6503655779088149       0.56615541477684550031 1513
338 9785.377045939607342        0.52095469185683673796 1517
339 9818.5403464341325162       0.26504908543572819335 1522
340 9847.6131055603309505       0.01673415041871364681 1526
341 9758.4535227718806709      12.90916133071934091    1530
342 9619.771169144569285      287.56421849397185042    1535
343 9890.7175257271683222       0                      1539
344 9867.382761383711113        0                      1544
345 9850.4110021877986583       0                      1548
346 9836.7703064703237033       0.00589722795949353118 1553
347 9639.3784138939354307      28.973969418623390482   1557
348 9747.7974334329992416      27.736514913397723348   1562
349 9669.308443065307074       29.731601252522182222   1566
350 9812.8292153198381129       2.2571995183946835795  1571
351 10539.447208508907352        0.43007710094550616331 1575
352 10187.720626916650872        0                      1580
353 9818.1629628080081602       0.10091090590589309184 1584
354 9833.509412626401172        0.10141512562952240128 1589
355 9813.1266286721984216       0.24640274762179673051 1594
356 9836.5724587720869749       0.56718234727128125083 1598
357 9829.6392122917204688       1.4776259631692250096  1602
358 10044.132403685847748        0                      1607
359 9821.7641687166305928       4.1681285540332968509  1611
360 9881.737090837685173      103.20002901737186107    1616
361 9883.2420737149495835      80.704725768869664648   1620
362 10088.844706747770033        0.0136568125286274742  1625
363 9877.7667401318412885       0                      1629
364 9803.8837729404040147       0.25790424855554161532 1634
365 9867.0218581281824299       0                      1639
366 9883.8227358838066721       0                      1643
367 9909.3248108953812334      34.071264136138772471   1647
368 9902.2476026472613739      36.222554941796509809   1652
369 9922.9020047603735293       0                      1656
370 9848.1537272457480867       1.0125386859686507091  1661
371 9794.2756965649477934       2.5788498343511347954  1665
372 9854.7494955289184873       0.26133612909727377271 1670
373 9834.496589434096677        1.6228261644953441145  1674
374 9839.0963488290763053      10.442887793780197825   1678
375 9849.7486199669911002       0.05794489702033771283 1683
376 9848.0358585025660432      95.39271283192394435    1687
377 10023.045416303986713        0.0051036886303325946  1692
378 9946.0857012019005197      96.279296926363883813   1696
379 9925.7971797677273571      11.158680992453973602   1700
380 9817.1088801811019948       0.10076450184432023116 1705
381 9811.282449628741233        0.15364815089901862066 1710
382 9930.5929359275232855       0                      1714
383 9912.6669297831522272       0                      1718
384 9895.2717166668844584       0                      1723
385 9826.4155173925846611       0.25611579241120724371 1727
386 9876.9395204251741234       0                      1731
387 9836.4464330487226107       0.11254711097667444153 1736
388 9846.6163995300157694       0                      1740
389 9835.3606026443630981       0.00672745113772920886 1745
390 9819.6085461775546719       0.06521279502306241704 1749
391 9975.0341476496541873      94.058904754565133999   1754
392 9958.9370784179209295       0.07681026913347711871 1758
393 9928.5291398592908081       0.06469479232123180601 1763
394 9866.239033369192839        0                      1767
395 9848.5119531304990232       0                      1772
396 9849.4894268237367214       0                      1776
397 9850.187929569345215        0                      1781
398 9820.0317662721408851      11.022475607150937549   1785
399 9833.9103300259430398       1.1562237040888649897  1789
400 9842.2860911149673484      94.186221600905142282   1794
401 9859.2608809058583574      26.6932597311886326     1798
402 10016.5607731149139          0.48069723808729808434 1803
403 9953.4510113078522409      34.31246649989284947    1807
404 9831.2002113765029208      13.137979034696327219   1812
405 9829.4638628969241836       0.01845377171402321284 1817
406 9825.6233767237790744       0.03497951593096873535 1821
407 9954.4545281805294508       0.63158751556143799544 1825
408 9904.9513054563176411       0                      1830
409 9860.9634604767088604       0                      1834
410 9875.6139260067611758       0                      1839
411 9848.4014921947309631       0                      1843
412 9844.722086924710311        0                      1848
413 9839.0465968749776948       0.00602535162133633652 1852
414 9841.4354049610428774       0                      1857
415 9833.6807704524344445       0.11551969362855404877 1862
416 9932.3335593589217751      24.189296196085173563   1867
417 9884.1660156525904313       0                      1871
418 9915.4392220534864464      27.950584285305787091   1876
419 9902.32161041227846         0                      1880
420 9842.2635891513746174       0                      1885
421 9848.0184347647009417       0                      1890
422 9891.3979660031473031       0                      1894
423 9847.2429703663583496       0                      1899
424 9801.736056754085439       15.140614575534339536   1904
425 9844.7404057780750009       0.36976674263014858157 1908
426 9779.8833980949311808      74.010607457979332935   1913
427 9798.759685971406725      101.60959508976637267    1917
428 9945.4930158395964099      15.327275251988464078   1922
429 10024.584759745492192        4.2058402679123778611  1926
430 9889.8433293448179029      19.328906469970014825   1931
431 9779.4553117486739211       0.73965817047902282511 1936
432 9958.2743078806688573       0                      1940
433 9963.2364455359529529       0                      1945
434 9958.7740613492460398      17.039479928237440731   1949
435 9823.2409697310449701       1.5612701225800682536  1954
436 9870.039659565411057        0                      1958
437 9833.793680813327228       80.439044605774938645   1963
438 9837.9463315511566179       0.10899226692736294075 1968
439 9846.0561016401097731       0                      1972
440 9851.2498764296851732       0                      1977
441 9848.0653275500480959       0                      1981
442 9837.8330056034810696       1.1420954817599746622  1986
443 9849.812790747049803       54.829250358639868068   1991
444 10015.965072019052968       17.166608372168116858   1995
445 9953.0161572738743416      39.483611907130025998   2000
446 9827.0492169172739523       0.0325000250847681596  2004
447 9950.8357322514402767       4.7236649349960462274  2010
448 9868.025599972514101       88.485031816652210068   2014
449 9870.9093671829305094      89.069720079379138156   2019
450 9959.3842259442462819      17.05231791277476816    2023
451 9821.4629305237285735       1.635919338800299716   2028
452 9827.3559984690200508       0.02286396657434706242 2032
453 9833.9195323909279978       1.2490015272657790657  2037
454 9839.5400891740409861       0.00042682872413247873 2041
455 9833.861588256459072        0.00995702620917589092 2046
456 9822.4267952639038413       0.05651916065059628402 2051
457 9826.5653329118649708       0.2025520218709610798  2056
458 9836.1622063657905528       0.13039604140747476646 2060
459 9840.6557550262950826      12.330550969690115437   2065
460 9839.4573387636100961       4.0499554093687164524  2069
461 9843.3319615229083865       0                      2074
462 9831.3389686488771986       0.17105518722621290695 2078
463 9851.6698803738363495       3.6881969731814452373  2083
464 9853.7633068022987572       0                      2088
465 9843.4603462408740597       0                      2092
466 9838.0491879060937208       0.47625238056415092336 2097
467 9835.3420944169247377      93.149643394307972244   2101
468 9820.4749427379556437       0.06177405400767193439 2106
469 9833.4534388912670693       4.1984036917322686833  2111
470 9826.3114679800673912       0.03578192611952171059 2116
471 9913.7507534776759712      17.711681756125784659   2120
472 9812.2050268300881726       1.8835534508165490131  2125
473 9840.6612011951219756       1.080530687930459921   2129
474 9838.6076445987291663       0.0006254128682770156  2134
475 9841.325123529877601        0                      2138
476 9846.6882935707071738       0                      2143
477 9840.6317017758483416       0.00000265740436447909 2148
478 9846.6882935707071738       0                      2152
479 9844.4119254203487799      90.097876521170547903   2157
480 9842.6227874834276008      89.50580578800413889    2161
481 9914.540727435854933       17.681739068926223268   2166
482 9836.7762947640530911       0.00103251255117927255 2170
483 9842.5927451833722444       0                      2175
484 9847.0356049775964493       0                      2179
485 9839.7043270487611153       0.00003569003092555456 2184
486 9835.0091982156554877      12.627388899016038337   2189
487 9840.9392078242399293      94.817755142645467004   2194
488 9839.9714348408051592       0.09409332996265491744 2198
489 9841.6410206012842536       1.0407616289792800401  2203
490 9843.3378520102633047      56.150293078652204315   2208
491 9846.6991850804170099      77.749492421848259482   2212
492 9830.9972931573647656       0.66513329804569754078 2217
493 9843.9495355940744048       0                      2221
494 9822.8995037495187717       4.2703897143888580601  2226
495 9843.4603462408686028       0                      2231
496 9909.8579609088355937      17.834703579972838838   2235
497 9846.2949300079944805       0                      2240
498 9833.7822792522583768       0.00601215506649631533 2245
499 9834.3279309630233911       1.282688043678796852   2249
500 9844.3149577097447036       0                      2254
501 9839.140843569090066        0.45033628321497287672 2258
502 9841.5312859469959221       1.0418343072689402184  2263
503 9839.1525571061520168      94.210217806152925846   2267
504 9838.2429697377083357       1.1743261951875905158  2272
505 9841.3943011705086974       4.0237630865488052123  2277
506 9848.8967049615876022       0                      2281
507 9843.8761276041805104      18.668363230185814672   2286
508 9846.2304765066091932       0                      2291
509 9849.9370699940682243       0                      2295
510 9845.1376498170266132       0                      2300
511 9841.1208826921374566      12.37848361991851931    2304
512 9842.6585938725911546       0.00000035832774652454 2309
513 9840.4908305017506791       0.0833587589215162017  2314
514 9839.8468595106423891      94.444793969759956553   2318
515 9839.831786572074634        0.43443491972833792047 2323
516 9840.5508684479718795       1.0811375175774553536  2327
517 9840.664700843168248        0.08691101409558740776 2332
518 9845.3822580304731673       3.8635240964100656669  2336
519 9840.0376068820005457       0.10930000937578547571 2341
520 9844.1588530103163066       0                      2346
521 9846.9711996548903699       0                      2350
522 9843.1759324694485258       0                      2355
523 9836.7132636108653969       0.00264137801686150546 2359
524 9846.7101708211630466       0.00111280581858956974 2364
525 9835.8349861723763752       0.47137817496388295657 2369
526 9833.4365306167401286       0.01537718955881311501 2374
527 9843.7753894957822922      12.192480821562327264   2379
528 9844.4438627779472881       0                      2383
529 9843.1115025771250657       0                      2388
530 9838.497333401668584        0.000417164807473343   2392
531 9843.2856054097956076       0                      2397
532 9836.7686565058993438      75.757103055011185688   2401
533 9841.7457556250446942      94.962514337125526254   2406
534 9839.4300503620379459       0.00025834468783725523 2411
535 9841.4933568139367708      43.158418428752419516   2415
536 9839.1645097860728129       0.11320508031315446029 2420
537 9842.4398950298600539      12.286650145838489578   2424
538 9844.7922735310985445     101.4398216508296855     2429
539 9840.239997149190458        3.9740144042483920295  2434
540 9843.3879226248991472       0                      2439
541 9843.3319615229011106       0                      2444
542 9855.3671218526069424      71.221214267969912726   2449
543 9841.9912324320739572       0.93035985287105715802 2453
544 9836.1193307791945699       3.7456795837990473075  2458
545 9839.3658579757939151       0.00021218003454821134 2463
546 9842.3379901962398435       1.0214151068087318208  2467
547 9843.2214375151615968       0                      2472
548 9838.2281855451583397      13.868119729096884285   2476
549 9842.9943141484982334      56.317092293019626936   2481
550 9840.3936217228147143      81.633037448560017424   2485
551 9842.0878781148639973       4.0036324111209449228  2490
552 9846.5166376169581781       0                      2495
553 9837.3294952601136174      93.229287564445527892   2499
554 9839.4300503620397649       0.00025834468783725523 2504
555 9837.3515920944646496       0.00551340470222768612 2509
556 9848.002794416524921        0                      2513
557 9836.985388726418023        0.12400063687952503355 2518
558 9839.7057786826571828       1.6415921582625903064  2523
559 9839.9246501293382607       1.665312422835856232   2527
560 9843.0169716940326907      12.484008833467324706   2532
561 9843.23806818949015        12.401569110782675764   2536
562 9844.0337083659906057      55.898257543286177906   2541
563 9845.7712904851723579       3.9143113009827010806  2546
564 9837.3525970029077143     113.46114041112015514    2550
565 9846.6819851821001066       0.9822456168076345584  2555
566 9836.985388726414385        0.12400063687972395776 2560
567 9838.2140356526342657       0.00009500243534448316 2565
568 9829.9348441103029472       0.6672908118547618006  2570
569 9854.2496019518057437      71.582988240326187679   2574
570 9838.7141103836729599       5.9284481677524469845  2579
571 9837.2618062660749274       1.0425470480289897868  2583
572 9841.7280349842912983       0.40033250876814652219 2588
573 9842.1390972815643181      56.07237448926326806    2592
574 9841.9974793387973477       0.09346699557546095383 2597
575 9843.4220601796550909       3.8908630170261533365  2602
576 9845.2834063934624282      42.867213267798277343   2606
577 9846.6780440392412856      72.91514602748097218    2611
578 9843.1115025771250657       0                      2616
579 9834.2298721981787821       0.01803819793160853918 2621
580 9839.8152183196198166       0.00011135667135581389 2625
581 9832.2676333435265406       3.9527638866318426381  2630
582 9843.6897739406194887       0.36944814532170461296 2634
583 9844.012591446575243        0.4087718984783234033  2639
584 9844.6278069021682313       0.36419531675628147305 2643
585 9843.8235718159630778      13.77174387931882471    2648
586 9840.0661995927293901     106.97482115753399512    2652
587 9839.0695743637406849       0.00174471185630704212 2657
588 9846.4054892951498914       0                      2662
589 9848.1930643483410677       0                      2666
590 9835.8277097638820123       1.206407695703080929   2671
591 9843.3850330082896107       1.021734875762752015   2676
592 9839.2782642981692334       0.48509010593435070158 2681
593 9839.6126818958146032      12.433384803074581271   2685
594 9839.6188168123171636       1.0801887695876912776  2690
595 9843.377985233993968       12.219345277538101513   2694
596 9847.1693513780937792      12.065131465774143749   2699
597 9844.8020180557632557     108.16937525280611965    2704
598 9845.0729457801899116       0                      2709
599 9847.9085488908094703       0                      2714
600 9843.7768633070827491       0.00000550097611738452 2718
601 9839.3847653914381226      12.551699973068041416   2723
602 9838.7050115478632506       0.10219873277533016165 2727
603 9841.1512755728072079       0                      2744
604 9840.6335600011771021       0                      2759
605 9839.1148615282381797       0                      2773
606 9834.8686296662144741       0                      2782
607 9824.9143934082367196       0.02097621929823018441 2786
608 9840.5530642465455458       0                      2791
609 9873.9908985344991379       0                      2796
610 9877.0624697331641073      71.774326180309898859   2801
611 9848.091856547864154        0.71228017803084253678 2806
612 9801.3688768592619454       4.6253008223124432163  2810
613 9846.2890166379038419       0                      2815
614 9863.2893352865812631       0                      2819
615 9859.6350387664242589       0.36682848316555105583 2824
616 9821.9345988597779069      96.108475721966314609   2828
617 9835.6325934493834211       4.5145747349551594851  2833
618 9861.9758677912650455       3.6849592877444816708  2837
619 9871.1258564945783291      10.237698892104061699   2842
620 9822.1123112315908656      82.376359456789728597   2846
621 9876.1925858627510024      36.928733369910439421   2851
622 9831.2694361399244372       0                      2856
623 9820.5040120552457665       0.00005997630219743556 2860
624 9840.2649552853181376       0.06696938979623381916 2865
625 9840.614409438585426        0.00001019839173411347 2870
626 9876.9613657068111934      73.58969085399087362    2875
627 9847.2247053115333983       0.64473447624315138871 2879
628 9836.6561749021166179       0                      2884
629 9765.3487515851247736       1.1421840436536179197  2888
630 9782.8309976977252518       5.209315962619649909   2893
631 9826.4945679267675587       0                      2898
632 9812.3743809146835702       0.00866499690629502113 2902
633 9855.6351902935020917       0                      2907
634 9849.910044583848503        0                      2912
635 9820.3782613992752886       0.00201141011685702399 2917
636 9822.1816417394293239       0.00131674140389545524 2921
637 9872.5011533779052115      76.588060555737442314   2926
638 9846.5424288360482024       0.59465727392931677642 2931
639 9822.8039592820041435       0.00009095121530175994 2935
640 9862.6773375254415441       0                      2940
641 9781.7658016988461895       0.50820644602062181594 2944
642 9817.8535189216618164       0.38245586204683401643 2949
643 9784.1425156670575234       5.178520217370992107   2953
644 9853.6908523505371704      95.895678051039908496   2958
645 9857.0691169677647849       1.1135920038901345741  2962
646 9960.5237278223539761       0                      2967
647 9810.2520135927043157       1.4485975764427649892  2971
648 9827.5312095575282001     113.51197598345927986    2976
649 9844.2542232027099089       8.9583280221910452923  2980
650 9787.4865309346878348       0.32279063814786879139 2986
651 9844.0861443382091238       0                      2990
652 9827.2385408136560727       0                      2995
653 9868.6281571898744005       0                      2999
654 9874.8117111029223452       0                      3004
655 9777.2765658791704482      85.422584187621680485   3008
656 9809.3143673349240999      65.151622576427044464   3013
657 9811.1545909553715319      64.963248596874336727   3017
658 9827.742519809586156        0.83493008553027636687 3022
659 9827.7756789866998588       0.01009988002341632822 3026
660 9837.5040642867443239       5.8505894734865808715  3031
661 9846.7136407575053454     102.01088877589445758    3035
662 9840.4312602931768197      11.581170075560438093   3040
663 9761.3734606111720495       1.102117482197890963   3045
664 9842.574884912070047        0                      3049
665 9840.7895486861798418       0.00008615563989399691 3054
666 9868.2895183813288895      77.316934423069042737   3059
667 9844.5798930465480225       0.63024593265693629185 3063
668 9812.5869036979675002       0.00444010004551374012 3068
669 9814.2893877945480199       0.00145621028941394452 3072
670 9840.6433730867156555       0                      3076
671 9797.6064092062406417      11.791977475737207115   3081
672 9830.2390970142550941       0                      3085
673 9814.5258684107029694       0.08266468508006652449 3090
674 9821.1397851840465592       0.29625164221428140765 3095
675 9821.1926438951941236      96.718879493504175571   3100
676 9837.5700223712010484       6.1374601597389695229  3104
677 9849.4972891766192333      21.874463114380382933   3109
678 9845.5438758009186131      60.645045974833784896   3113
679 9802.4181510102043831       0.03543077751460650682 3119
680 9805.2345678455203597       0.02058693200249884364 3123
681 9814.0467263988703053       0.142877158256045661   3128
682 9819.7099982431736862       0.08785899970903549017 3132
683 9888.5191076962964871       0                      3137
684 9805.955207199571305        0.02513469264607743475 3141
685 9824.6966329300721554       0                      3146
686 9819.3108642178540322       0.00054653383257325739 3150
687 9850.7254439367989107       0                      3155
688 9784.9148666408364079       0.24720671094137633417 3160
689 9787.7215662287635496       0.20754937792394448359 3165
690 9886.3792333457367931       0                      3169
691 9804.0239953463897109       0.03413405644980344739 3174
692 9814.9982818234202568       0.00260671708888359291 3178
693 9826.5905471343958197       0                      3183
694 9826.6199559170036082      10.542884233874460165   3187
695 9842.7361981725116493       0                      3191
696 9821.848226555301153       10.705774444034270587   3196
697 9820.342586739347098       10.759275283333643358   3201
698 9814.7855745873639535      97.03588193894299252    3205
699 9823.2012470344325266      15.33465192389429177    3210
700 9830.9860673219136515       4.0815367806062470279  3214
701 9854.4821503378352645       0.02084345828829669081 3219
702 9822.6875609003654972       1.0196945951826290599  3224
703 9817.1642784812356695      78.523293226691933455   3229
704 9852.34427792290262         0                      3233
705 9855.9330466129522392       0                      3238
706 9829.5222539838487137       0                      3242
707 9828.0057126517713186       0                      3247
708 9822.1071338071087666       0.98599676505587741104 3251
709 9833.6996939382752316       0                      3256
710 9828.5845197752132663       0                      3260
711 9829.422928385756677        0                      3265
712 9818.4123358014512633      96.080491505196434332   3270
713 9823.082263230551689        0.26991262221216172357 3274
714 9824.0005647928664985       0.92766682241752174143 3279
715 9824.0326168132178282       0.02438523244793705871 3283
716 9828.0195134293971932      10.8816689379618321     3288
717 9857.9636882534196047      18.286752828628827672   3292
718 9828.5129535368632787      10.466417646300097744   3297
719 9811.9127646779816132      11.111133458871311319   3302
720 9853.8480625803422299       0                      3306
721 9833.0240511195843283       0                      3311
722 9827.6738053856988699       0                      3315
723 9828.2938418172598176       0                      3320
724 9820.8427601174553274       4.797294097500927279   3324
725 9825.4631296239913354       4.7098346043889343093  3329
726 9825.7329197392573406      10.685851932975932499   3333
727 9827.1121008177779004      92.471520181313294984   3338
728 9827.5270983682021324      62.552421073001184482   3342
729 9841.9516042471896071       5.7634518498412017351  3347
730 9844.7125213119288674      42.346578433990778478   3351
731 9816.2454524496770318       0.00379489062534557739 3356
732 9842.4001290310661716       0                      3361
733 9828.6636438225268648       0.00893562247978287386 3365
734 9827.5280798568655882       0                      3370
735 9821.8711250192081934       0.0008890115664614989  3374
736 9819.8869029102370405      78.274669493096993733   3379
737 9828.4388621845700982       0                      3383
738 9820.9588860168532847       0.00027807080887898023 3388
739 9830.2212998591567157      78.363114235519745421   3392
740 9823.1370904806026374      97.210130847362691497   3396
741 9839.1612245394389902      12.381508239674225536   3401
742 9846.5083792494242516       0.97260158700492660433 3406
743 9832.1158218808468519      78.128060335215153032   3410
744 9846.3883996110253065       0                      3415
745 9816.1962330258647853       0.00360408794301386162 3420
746 9834.8534978968782525      77.781209991843994089   3425
747 9820.4607534015867714       0.72134460456731352984 3429
748 9825.8471496408092207       0.89029495856264073694 3434
749 9823.8862449792140978      10.66246804251059821    3438
750 9820.3368335862451204      16.935668031828697622   3443
751 9830.6919359426210576      89.48856587371055582    3447
752 9836.7563976046058087       1.1212816784393744296  3452
753 9849.8552145506873785      72.270903924644215977   3456
754 9827.7756789866980398       0.01009988002341632822 3462
755 9818.1352515252528974       0.00242774721062899088 3467
756 9846.581140033687916        0                      3472
757 9822.8508605530387285       0.00001906563813285389 3476
758 9819.4454511639596603      96.076773425167260712   3481
759 9820.8627909271453973       0.00041153137512420511 3485
760 9828.3894775511889748       0                      3490
761 9840.6991451028679876       0.00064936223598366502 3494
762 9843.1510435207419505      94.717153913815351984   3499
763 9826.9884317960295448       0.01233974260681181337 3504
764 9828.7887166031796369       0.00642900067893852414 3508
765 9840.0017487673558207       0.00140087990277792647 3513
766 9833.9171664375444379      78.104498073805345371   3517
767 9822.4036762274736247       0.67990411301391973087 3522
768 9821.9951783168453403      10.740003336293675318   3526
769 9822.2032687890896341       0.98052630195040846317 3531
770 9823.7899626175567391      10.695636520392532987   3535
771 9822.4495734501797415      78.719404603652733954   3540
772 9824.5392571125648828      79.051488824023053326   3544
773 9825.8172803556863073     118.38924572156693671    3549
774 9825.8803913752544759      10.720386992939886284   3553
775 9847.2551271564479975      55.129942160815332386   3558
776 9818.0863287393112842       0.00227642885449399123 3563
777 9822.900037118635737        0.00003516102971922578 3567
778 9826.6399661014056619       0                      3572
779 9822.7545204672296677       0.00006345987484609881 3576
780 9839.9554058941048424      64.510004758184336993   3581
781 9846.3670294783569261      97.589590029419341022   3585
782 9829.2778917105024448       0                      3590
783 9819.0253426591680181       0.0403491503189319714  3595
784 9820.9667408216246258       0.03101988067786615177 3600
785 9835.3291006181734701       0.00953038144759382928 3604
786 9835.8622691557666258      77.921722020965219713   3609
787 9820.2561215556943353       0.3027801135329752924  3613
788 9829.4695548469771893      62.398953666950916386   3618
789 9824.7027365142512281      63.045272593433274722   3622
790 9825.3446742863361578      84.793998584399176366   3627
791 9818.3631678309629933      96.110724664623276681   3631
792 9827.8172992963482102     111.43670122991747462    3636
793 9829.4723242394520639       0                      3640
794 9841.860203100804938      128.57599795866431691    3645
795 9842.184992358319505        3.5333480340093830208  3649
796 9826.4945679267621017       0                      3654
797 9817.4205516399943008       0.05808352597572832149 3659
798 9838.543987766805003        0.00055221084331885965 3663
799 9825.6344717805241089       0                      3668
800 9824.7463484689214965       0                      3672
801 9821.1896080806363898       0.29791692306842693094 3677
802 9822.7624119464126125      63.199899078640456196   3681
803 9837.9947696569834079      64.108376336599505407   3686
804 9848.3277837393870868      97.417626462158864342   3690
805 9838.6551502805323253       0.00078847813310513445 3695
806 9840.4399083327753033       0                      3700
807 9817.9899438767843094       0.00263316985837265798 3704
808 9833.9658101942732173      78.155736062116972107   3709
809 9820.0626331218336418     103.12379092655818624    3713
810 9820.1985319469677052       0.04291886595381059349 3718
811 9825.4146371764782089       4.6607842932157348415  3722
812 9822.52552200426544        91.251205507369050451   3727
813 9827.8710498172968073       0.0110500569232171008  3731
814 9827.7439582887018332     105.15408000235362351    3736
815 9840.6881204227647686      81.437060075632118128   3740
816 9845.359149336713017       55.303300722287715985   3745
817 9829.3269765934073803       0                      3750
818 9842.4373322619085229       0                      3755
819 9822.2290568932039605       3.4263862219441447721  3759
820 9824.0485486648449296       0.94134547754901887195 3764
821 9820.3938859442168905      10.845049650315454315   3769
822 9823.1078563543487689      38.832424051718632541   3773
823 9841.0079940575433284       1.1012310170541097509  3778
824 9843.03071449039453       114.78335871772334542    3782
825 9827.5064004039377323       0                      3787
826 9821.8967913652595598       0                      3792
827 9813.5568406095499085       0.0030764658400572473  3796
828 9842.2918438346787298       0                      3801
829 9840.330303064916734        0                      3806
830 9831.2531769212528161       0                      3810
831 9818.3096092423074879       0.00019251391134030634 3815
832 9825.7802489373734716       0                      3820
833 9825.6813686838231661       0                      3824
834 9818.669827671488747       83.283338755873813852   3829
835 9821.2324270687677199       0.04298609235508379228 3833
836 9825.9615055646536348       0.25940698645893650598 3838
837 9819.4377477968519088      95.702919356663798567   3842
838 9821.2006411600486899       1.0320210846998185694  3847
839 9847.0555824896055128      15.625026235714338796   3851
840 9839.923859452119359       86.7540062006983419     3856
841 9818.1171775885595707       0.00044566179276086658 3860
842 9819.1566553845168528       0                      3865
843 9810.9996500851993915       0.01268591873060596377 3870
844 9837.1733631321858411       0.00224453142612655344 3875
845 9810.7743924195438012       0.00999128123601155868 3879
846 9812.7102482914251596       0.00626842801122244955 3884
847 9832.1939227296425088      77.508952391445887997   3889
848 9813.4991015013838478       0.0041618538834730821  3893
849 9822.744457415647048        0                      3898
850 9821.0958350147102465       0                      3902
851 9822.9361464586254442       0                      3907
852 9817.0919430860740249       4.9539259989520223471  3911
853 9817.5481244395450631       0.38874163766502151107 3916
854 9817.5951838054970722      95.155770040502503093   3920
855 9818.4586894959575147       1.156746654601896962   3925
856 9838.3080831962706725      16.069141472404357529   3929
857 9846.030973901402831      123.77615727671908985    3934
858 9815.5742138483601593       0.00049001023435882416 3938
859 9808.8753691433903441       0.01409540885354704405 3943
860 9845.2760112865489646       0                      3948
861 9820.1024834152140102       0                      3952
862 9827.5108009989235143      77.637919296957093707   3957
863 9824.7810931253006856       0                      3961
864 9814.0965738825507287      88.707253575504552146   3966
865 9817.2186970848106284       0.00006464414449807556 3971
866 9820.9498864840916212       0                      3975
867 9821.0457803727731516       0                      3980
868 9821.3305509157216875       0.05256423132971269757 3984
869 9822.760712350378526        4.8178865296287227693  3989
870 9820.1954392365223612      10.709511994673485802   3993
871 9821.9834496976764058      62.169496231478646564   3997
872 9841.2872706784455659       0.45520455091387929114 4002
873 9845.2505667290206475      55.403722931296087495   4006
874 9813.8692169611895224       0.10340103803924470538 4011
875 9824.7463484689214965       0                      4016
876 9819.6061941882599058       0.76697141881129005103 4021
877 9815.3317580065431684       0.00045009742522159242 4026
878 9817.3647644086613582       0.0000360260222685841  4030
879 9819.0610065526525432       0.00000079214375245139 4035
880 9821.994341300747692        0                      4039
881 9818.4925760620171786       0.06759097303088938691 4043
882 9842.4834524089474144       0                      4048
883 9842.834373509780562        0.00004475874578983432 4052
884 9821.7992595077375881       0                      4057
885 9823.6896674846720998       0                      4062
886 9816.3249087565145601       0.00089111879058596539 4067
887 9817.2687716734490095       0.00009281462400195869 4071
888 9817.5977557051865006      17.295810188872327018   4076
889 9818.0935839631583804      22.169927344760470334   4080
890 9819.2527412684285082      61.374968204075855738   4085
891 9819.911338576937851      120.14824574751095554    4089
892 9844.836388216155683        0.07561591014255783505 4094
893 9840.5897123995200673       3.949986015295107844   4098
894 9801.8847996819786204       1.270678667106520221   4104
895 9809.5195681597306248      11.008158292425097358   4108
896 9840.0995221540943021       0.00356519546284215193 4113
897 9828.2707726515909599     119.55523749258711064    4117
898 9819.6687970394159493       3.4606618123760015671  4122
899 9815.6265405962894874       1.2157932210023560948  4126
900 9818.8251576961138198       3.5595501483555396227  4131
901 9814.9163873316683748      89.80284442455332794    4135
902 9818.0482701612272649     136.57409625629259153    4140
903 9819.3012798678682884      11.534866908381820494   4144
904 9842.5866372136042628      81.917956042811411521   4149
905 9843.4644119635122479      55.477228110986985143   4153
906 9807.8898902506534796       0.01851445704309467866 4158
907 9805.9568843532615574       0.02612616828419557502 4163
908 9819.4372270193525765       0.3566808701122146652  4167
909 9819.923358047632064        4.8848381005237015984  4172
910 9820.3864405051408539       0.35138965428012119974 4176
911 9819.1528457347412768      62.662503032032425665   4181
912 9820.0960711120533233      62.341384454960085293   4185
913 9822.4477667142309656       1.4242646873349549264  4190
914 9816.1692005047352723      12.794245486669369782   4195
915 9840.2877818002289132       3.6468990679175119496  4199
916 9822.1781939201064233       0.3157020645063030595  4204
917 9821.7037023784778285       0                      4209
918 9816.5541780118801398       0.08105957338332707429 4214
919 9818.3294257266206841       6.6621902363017566628  4218
920 9819.4876658490866248       0.35850526061065218775 4223
921 9820.0463642542308662      62.324330675664079138   4227
922 9821.8620542420339916       4.8530957080391674552  4232
923 9821.3337121921049402      50.741987876658754431   4236
924 9838.6316408885886631       3.9782472725612327835  4241
925 9846.7983857588860701       0.06254529949042120229 4245
926 9821.8487029523512319       0                      4250
927 9821.7515332358034357       0                      4255
928 9820.2014879960643157       0                      4260
929 9814.7585539768024319      94.552818534662051775   4264
930 9819.3891486463762703      95.764435417786287985   4269
931 9841.1733906886656769       0.44901958475349146305 4273
932 9822.9859043949127226       0                      4278
933 9820.7551435331188259       0                      4283
934 9837.1107478271587752       0.00444273057892568927 4287
935 9829.1627237267202872     119.07367088320125958    4292
936 9815.0795855949145334       0.92034846678652448837 4297
937 9819.3389143924232485       0.35116102758801348571 4301
938 9820.1896652310279023      62.141042384788363506   4305
939 9824.5305358055848046      78.350965018619518787   4310
940 9835.6727185078543698       3.8553404206491448392  4315
941 9850.9912956731077429      96.780275150360580483   4319
942 9825.8254365078773844       0                      4324
943 9822.6947483911044401       0                      4329
944 9814.7300745265529258       1.2672820000968207932  4334
945 9816.4665591541797767      10.763876948807544309   4338
946 9819.0109664171104669       0                      4343
947 9818.577726659603286        0.00003050830939207993 4347
948 9818.0475533685639675       1.4876925418690569725  4352
949 9855.371688404089582        0                      4357
950 9818.0475533688695577       1.4876925418566555592  4361
951 9843.8585180048448819       0                      4366
952 9829.1627237267184682     119.07367088319941217    4370
953 9816.1791691547932714       0.00101737307509165253 4375
954 9813.346445301809581        0.00171481736279690796 4379
955 9816.5217055767625425       1.2065477691398021065  4384
956 9819.903702424489893       62.510034182650777268   4388
957 9817.4478945493592619      95.277301239495486129   4393
958 9820.6599027235988615       0                      4397
959 9820.9001430667358363       0                      4402
960 9820.1408456275657954       0.04971250208205620774 4407
961 9839.5686567311313411       3.9919434306009518032  4411
962 9845.8557463124470814       0.06474426233600175107 4416
963 9820.2884002348855574       0.34590745563262598194 4420
964 9840.4399083327753033       0                      4425
965 9808.7223772207325965       0.1296263693782921389  4430
966 9821.848702952347594        0                      4434
967 9817.1691961551860004       0.00004170549991492432 4439
968 9824.6355744074498944       0                      4443
969 9815.3638085835755192       0.4062913549796867696  4448
970 9817.399631325950395        0.38108981229390492818 4452
971 9818.3146762304259028       1.1477100622413509701  4456
972 9818.3468419908258511       0.06443377503846314802 4461
973 9843.3105185488020652       3.9483308423230871753  4465
974 9840.6421125487759127      88.308984566180569686   4469
975 9809.4827828441539168       0.01094868295836975459 4474
976 9844.3737382545623404       0                      4479
977 9816.292902256385787        6.7623267979345786927  4483
978 9817.0732677594587585       0.00010186746967672903 4488
979 9817.4979621791007958       0.38684123552380017541 4492
980 9821.0809526466182433       0.31377469750087771949 4496
981 9819.7777126808159665       4.8989351360805208913  4500
982 9820.0480536021368607      10.674941008978256818   4505
983 9843.1024134525978297       6.3638217808106611884  4509
984 9841.6694770880421856      82.334656430144661954   4513
985 9822.6587690607193508       0.00013418522253399383 4518
986 9824.600898722299462        0.00000070672391162786 4522
987 9843.8419748392625479       0.00001483147381761103 4526
988 9846.6855181598439231       0                      4530
989 9817.1230310254049982       0.00013648150365776633 4535
990 9819.1907996494355757       0.34389179533630281904 4539
991 9816.5938011193302373       3.8647167636983521533  4543
992 9816.7573604619428806      10.850123868102027558   4547
993 9823.0495544334589795      38.476672010599429541   4551
994 9822.7685067839174735     100.99296115656412098    4556
995 9837.0019929401605623      64.088455022524186688   4560
996 9849.3131109378937253      96.879546662754279396   4564
997 9823.7388143154603313       0                      4568
998 9821.6560371038158337       0.00000436109370040349 4573
999 9824.4906932389330905       0                      4577
1000 9846.578423147500871        0.05803118616738048297 4581
