1 9764.443792691170529      8451.7213451216775866     4
2 9931.3510313936676539     5710.307516776420016      9
3 9654.4634880115972919     11386.522182066913956      14
4 9952.8260423983265355     8766.9258360670028196     18
5 9968.604939399567229      8903.2506639795992669     23
6 9953.651600993158354      8877.1996110149557353     27
7 9744.2084058512300544     2919.7622506231277839     32
8 9748.8829932871230994     3174.6742670213611746     37
9 9638.941519086029075      2304.2688929086289136     42
10 9606.1362262175262003     2517.2022366573814907     46
11 9917.7020425350783626     2258.4299385692402211     51
12 9446.3360042759632051     2129.6208640500481124     56
13 9275.9199799674952374     2470.4767399528209353     61
14 9462.0092666928649123     2207.8099035001796437     66
15 9462.8111836597145157     2482.7349962783246156     70
16 9583.8196831645109341     4035.4408147241192637     75
17 9578.6300406989867042     3115.4588120617268032     80
18 9581.1347070316951431     2583.65529082487501       85
19 9748.3422595627816918     2489.7701668803997563     89
20 9628.5897798710157076     1986.1790532688685289     94
21 9580.1019117604519124     2403.982110310286771      99
22 9745.4395733893761644     2221.8199751881984412     104
23 9629.3777392952597438     2123.3428187354797956     111
24 10151.78094578832679       2023.9659298737919926     115
25 9744.7008787218182988     2358.1589424217231681     120
26 9935.104849551416919      2056.2389486988636236     125
27 9935.1645750965071784     1962.4874290894076694     129
28 10150.591027483404105      1820.1597140689705157     134
29 9915.6895528163549898     1699.085952733053773      139
30 9913.1176521711458918     1793.1911470668678703     144
31 9629.2445563926776231     1541.8387286424967897     149
32 9569.9860103600949515     1254.9612636230849603     153
33 10110.789317215552728      1305.3794443023130043     158
34 9929.9106920043450373     1650.4525256674910452     163
35 10124.811646578424188      1439.6953419894928174     167
36 10124.898635764398932      1360.1345753744792546     172
37 10142.988670947521314      1166.9646109125480962     177
38 9911.5824033471872099     1425.2383988629915166     181
39 9623.915211897534391      1327.2076019776059184     186
40 10140.032145809480426      743.21675892831387955    191
41 10432.372563491018809      517.56346190335113988    195
42 11673.702302118406806      1684.6142508352729692     200
43 10742.578730499091762      254.05069832891788906    205
44 10783.588254989052075      577.762977179766267      210
45 9737.2995351505960571     1278.8460910830774537     214
46 9812.5404115566070686     277.17653658632968927    219
47 10364.795277447947228      199.57015460151694697    224
48 9338.1807776457080763     2339.1761243263540564     228
49 9737.2606336161079525     120.06811695396132222    233
50 9957.8759195339443977     541.01236475208656884    238
51 9906.9441082141765946       3.8339140877761863635  242
52 10964.912933872888971      228.27339306792927687    247
53 10561.284608040095918       50.164494817397581983   252
54 9574.3576605449579802     967.87294125925802746    256
55 10120.369849408067239       57.545667928094012211   261
56 8708.7542327263690822     1675.2829709318148161     266
57 10775.452240890157555      6049.7183151236586127     270
58 9389.3102838236918615     3438.1508926366141168     275
59 10632.475210020465965      660.33542325275948315    280
60 10788.815261665517028      1864.9179254210243926     285
61 9267.5746533825004008     8398.7108058178164356     289
62 10863.480057753831716      453.93894027013590176    294
63 10793.536621059418394      321.20896039555918833    299
64 9564.8049681812572089      43.098748366794403353   304
65 13195.583638768097444      3459.814695523827595      309
66 9539.4755488247174071     208.11979639214348481    313
67 9690.2311665763591009      39.341030178971791997   318
68 8813.3747949304961367     1134.3776698929816575     323
69 9163.8565390440016927     7302.1683536654472846     327
70 9988.0826699756471498      56.876878705334995345   332
71 10684.824221901324563      402.86191857166551245    337
72 11837.855275561460076      1193.1020450417315715     341
73 9287.240862646516689      132.69543030970996256    346
74 9810.0439550930841506      67.409009083355016401   351
75 9437.0838651039302931     10809.12814597054421       356
76 9419.5361052668413322     952.33443739659094263    360
77 9743.5480567023405456      14.423969241982730338   365
78 10441.310116662260043      101.50216921503391632    370
79 9537.5162105522304046     125.55521105121118808    375
80 9590.3143540903947724     469.29512346849469395    380
81 9446.9485547390577267     100.35278112953405127    384
82 9989.7499700000298617       0                      389
83 9988.415029307056102        6.8489011523012095495  394
84 9495.0637482007496146      30.593167114715566157   399
85 9438.4086643740283762      35.114278567562998035   403
86 9444.8966920099810523     164.11488989617205903    408
87 10301.994780076387542        0                      413
88 9577.1329181341134245     181.62626220766503593    417
89 9012.8527087926413515     219.00822632815192037    422
90 9547.1959123606993671     176.8985035337494196     427
91 9566.4212517196101544     4969.6259923258103299     432
92 9989.8509720729271066      41.538586515317511783   437
93 10102.706265026150504       10.04052342991339053    442
94 9994.1753824718180113     270.22831095916069444    447
95 10325.413015515496227      758.33501650623361456    451
96 8875.1743693920288933     1780.9674302812720725     456
97 10533.865643184604778      391.0561203423110328     461
98 9940.8497513259280822     136.2630327252470579     466
99 10077.228862394815224        0                      471
100 9238.3584069733442448     1339.3984115646555892     476
101 9401.4344859112006816     1303.4498077427213047     480
102 10545.290560338751675      203.37330376286806199    485
103 9536.5043077477312181      45.218764793568254845   490
104 9813.4005253055402136       4.8325229475783055832  494
105 9893.3979050823072612       7.5718229565949171089  499
106 9617.0457796038535889     146.05659063195128056    504
107 9231.5032840285639395     331.97476734000537135    508
108 9908.8485297345177969       3.8313651439522526942  513
109 9908.6145016060472699     879.70132300185400709    518
110 9941.6144097550659353       0                      522
111 10405.448924708676714      3983.5058222717475473     527
112 9896.0997746483481023       0.51834779727957402962 533
113 8762.9880008218915464     757.1647585308098769     538
114 10220.114338236588083        0.40150841856700397736 543
115 10242.867240128431149        3.0923081338245790306  548
116 10488.4229963145699        142.23902028061166902    553
117 9545.5424281692612567      35.452707876641966322   557
118 8759.1501388067299558     775.4352609869298476     562
119 9400.080040141925565       82.70332253586302329    567
120 8798.2858975597773679     5415.5127580138150734     571
121 10554.5962907763369        141.61149051771329255    576
122 10691.28923679748732       212.04379368688819341    581
123 8979.0811287793185329     223.06899645988957559    586
124 9265.4721065740468475     1515.2547258432409762     590
125 9315.5473052548913984     598.21671013536797545    595
126 9740.1315276301447739       5.4836650436139500187  600
127 10359.368687711279563      4727.87536817610453       605
128 10081.338222530004714      3245.0099308635908528     610
129 10566.698246825138995        4.6134706943756969011  615
130 10195.844114783980331        0.1414228620140679793  620
131 10806.199513690167805       69.66234787623015734    625
132 9098.3411674658109405       0                      630
133 8970.4430640847494942     3386.3972639062744747     634
134 9788.5673603794548399      19.850582187146123658   640
135 10308.328054222118226        0.17457864292499972181 644
136 9919.3416541801871062       0.32189233318957261032 649
137 9915.8839694622511161       0.18009689223340247244 654
138 8800.7707895705152623     3402.8933204830836985     658
139 8361.3066121135816502     3465.6785466062497107     663
140 8584.4614714038361853     8663.677351423762957      668
141 8835.0620708375317918     1453.6772770221259634     672
142 8974.5124962836180202     166.18300308322193359    677
143 9099.9095036730886932       0.00093791436796060229 682
144 9105.0851159440426272      58.661889255090216011   686
145 9917.2918156739833648       1.8600459823412107685  692
146 9904.4640734753629658      25.302466180778555582   696
147 9712.9657248218354653       5.7843200499247640067  701
148 9916.3930543954356835       0.0127688968841588972  706
149 9519.796376809834328      359.85815567006625315    711
150 9980.5173267448535626       0.63185292003144377659 716
151 8479.0947669413435506      71.8182141428238765     721
152 8862.5219143709637137       5.9924941537995373153  726
153 9254.33603221058911       3829.9183640299725084     730
154 10219.110051011864925      171.37929898140995988    735
155 9167.1304300150914059     332.48121855709518968    740
156 9179.1562966495439468     1936.7326275464888568     745
157 10836.328120123878762      635.35669574595362974    750
158 12653.137888627155917      1491.5491328465275274     754
159 10246.591420008187924      3041.7002334203361897     759
160 8556.5424983786524535     7154.7205271651646399     764
161 9389.9259051041008206     359.96032231120727829    769
162 10480.482199456098897        1.5322879754649876283  775
163 9700.8516225278181082      26.729030072428507481   780
164 9156.7375880630279426       9.4445602945510387372  785
165 8735.069642349062633       35.282297729110524642   789
166 8865.0292773801265866     424.4447829909486245     794
167 9076.0769786928103713     106.81497479806569117    799
168 9491.0858374533927417     648.10951172843113       804
169 10221.068072760648647      228.917823415957713      808
170 8399.1633127439563395     658.11448585727180216    813
171 9121.9407161625204026     1765.2968613418847781     818
172 8469.1788568199117435     2051.5701229345090724     823
173 8997.8961035687534604     612.05593228709210507    827
174 9747.8836189093854045     933.77561941373392074    832
175 8390.8718027084833011       4.962265680872045337   838
176 8867.8029962770924612       0                      842
177 9274.7793723762060836     731.45989931220469771    847
178 8516.452520991975689       35.174707365012153559   852
179 9723.8862768239687284      14.092274397995074864   857
180 8922.412078683531945      124.73292791646683497    862
181 9896.1205048928313772       0.20133583008988067964 866
182 8868.0576245583488344       0.09900939725843589667 871
183 8843.7604953582685994     138.95026563741851078    876
184 8931.3334711720381165       0                      881
185 8950.5218643908920058     209.41167699716791617    885
186 9074.7273562142800074     149.127977754622151      890
187 9097.9211701301301218     224.73493141382169824    895
188 9016.5582853600753879     2142.6845593323682806     900
189 9121.2238468224895769     311.28060493505057593    904
190 9176.7990683256175544     347.58890320550153774    909
191 10403.334711728541151      1985.3822868483343882     914
192 8870.1067083939979057       0                      919
193 10022.074285807331762        0.00819496169783863124 924
194 9944.8106196216394892       0                      929
195 8834.6211687528630137       0                      933
196 8922.6548776034669572       0.09496241891292254989 938
197 8940.9075524377112743       0.03880178822386481929 943
198 9472.0460353702983411      23.119957185637609598   947
199 8918.1357976282179152      14.060362169653547681   952
200 9980.0007330792450375       1.2240330171748885491  958
201 9500.661855950127574       50.172285331224600213   962
202 8927.2354987571234233       0.33024353664149269649 967
203 9475.4561372851549095      22.543082632255881492   972
204 8843.7240385462609993       0                      976
205 8844.0744066351453512       0                      981
206 8674.1182619878854894      32.8253167788858633     986
207 8881.1990643372701015       7.0832473833597706658  991
208 8789.1903989414568059       0                      995
209 9931.5273429434819263       7.7751631592612406862  1000
210 10143.198461862071781        0                      1005
211 8957.4343581240464118     267.02343943413188754    1010
212 9328.3607399231914314      47.407609766464474887   1015
213 8832.5202823624840676      60.988865687538918792   1019
214 8545.546287402503367       16.661092966108416391   1024
215 8726.1480585833160148       0                      1029
216 8828.3470942858803028      41.200545494556827464   1034
217 10270.143503849745684        5.7775854031726012749  1039
218 8648.1763421321666101       0                      1044
219 8848.3522002084446285     4993.34525961943109       1049
220 8350.4892924598079844       0                      1054
221 8288.6809452609741129     7131.0139826807953796     1059
222 8165.5157902720884522       0                      1064
223 8313.3982379643020977       0.00810445205204918945 1069
224 8367.0638015097720199       9.3997605485191435548  1074
225 9820.2012882135641121       2.0137200267033232848  1079
226 8381.8880777122394647      69.560079892909669752   1084
227 8748.327170601754915        0                      1089
228 8511.1477550598356174      28.797311004651135136   1094
229 8648.3066672706754616      82.046334509412503166   1098
230 9029.7291136683015793     541.60867706593421644    1103
231 9106.7110738806641166     878.64402409359445301    1108
232 9117.2938145959760732     583.89366434252565341    1112
233 8301.4604571565741935     997.20678044845897148    1117
234 8768.2301835677499184      84.217840469797735636   1122
235 9609.1031124747732974     755.20532780523467409    1126
236 10955.818106308886854      964.20057728069446057    1131
237 12961.913837005266032      6201.1159956603723913     1136
238 8146.3239805319508378     501.16089106336517034    1141
239 8130.8954546750046575       0                      1146
240 8984.7219167929033574     3902.7011669621028886     1151
241 8178.1613337806184063       0                      1157
242 8191.5890697158674811       0                      1161
243 8168.5261128730326163       0                      1166
244 8151.5617848504516587       0                      1171
245 8499.0853791518420621       1.3593973328739252793  1176
246 8143.6491353614683248     321.36075517955043779    1181
247 8471.3303403369391162     411.32971121068931097    1185
248 8476.5063086906029639     157.48368004101726569    1190
249 9228.3608178870654228     528.14586419454144561    1195
250 12355.048637234804119      1651.8591794820595169     1201
251 8378.5159712847489573     1416.4223238645754464     1206
252 8605.0860928325892019     804.08372036140599448    1210
253 10822.999783823230246      2909.8554630387216093     1215
254 8413.1501857820439909      11.000096296709223509   1220
255 8149.4102415564238981       0                      1225
256 8221.3358999771608069       0                      1230
257 8123.6610738012368529      51.703362403198589448   1235
258 8327.355682978663026       31.490367902636673847   1239
259 8128.4410830045753755       0                      1244
260 8139.6183050908375662     163.01023277722501348    1249
261 8189.8699157049277346       0                      1254
262 8326.4326766793492425      11.221673445809861036   1258
263 8313.4192016100441833      37.894036033916371764   1263
264 8128.4072524380144387       0                      1268
265 8208.2822255948703969       0                      1274
266 8164.2666546310101694       0                      1278
267 8145.5127984206783367      41.078244781049377821   1283
268 8127.1816640775195992       0                      1288
269 8230.6916705066432769       0.6515988779820612864  1293
270 8240.087517008123541        0.10270436035005155173 1298
271 8250.8668577126481978       0                      1303
272 8314.5152543690019229      34.21982595681728867    1308
273 8374.3916978471934272       0                      1312
274 8104.7518554819444034       0                      1317
275 8972.0606199108478904     820.10178038595529415    1322
276 8119.5751458473332605       0                      1328
277 9099.5353183066508791       0                      1333
278 8205.1428531229648797      19.266770488012252116   1338
279 8276.4108598425373202      46.702926492333176611   1342
280 8101.8868469150256715       0                      1347
281 8098.9071032282645319       0                      1352
282 9856.1365596218965948       2.1270113554370779774  1357
283 8448.2884998773879488      39.705409730758915998   1362
284 8275.3250840553027956      50.968763347335418246   1367
285 8223.0911183701682603       1.152069858000344782   1371
286 8160.9753209278132999       8.1217362053316239923  1376
287 8202.7875411055174482       0                      1381
288 8342.6469029322215647     193.93743367097593477    1386
289 8342.4326837834341859      60.112537709423669696   1390
290 8153.5115557677781908     1073.7884338330886749     1395
291 8339.515996331210772       43.988329239757241851   1400
292 11352.767044370839358      365.73578868588879232    1404
293 8739.922621887846617      2939.0768863641742428     1409
294 13136.801025759739787      12232.850356960690988      1414
295 8104.6888097893024678       0                      1418
296 8619.6040542086466303      14.42981708182169065    1424
297 8099.5781518827297987       0                      1428
298 8176.5362169132677082      35.048226972216468766   1433
299 8209.5657705845369492      81.863155052412324153   1438
300 8106.3543893144178583       0                      1442
301 8111.3486499534046743       1.7318965322918029592  1447
302 8165.6634090395364183       0                      1452
303 8184.2831650633233949       0                      1456
304 8122.0811267894277989      41.138180894816322564   1461
305 8309.1795092603242665     136.82647695144382283    1466
306 8464.0635333756890759      54.460688893286196333   1470
307 8679.874546506032857      117.50063593552344798    1475
308 9293.8202845241539762     783.69980594801779716    1479
309 8979.9894109086253593     1522.9653211570014264     1484
310 8103.2325904847284619       0                      1489
311 8228.9984022101161827       0                      1494
312 8226.5692226776154712       0                      1499
313 8160.3824459229472268     474.97322246011287916    1503
314 8099.7248731638246682       0                      1508
315 8151.7123718314496728       0.51179129264925671272 1513
316 8100.3371834835106711      38.2479801171275966     1517
317 8122.5381722865413394       0                      1522
318 8190.1350510053689504       0                      1527
319 8301.0635515935991862      77.616034768522212062   1531
320 8102.3196354712108587     431.80593832629568851    1536
321 8100.8276480723670829       0                      1540
322 8868.9477599485908286     1013.4302256886223859     1545
323 9456.3176858015285688     982.06883145160554704    1550
324 8991.6384538838028675       0                      1555
325 8201.0708848565864173     343.00003409505575291    1560
326 8171.6506957909941775      37.265629169235829465   1564
327 8267.5813210212327249      41.524202530837037273   1569
328 8092.6835554008321196       0                      1574
329 8438.6947389180368191      34.155001738127950262   1579
330 8097.1157224846501776       0                      1584
331 8116.4000699860953318      16.06917829915616025    1588
332 9273.225983194733999        2.7852256383479687685  1593
333 9362.006199745927006       10.796942982744225148   1598
334 8090.4514771028398172       0                      1603
335 8097.0064603523069309      86.037745792742285289   1608
336 8165.4100105503293889       0                      1613
337 9002.2412849215106689       0                      1618
338 9159.0836285205532477       0                      1622
339 8083.9852279046299373       0                      1627
340 8154.9316415260145732       0                      1632
341 8419.1535153799268301      42.980132933699074727   1637
342 8237.353085568309325        7.9385913990578886867  1642
343 8234.1004817039392947      42.420719741125111568   1646
344 8134.5861899751598685      65.988432671181115552   1651
345 8202.2165730677534157      71.493527248692430476   1656
346 8084.7572095071991498       0                      1661
347 8087.5246945424887599       0                      1665
348 8179.1593315556665402       0                      1670
349 8122.0454209699155399       0                      1675
350 8124.4417099195015908       0                      1680
351 8090.4240406088583768       0.2099250532400505076  1685
352 8116.9352369073585578     116.41258568917994864    1690
353 8112.3200915743254882     485.07571061548787839    1695
354 8868.0228990619161777       0.01049769412547767178 1699
355 9318.9182243695686338     132.18514248933314548    1704
356 8087.5736476228521497       0                      1709
357 8875.7533372433317709     161.69805540282803236    1714
358 8107.066492559195467        0                      1718
359 8101.2701901535901925       0                      1723
360 9013.0294130772017525       0                      1728
361 8132.5267864696334073      57.705867619449804806   1732
362 8203.6592512188326509      70.505825640966790502   1737
363 8083.9530263440256022       0                      1742
364 9013.0294130771835626       0                      1747
365 8088.5273593901447384       0                      1751
366 8864.7488435236191435       0                      1756
367 8135.2090583046065149      55.189541566865337074   1761
368 8101.049427722128712        0                      1765
369 8084.8851566132962034       0                      1770
370 8113.0077298795777097       0                      1775
371 8089.4996090842569174       0                      1779
372 8084.8094869186588767       0                      1784
373 8120.2198787151082797       0                      1789
374 8086.1081968786111247     350.97767268626830628    1793
375 8088.4099976979305211       0                      1798
376 9098.4564452416707354       0                      1803
377 9101.894679464510773       26.853360904393426267   1807
378 9078.8626221757676831       0                      1812
379 8089.5775027859781403     384.44211918675978268    1817
380 8089.4481307531877974     388.44233859622829641    1822
381 8209.1485157543756941      74.588426744541294511   1826
382 8122.2550162136367362       8.1536019173859486386  1831
383 8084.0981774151950958       0                      1836
384 8086.5966546945737718       0                      1840
385 8083.7459456368596875       0                      1845
386 8087.1759491240418356       0                      1850
387 8091.485810639889678        0                      1855
388 8113.118575044643876        0                      1859
389 8993.3763330907095224     124.15393251025548693    1864
390 8220.4026746703275421      70.554111310839530802   1869
391 8152.5046285239723147      14.016061795131191658   1874
392 8083.6261456460933914       0                      1878
393 8096.1110438120495019     352.26088481034668121    1883
394 8084.2594245759592013       0                      1888
395 8084.4407195281273744       0                      1893
396 8819.0639264240562625       0                      1898
397 8849.7454237607289542       0.78818110113321326882 1903
398 8216.5962304263484839      73.541145672990609228   1907
399 8152.9993437847206224      14.267453962067252249   1912
400 8084.7603879970774869       0                      1917
401 8086.0286274376621805       0                      1922
402 8086.470437796447186        0                      1926
403 8123.0073368431876588       0.98154576154624884055 1931
404 8084.5690695580342435       0                      1936
405 8082.8431710203703915       0                      1941
406 8083.1467930860981141       0                      1946
407 8083.4031898795465167       0                      1951
408 8083.4037312882510378       0                      1956
409 8881.2247849382729328       0                      1960
410 8878.246617084085301        0                      1965
411 8155.2208372441373285      51.105146048198974995   1970
412 8256.894507366740072       43.676976668583570529   1975
413 8084.3568384325062652       0                      1979
414 8085.0398131608480981       0.02235558265587146709 1984
415 8085.1977422789441334       0                      1989
416 8087.6417394703612445       0.00404687754402296724 1994
417 8084.6185091805136835     333.53890646044021651    1999
418 8088.8015304074770029       2.3886960700304031846  2004
419 8103.6641881840942006       0                      2008
420 8085.4814037602791359     316.98176067884418217    2013
421 8924.3535843512909196      57.218237138745465131   2018
422 9215.2820181018760195      20.356501734780945156   2023
423 8123.766871085310413        2.4296787012096436875  2027
424 8085.0558672130964624       0                      2032
425 9068.1193744105985388       4.628978671667490552   2037
426 9187.5663663071063638      77.852081391367050855   2042
427 8085.0305946998396394       0                      2047
428 8085.0617846427776385       0                      2051
429 8117.6308742084474943      45.000196043715085636   2056
430 8129.8795442263126461     152.25018644498445042    2061
431 8084.5593926003002707       0                      2065
432 8083.7023718569580524       0                      2070
433 8082.654003744363763        0                      2075
434 8095.4244721483819376      71.414840556126080173   2079
435 8082.6743397721938891       0                      2084
436 8091.0056325737077714       0                      2089
437 9100.2919648016304563      46.928683783543611696   2094
438 8107.4847204876277829     210.45687031996362748    2099
439 8090.0878544156139469       0.90061125789180918044 2104
440 8086.3282885998496567       0                      2108
441 8085.951999929889098        0                      2113
442 8086.7814744119350507       0                      2118
443 8082.5457242988304642       0                      2122
444 8096.1124900705972323     277.561639954675627      2127
445 8833.8857583946755767      11.942628109982960538   2133
446 8835.5173750311878393      11.925689047853204272   2137
447 8082.0554918451252888       0                      2142
448 8102.0752862863428163      15.634245014820740138   2147
449 8083.2782234222386251       0                      2152
450 8707.3354176320408442       2.7342616036647142685  2157
451 8152.4104444915647036      58.218879921190179516   2162
452 8257.4350410885090241      43.249606404466604204   2167
453 8089.7770750595345817       0                      2172
454 8089.2766245631710262       0                      2176
455 8115.0459416181456618       0                      2182
456 8118.910777215402959        0                      2186
457 8090.5554552621169933     107.83293071505406147    2191
458 8092.4844895656806329     141.30079041558130371    2196
459 8110.4889062560332604     860.67928010548541806    2200
460 8121.3296937136155975     759.71811682879683758    2205
461 9097.6522689657740557     554.24876093527370813    2210
462 9183.0589808311906381     10436.147593202245844      2214
463 8088.4480928968650915       0                      2219
464 8103.1273641907582714      14.173798559398894881   2224
465 8082.9723766500046622       0                      2229
466 8082.9208592712620884       0                      2234
467 8874.3456897559408389     346.57904866194212445    2239
468 8217.6114084093078418      84.306136128164595789   2244
469 8120.7405431961315116       8.0781241137271742048  2249
470 8082.0061640334806725       0                      2253
471 8082.0565079852594863       0                      2258
472 8082.4850359721312998       0                      2263
473 8082.5911102731524807       0                      2268
474 8837.2673735966418462     228.97562068445523664    2273
475 8220.8002481308249116      87.317099590281586075   2277
476 8120.1417282847023671       7.8282260946353989794  2282
477 8083.8411243470145564       0                      2286
478 8084.2890250407581334       0                      2291
479 8084.1832547513186          0                      2296
480 8092.9679251368115729       0                      2301
481 8082.4331355038857509     341.90598221693755931    2305
482 8089.3036802703954891       0                      2310
483 8086.2736369628719331       0.03989654660725722862 2315
484 8090.790335234783015       95.823019996792339725   2319
485 9026.2780477923424769     210.66325539104451536    2324
486 9191.1649204783680034     2243.1316818465975302     2329
487 8081.999181284801125        0                      2334
488 8082.2248369255394209       0                      2338
489 8083.4156930696872223       0                      2344
490 8869.9922561754610797       0                      2348
491 8873.0616374221499427       0                      2353
492 8222.865286062395171       87.086009563632387653   2358
493 8120.3887057056454069       8.0231572128504655694  2363
494 8083.0513727856059631       0                      2368
495 8082.0115817989744755       0                      2372
496 8083.5408407131790227       0                      2377
497 8082.971131533577136        0                      2382
498 8083.9403879823257739       0                      2387
499 8085.1908098389485531     348.52987831836009036    2392
500 8087.2815286891900541     128.53093641460876029    2397
501 8090.5528140413698566     169.02163803399338349    2401
502 9163.5308775246321602       0                      2406
503 9045.4067201927155111     297.49718876083022678    2411
504 8087.0887168073941211       0                      2417
505 9125.1187956235644378      45.327080848848495975   2422
506 9095.235920976363559       48.899340282951797576   2427
507 8118.6907736240982558     224.09775066034870861    2431
508 8089.0529289956693901       0.73033455550768000553 2436
509 8082.8206881459054785       0                      2441
510 8082.4050976354737941       0                      2446
511 8081.9949263383350626       0                      2450
512 8082.0145737403818202       0                      2455
513 8085.3144654062944028       0                      2460
514 8084.9163389779696445       0                      2465
515 9035.2060080916126026      73.879719697667937339   2469
516 9036.5468553501359565      73.880427642463359916   2474
517 8119.3404456606785971     222.21781412660754995    2479
518 8088.8878479569666524       0.69116683032527193031 2484
519 8083.4453688944404348       0                      2490
520 8082.3527803583701825       0                      2494
521 8082.3727145535794989       0                      2499
522 8083.0683482544036451       0                      2503
523 8082.9927593291840822       0                      2508
524 8083.6249679768643546       0                      2513
525 8084.1027120009830469       0                      2517
526 8084.2276235360704959     332.20385887380177792    2522
527 9118.9255205238150666     437.27468187713873249    2527
528 9087.2555278841900872     308.43339875028095776    2531
529 8089.7374102813701029       0                      2536
530 8082.028182973523144        0                      2541
531 9097.4618810655974812       0                      2546
532 8084.5216310003743274     347.32873330840453718    2551
533 8082.1228250988551736       0                      2556
534 8082.1995361398694513       0                      2560
535 8081.9987596121964089       0                      2565
536 8082.0106738130998565       0                      2570
537 8082.0174001038994902       0                      2574
538 8081.960631329446187        0                      2579
539 8094.7705795114725333     364.73263241414451841    2584
540 8084.5529865201024222       0                      2589
541 9109.0951151920089615       0                      2593
542 8084.218981811048252      352.23351340029421408    2598
543 8082.1505512777848708       0                      2603
544 8081.9821608359543461       0                      2607
545 8082.0515941711619234       0                      2612
546 8082.0819419833078427       0                      2617
547 8082.3394560313845432       0                      2622
548 8081.9795282780150956       0                      2626
549 8083.0692394520010566       0                      2631
550 8082.1654130706319847     334.50919825833113919    2636
551 8082.9527158876235262       0                      2640
552 9105.9254947786994308     379.96254927755518338    2645
553 9100.1632188324256276     283.52574608003033063    2650
554 8082.049558394259293        0                      2655
555 8082.0510425421780383       0                      2660
556 9101.3255534548006835       0                      2664
557 9105.9343626365571254     328.52140827413575153    2669
558 8082.5331077211694719     340.10449907234925604    2674
559 8082.0757362707499851       0                      2678
560 8081.9639368506732353       0                      2683
561 8082.0226898390210408       0                      2688
562 8081.9738472155286217       0                      2692
563 8082.0036014469496877       0                      2697
564 8082.7886834089995318       0                      2702
565 8083.9373853274264548     343.76002467630075898    2706
566 8085.2514632598904427       0                      2711
567 9099.2888860634775483     241.73957465052021121    2716
568 9109.2978008646514354     1417.0448335560206488     2721
569 8088.4710940666691386     112.58566319864816307    2726
570 8082.0989669994560245       0                      2731
571 8083.5528681672303719       0                      2735
572 9093.5295499670319259     434.06035891372960123    2740
573 9098.9622186042761314     792.0422335306631112     2745
574 8082.1842534482984775     338.96787612341864815    2750
575 8081.9829350375030117       0                      2754
576 8081.9570247770907372       0                      2759
577 8082.0917083149388418       0                      2764
578 8082.2140339565066824       0                      2769
579 8082.2276207754321149       0                      2775
580 9093.2824763012813492       0                      2779
581 8082.2046433592104222     340.39203216980951083    2784
582 8081.987057786663172        0                      2789
583 8081.9562007980739509       0                      2793
584 8082.0822851937764426       0                      2798
585 8082.0016729840626795       0                      2803
586 9096.2052655589504866       0                      2808
587 8084.1518653754164916       0                      2812
588 9100.3205281494047085     404.39525719700446871    2817
589 8082.1831505199679668     338.7035206779948453     2822
590 8082.3345793080452495       0                      2826
591 8082.0127912757689046       0                      2831
592 8081.9547571873599736       0                      2836
593 8082.0959316422631673       0                      2840
594 8081.9280489766124447       0                      2846
595 8081.9663630317572824       0                      2850
596 8084.2329082573460255       0                      2855
597 9100.9630149908080057     271.03844355732269378    2860
598 9097.7618101728476177     246.22120910152281681    2865
599 8082.2087045635325921     339.84057147102140561    2869
600 8081.9747543127359677       0                      2874
601 8081.9267752228915924       0                      2879
602 8081.9558660925786171       0                      2883
603 8084.5589449254630381       0                      2889
604 9130.6884128626006714     406.02310454953908447    2893
605 8082.2219741107028312     340.11177121248567801    2898
606 8083.6505767685866886       0                      2903
607 8081.9718057783293261       0                      2907
608 8081.961500390096262        0                      2912
609 8081.9242446288553765       0                      2917
610 8081.9490664328804996       0                      2921
611 8082.9297600415848137       0                      2926
612 9095.8904697395792027       0                      2931
613 8084.6042311825685829       0                      2936
614 8082.2078716391997659     337.85260768334535442    2940
615 8081.9591677660700952       0                      2945
616 8081.9683142222174865       0                      2949
617 8081.995565231431101        0                      2954
618 8082.0055834869026512       0                      2959
619 8081.950844028483516        0                      2963
620 8083.1324293474626757       0                      2968
621 8082.9307615155648818       0                      2973
622 8082.7630031154130847       0                      2977
623 8086.6731132972936393     125.40480328438788149    2982
624 9089.6440337642779923       0.00306205690577301742 2987
625 9110.8539161344215245       0                      2992
626 8085.2521312379421943       0.00510473836015119461 2996
627 8082.7594639556882612       0                      3002
628 9092.7093202932919667       0                      3006
629 8082.2244838517990502     338.12242038210047212    3011
630 8082.2224870466625362       0                      3016
631 8082.0429037955764215       0                      3020
632 8081.9408952200283238       0                      3025
633 8081.9425509309594418       0                      3030
634 8082.163957008457146      335.08676738965124287    3034
635 8082.9176681586322957       0                      3039
636 8084.0890590947101373       0                      3044
637 8084.9263218825235526       0                      3048
638 9100.6189408872342028     255.1284913938925456     3053
639 9104.3225701171450055     865.21108394411874087    3058
640 8088.1541934031511119     115.87548905613411421    3063
641 8082.9146980718096529       0                      3068
642 9110.8099506051585195      70.991598681427163342   3072
643 8082.2055260405631998     337.23738763140715946    3077
644 8081.9673064044072817       0                      3082
645 8081.9199013977613504       0                      3087
646 8081.9463491615042585       0                      3091
647 8081.9246163225434429       0                      3097
648 8082.0254463537539777       0                      3101
649 9098.7927371121040778       0                      3106
650 9101.439299530666176        0                      3112
651 8082.2185182208313563     337.79268836252924757    3117
652 8082.0057461002324999       0                      3121
653 8081.9269781129578405       0                      3126
654 8082.006981117486248        0                      3131
655 8081.9490172144824101       0                      3136
656 8082.9226544661005391       0                      3140
657 8082.757571133919555        0                      3145
658 8083.9995535817206473       0                      3150
659 8084.8130805064229207     343.6591345378145661     3155
660 9100.8179832900968904     273.38737646304252848    3160
661 9103.8674765337054851     769.12465491528371331    3165
662 8081.9978551158519622       0                      3170
663 8083.6634676602170657       0                      3175
664 9097.2219676916247408       0                      3180
665 8082.5088978237663468     358.60716800693802497    3184
666 8081.9774657351963469       0                      3189
667 8081.9360529913519713       0                      3194
668 8081.9502999384658324       0                      3199
669 8081.9212501278852869       0                      3204
670 8081.9177064189643716       0                      3208
671 8081.9155207554440494       0                      3213
672 8081.9485558308933832       0                      3218
673 8081.9841375022706416       0                      3223
674 9097.6852444672840647       0                      3227
675 9104.7468025806847436     414.03844868585804306    3232
676 8082.2291706499090651     336.09394466674694968    3237
677 8081.9605913053119366       0                      3242
678 8081.9886528618480952       0                      3246
679 8081.9899584987306298       0                      3251
680 8081.9203794707855195       0                      3256
681 8081.9250552364055693       0                      3260
682 8082.7840004354975463       0                      3265
683 8082.9223788947938374       0                      3269
684 8088.3822310185805691     110.32796966680942319    3274
685 8082.2108887730810238     329.52237015546052135    3279
686 9096.8507678908808884       0                      3283
687 9102.6241055282189336       0.00094117772878282312 3288
688 8092.1716786142487763     137.86882832161634838    3293
689 8082.9214482737370417       0                      3298
690 9095.5663538453700312       0                      3303
691 8083.1459461888562146       0                      3308
692 8082.1774248710771644     330.61540290379895168    3312
693 8081.9488789668521349       0                      3317
694 8081.9616296726517248       0                      3322
695 8081.9175675008345934       0                      3327
696 8081.9339522315885915       0                      3331
697 8081.9429209166737564       0                      3336
698 8082.1880326767859515     329.16495675129834808    3341
699 8082.9199913934489814       0                      3345
700 8082.7679271709339446       0                      3350
701 8083.9843793784302761       0                      3355
702 9097.4798048142238258     237.52564076765492018    3359
703 9110.8757453619073203     1402.8882770575671657     3364
704 9097.2213746045053995       0                      3370
705 9099.9343006369272189       0                      3374
706 8086.0205235302137226       0.19213238866792245463 3379
707 8083.7000818367041575       0                      3383
708 8082.1773297924692088     330.33402918191541175    3388
709 8081.9498642284361267       0                      3393
710 8081.9164202459933222       0                      3398
711 8081.9212586271805776       0                      3402
712 8081.9171255172159363       0                      3407
713 8081.9444901388560538       0                      3412
714 8081.9888256743861348       0                      3416
715 8082.1660826803536111     332.25535806025959573    3421
716 8082.9190409795255619       0                      3426
717 8084.8439771877792737       0                      3431
718 9102.0732735748897539     271.25866018159399573    3435
719 9102.4622939886212407     837.71711849029111363    3440
720 8081.9929714388799766       0                      3445
721 9100.2152371464380849       0                      3450
722 8085.9984283884232354       0.12263170101941146817 3455
723 8084.7681304742009161     314.43287071715491265    3459
724 8082.1939741836813482     330.92032639588296661    3464
725 8081.9476089905683693       0                      3469
726 8081.9970848054508679       0                      3474
727 8081.9973873694107169       0                      3478
728 8081.9151187665547695       0                      3483
729 8081.9237850960562355       0                      3488
730 8081.9866217286380561       0                      3493
731 9094.6448735251797189       0.36642141033576763887 3498
732 8082.1713014479291814     330.60614351081733275    3503
733 8081.9476089905729168       0                      3507
734 8081.915516104042581        0                      3512
735 8081.9847604919032165       0                      3517
736 8082.1723429173462137     334.79012136249804144    3522
737 8082.490802942245864      356.24414186123743775    3526
738 8082.9225881520069379       0                      3531
739 8087.8798272406302203     154.72775134197161151    3536
740 8083.0004712808113254     322.97526544467888243    3540
741 9097.1917922592256218       0.00093515294880553703 3545
742 9089.1317363577727519       0.00092571917808046908 3550
743 9065.7903996241402638       0.00088732139128191762 3555
744 9003.3464591513711639       0.00069195844270492058 3559
745 8885.0771416780771688      13.476278921973516844   3564
746 9003.0043112018538523       0.00522577635921895895 3569
747 9001.8012143934156484       0.00521321936861451809 3574
748 8085.3139258041428548       0                      3579
749 8223.6564493139903789       5.9482549353049822827  3583
750 8115.6122748109373788       6.9152545928192035163  3588
751 8082.0585286548212025       0                      3593
752 8082.1436946226740474       0                      3598
753 8082.1739577763100897       0                      3602
754 8083.4334258827066151       0                      3607
755 8084.118615341016266        0                      3612
756 8082.404743379046522      318.92253628066822557    3617
757 8082.8804791004786239       0                      3621
758 8083.2081202365734498       0                      3626
759 8993.4157734285836341     164.34895517305474755    3631
760 9020.6399487590642821     1188.5621430301250712     3635
761 8082.4063866694605167       0                      3640
762 8082.32557368299058         0                      3645
763 9004.7269213366562326       0.00538842416881264805 3650
764 8082.2472474771611815       0                      3655
765 8082.2497732261963392       0                      3659
766 8082.1935507918697112     328.04158681588199897    3664
767 8081.9286430088359339       0                      3669
768 8082.769477069408822        0                      3673
769 8082.0375628391757346       0                      3678
770 8082.762874961927082        0                      3683
771 8984.4912502600927837     693.077750263322514      3688
772 9027.1677818938114797     195.07390560538851787    3692
773 8082.7289663274832492       0                      3697
774 9035.1561971249284397     640.99390446640086338    3702
775 9036.8966819355264306     988.60329465050358522    3707
776 8081.9842657931931171       0                      3712
777 8081.9162248666152664       0                      3716
778 8081.9193024226506168       0                      3721
779 8083.6266521984825886       0                      3725
780 8085.2078470137021213       0                      3730
781 8082.1636453991732196     333.09223647733637108    3735
782 8082.8238348974191467       0                      3739
783 8084.8970083494796199       0                      3744
784 9003.7486582288129284     932.27333347920489359    3749
785 9008.0171057166262472     167.40339107276588493    3753
786 8082.0136254794024353       0                      3758
787 8081.9997378041980483       0                      3763
788 8081.9252025324731221       0                      3768
789 8081.9335725211703902       0                      3773
790 8081.9155516068585712       0                      3777
791 8082.1804369964038415     336.18518527246794747    3782
792 8082.7833314573208554       0                      3787
793 8083.9899556892496548       0                      3792
794 8088.3451717248181012     110.94954751527410508    3796
795 8996.977203377209662      154.23686099221495738    3801
796 9014.6165682277478481     973.4268539428665008     3806
797 8082.0070981408098305       0                      3810
798 8081.9191705067778457       0                      3815
799 8081.9192505609926229       0                      3820
800 8081.9171294087382194       0                      3825
801 8082.7535575608590079       0                      3829
802 8084.8545969758515639       0                      3834
803 8088.3138388602446867     111.14183705929970358    3838
804 9004.8696979643045779       0.00062150783040464889 3843
805 9001.508518810469468        0                      3848
806 8082.1612705532761538     331.68064025877936274    3852
807 9009.4716894182874967       0.00043204869707695961 3857
808 8082.8231735179651878       0                      3862
809 8082.172963093049475      330.32448451450352422    3867
810 8082.7552682246614495       0                      3871
811 8082.7533523686242916       0                      3876
812 9006.7807252466336649       0                      3881
813 9013.5249224610597594      35.07628783076523149    3886
814 9023.5681349532860622       0.00006692402189253932 3891
815 9019.9494137180827238     155.71659392027601143    3895
816 9031.9296239567520388     1090.1023335957445397     3900
817 8082.161327442804577      332.23394583497912436    3905
818 9068.4716071667626238       0                      3910
819 8082.86181328298062         0                      3915
820 8082.1636924132626518     334.76864223685112165    3919
821 8089.1478301468405334     118.62483796424660909    3924
822 8092.1235654828678889     137.18925183653209388    3929
823 8082.1701599920952503     331.41936353009907634    3933
824 8085.7276316805055103     351.64002670446143384    3938
825 8089.1677667657450002     116.60208565590239971    3942
826 9023.2490847877488704       0                      3947
827 9023.8288528628945642       6.7227472983535481177  3952
828 8081.9265937590380418       0                      3957
829 8084.0060048145051042       0                      3961
830 8081.9488899163525275       0                      3966
831 8082.0119760957613835       0                      3971
832 8082.5247057129445238     359.20792742470916892    3976
833 8086.6483658166243913     126.95975836857491004    3980
834 8084.0049111026764876     342.56675872424290219    3985
835 8092.1337129187841128     137.22791651816973513    3990
836 8092.1502829763994669     137.3845548269140977     3994
837 8083.9727637076230167     344.4354225317602527     3999
838 9021.0484188187074324       0.36502448826553240968 4004
839 9027.6271097415628901      36.441952608824443871   4008
840 8081.9997902212689951       0                      4014
841 8082.796424822598965        0                      4018
842 8082.8410330372716999       0                      4023
843 8082.7553443563392648       0                      4028
844 8083.6263736010196226       0                      4033
845 9026.1714242197213025       0                      4038
846 9020.9694617500899767       0.00110642239512279464 4042
847 8082.1660247780400823     330.84516020889827814    4047
848 9018.2880924917462835       0.42439144447908849767 4053
849 9020.9694617500917957       0.00110642239512202638 4057
850 8082.8895169832958345       0                      4062
851 8081.916361909799889        0                      4067
852 9020.7704621874781878     157.30362311335281333    4072
853 9031.1225068560415821     1094.1885984105226726     4077
854 8082.1648761327533066     331.39796647914954519    4082
855 8082.0239015843162633       0                      4087
856 8082.1964166321304219     332.88521338656317994    4092
857 8089.0668070126484963     132.52322037975750391    4096
858 8083.4585708618051285     298.76418799393513837    4101
859 8088.3101768115993764     110.96212734690125501    4106
860 8088.3500512881882969     111.62131165395723542    4110
861 8083.4373586848778359     299.88601104321929824    4115
862 9020.8872966258077213       0.39239178272655744761 4120
863 9027.7887946626415214      36.452324424870596431   4125
864 8088.3191996286304857     111.81420999812628736    4130
865 8082.0076236718086875       0                      4135
866 9021.672251546766347        0                      4140
867 8082.0224145480669904       0                      4145
868 8082.7803778779780259       0                      4149
869 8084.8575725453383711       0                      4154
870 9021.8303271262630005       0                      4158
871 9025.2372180842830858       6.8415415020877743402  4163
872 8082.0069606505958291       0                      4168
873 8084.8917548501231067       0                      4173
874 8081.944327614211943        0                      4178
875 8082.9249325361142837       0                      4183
876 8082.9527314883880535       0                      4187
877 8081.942996631852111        0                      4192
878 9024.7885885080540902       0.00004574948568530169 4197
879 9022.0439168092634645       0                      4201
880 9028.4579295185540104       0.00000622209147154242 4206
881 8081.952930723053214        0                      4211
882 9020.450832915459614        0                      4216
883 9021.672251546777261        0                      4221
884 8081.9205344468045951       0                      4226
885 8081.9851735521788214       0                      4230
886 8081.9169433636207032       0                      4235
887 8081.9233698682901377       0                      4239
888 8081.9228797850437331       0                      4244
889 8083.9861339457611393       0                      4249
890 9024.3217162602923054       0                      4253
891 9032.3388888836871047       1.4727916097904372172  4258
892 8083.9973884431510669       0                      4263
893 9039.5377204313044786       0                      4268
894 8081.9256943218169909       0                      4273
895 8081.9391285308056467       0                      4277
896 8081.9945348779756387       0                      4282
897 8085.1994687622282072       0                      4287
898 8083.9591498011386648     323.49210067072436914    4291
899 8086.6461067866484882     126.43516629327585576    4296
900 8082.5000498271383549     359.74007184603846099    4301
901 8087.1947301525442526     149.56391457906929077    4305
902 8085.0477398479506519     343.98959533211683492    4310
903 9028.6610697997530224     159.7675970702503605     4315
904 9033.1109980567853199     997.84409230393248436    4320
905 8097.5939791065266036     1028.4720196482321626     4324
906 8081.9337801701203716       0                      4330
907 8081.9902249659289737       0                      4334
908 9032.5289031417978549       1.5323994498897568484  4339
909 8082.4954242079611504     358.87015193794564993    4344
910 8083.9926486939239112       0                      4348
911 9026.3869066492843558     158.55520725467059151    4353
912 9035.37902683545326       995.06883414792878284    4358
913 8083.9756112238474088     342.11337139171200761    4362
914 8082.0352040489906358       0                      4368
915 9024.3217162602959434       0                      4372
916 8082.161327442808215      332.23394583497912436    4377
917 8083.6554358316634534       0                      4382
918 8088.3112017078019562     110.638468336974924      4386
919 8083.000732532506845      322.15116088679150153    4391
920 8089.0570496759255548     132.32695756909470219    4396
921 8083.4318791422256254     299.5882017243776545     4400
922 8089.1544967543695748     117.61108264802173551    4405
923 9027.2950467914270121     152.11365349443332207    4410
924 9034.619234848254564      1054.7687267249846172     4415
925 8089.0595646913907331     2270.4191718512947773     4419
926 8082.9246968064053362       0                      4425
927 9027.515689362280682        6.9459264149648634046  4429
928 8082.7809291720586771       0                      4434
929 8081.9428681556455558       0                      4439
930 8082.4994063634321719     359.44597617525664646    4444
931 8086.6773863214966696     127.10024603294549195    4449
932 9027.3736455257603666       0.38349636725754521205 4453
933 9031.0846101375664148      36.01988304672996577    4458
934 8082.1625053116522395     332.53839088270393631    4463
935 8081.9242238314745919       0                      4468
936 9020.0574387370033946       0                      4473
937 8082.1903643082341659     331.47381174988117891    4478
938 8087.5020956322550774     134.75673032287451747    4483
939 8082.5097478200777914     360.632477104063355      4488
940 9028.2808416009647772       0.00068943583634050907 4493
941 9028.6356673707668961       0                      4498
942 8081.9206835495560881       0                      4503
943 8082.9580015239034765       0                      4508
944 9020.0574387369942997       0                      4513
945 9029.3035905143315176       0.00000666329460663449 4517
946 9027.621688036402702        0.00000579141122919696 4522
947 9025.1694918181910907       0.00000456755465493686 4527
948 9018.32191834851983         0.00000163229235291359 4532
949 9002.3674087062227045       0                      4536
950 8082.6415815056825522       0                      4541
951 9020.7490814964585297       6.798540053092526847   4546
952 9026.7479499275395938      43.257169212215153209   4550
953 8081.9652503014758622       0                      4561
954 8082.0910079664135992       0                      4571
955 8082.0567549222341768       0                      4580
956 8081.9364064775318184       0                      4585
957 8082.581738416493863      349.54192082183828916    4589
958 8082.7815282478395602       0                      4594
959 8082.9478091820101326       0                      4598
960 8084.2111651462009831       0                      4603
961 9005.7604267603128392     132.04711156556163587    4607
962 9035.9972689294336305     1027.1050268680523914     4611
963 8082.5549905923662664       0                      4616
964 8082.0493321020758231       0                      4620
965 8082.1421306618449307       0                      4625
966 9003.4242892330694303       0                      4629
967 9004.9572047501351335       0                      4634
968 8082.001887725637971        0                      4638
969 8081.985797784778697        0                      4642
970 8082.197114376834179      328.36534452436836773    4646
971 8082.1847471847149791     337.84633403900323856    4651
972 8085.0835914950403094     338.14876794643413405    4655
973 8089.1150432215772526     129.30926965399640949    4659
974 9012.943516856415954       10.372639332424336445   4663
975 9025.5776104920114449      36.344069036703729125   4667
976 8082.9211726804669524       0                      4671
977 8082.9201198999389817       0                      4676
978 8081.931908529154498        0                      4680
979 8081.9286684238022644       0                      4684
980 8082.9254156321831033       0                      4688
981 8082.7632859107234253       0                      4692
982 8081.9173560131584964       0                      4696
983 8082.9280640969482192       0                      4700
984 9017.0070548869334743     126.19861567685867954    4704
985 9028.600491119446815      1635.9581167479134365     4708
986 8081.944874782887382        0                      4712
987 8085.2331017701708333       0                      4716
988 8082.9555021975611453       0                      4720
989 8081.9206835495397172       0                      4724
990 8082.8066464870653363       0                      4729
991 8082.7587413767378166       0                      4733
992 8083.9971784219796973       0                      4737
993 8084.8484637737028606       0                      4741
994 9017.3154130356706446       0                      4745
995 9019.0450386330758192       0.00000189595885249749 4749
996 8086.6553775415595737     126.97357304104075126    4753
997 8082.4929041814593802     357.9795650349219045     4757
998 8084.7898622026850717     345.81171368129184884    4761
999 8082.5040090381244227     359.76166651752583903    4765
1000 8086.6428960884077242     125.89801050905312252    4769
