1 11628.26622756172037       99441.154682619730011      4
2 12151.031742451419632      96751.741293236467754      8
3 11865.763675675820195      108208.9603429701674        12
4 11676.637141915116445      101175.84977608296322       16
5 11847.042004808819911      108932.8990577741497        20
6 11591.990438750575777      48046.778042284306139      24
7 11585.01998980224198       21038.584186524225515      29
8 11606.232192764347928      33013.345026217932173      33
9 12657.40479972717003       153524.58285686629824       37
10 11150.374198138440988      21716.889901140926668      41
11 11229.625209454850847      23539.591797849090653      45
12 11786.079969971680839      17100.412451113832503      50
13 11105.974279239779207      18215.153075333415472      54
14 10023.788102322783743      15682.052161604478897      58
15 9448.3174939428408834     22432.413611569394561      62
16 9296.3529893574705056     31480.871228655181767      67
17 9272.3664138887615991     34015.106641706719529      71
18 9851.4914866088620329     27872.430682734895527      75
19 9850.027373517426895      25996.047204806734953      79
20 9332.5685121572278149     28786.193363712231076      84
21 9408.3645200794362609     20928.385881137175602      89
22 10065.275989721405494      15785.380385138987549      93
23 10252.095263689354397      27910.990946224788786      98
24 9855.2000648101347906     22862.266154491557245      102
25 9814.380737425024563      10494.692399783087239      107
26 9279.4972745666436822     8894.3626552427194838     111
27 8791.5384616135470424     147994.31662910871091       115
28 8594.9589286238588102     16756.296463890779705      120
29 9370.7031064138573129     7836.5704202213364624     124
30 9034.4798203252503299     3292.7987233724088583     129
31 8763.9306230734982819     6845.4350161401562218     133
32 8807.2907659705851984     33284.270858261879766      138
33 8642.0877922746822151     36051.854503242284409      142
34 8460.4705450461624423     557.58313847096019344    147
35 8492.0004648565154639     605.77852055298421874    151
36 8572.6898524009739049     31470.390160945375101      156
37 8377.4390945563282003     1043.8714987801045027     160
38 8478.1115538435515191     1207.813048877969095      165
39 8258.9358884567172936     1245.4760282579793511     170
40 8295.7847966197005007     5125.2760354246183852     174
41 8537.1339973833237309     5551.9799509979393406     179
42 8296.7362684449835797     340.31006037701564537    184
43 8160.7434247077762848     108.5290593843649134     188
44 8230.8667988875167794     15032.29685555744436       193
45 8236.9630947835976258     29024.782906925836869      197
46 8578.9504033604353026     1066.670766761464165      202
47 8349.0516158643913514     2939.074890458065056      207
48 8618.1263795745544485     394.76164353630935011    211
49 8406.3078745502898528     106.46247709561608019    216
50 8598.1796843226366036     6120.6164729049723974     221
51 8414.7013054340695817     917.14182039179604544    226
52 9706.1462974085116002     556.43448956263296168    230
53 8804.5638588031615654     24618.236196240632125      235
54 10042.560242698620641       39.517954738220431921   240
55 12538.18626115661209       6364.5349823157148421     245
56 8333.1960258394956327     623.90356496217270887    249
57 12560.91126497748337       10112.037477752468476      254
58 8896.3977599922054651     3413.9333831268827453     259
59 12279.639549742079907        0                      263
60 12278.769410339496972        0                      268
61 8216.4741338227504457     38910.079842111765174      273
62 8218.0302121976674243     39910.493974339871784      278
63 8759.0187695000604435     17079.81699413948445       283
64 10077.332904730614246      167623.13187856893637       287
65 12037.79631154544586         0                      292
66 12053.890709120340034        0.28860135531765945816 297
67 12509.469231092218251      504.0262083832030271     301
68 13150.632103209634806      14646.911348258559883      306
69 8357.0730672060308279     9266.4851471643632976     311
70 8147.1784907326518805     968.95654077174083341    316
71 8133.1716029063782116     3916.093614216991682      320
72 11746.549038249771911        1.1550306061640069899  325
73 10547.201664913898639       45.429273328655519038   330
74 11046.981910557815354      7057.4389272665757744     335
75 11663.761808327430117      21797.505289062297379      339
76 8576.5135498452509637     22918.22145938396352       344
77 8675.7406681499396655     5614.6086133776852876     349
78 9130.662238219360006      342.50966370533348027    353
79 13134.107457612593862      10864.585933898597432      358
80 13794.996345094066783      6337.5729032189274221     363
81 12917.310086361947469      23854.174542171251233      367
82 8799.6567588581383461     234457.25228328467347       372
83 14664.214618539812363      58455.637640268003452      377
84 11597.523688767980275      111.37961587630091742    381
85 8581.2062594576091215     3111.9261223600847188     386
86 8260.0140263062166923     1520.7198878834590232     391
87 8175.2902094436321931     698.61106769012326367    396
88 8615.0992510972810123      26.623403879838665631   401
89 8432.1404818043647538     7164.5596188436184093     405
90 8820.5848512801985635     11859.762014581248877      410
91 11879.809571365478405        2.314439941397530287   415
92 8445.1341852926107094     3882.0908794945230511     419
93 10970.178485235881453       16.811746548534788559   424
94 8448.7569059702072991     12927.686059247691446      429
95 13062.232795270458155      683.63415785387951473    433
96 10586.684262967424729      108.34753194633874784    438
97 11399.42564807317649        78.763170797280295687   443
98 14067.515533918569417      9936.3376907464316901     448
99 11363.907966884986308      193.83047637700695986    452
100 8165.2130673693136487     2418.782261521521832      457
101 8155.4732489949865339     1606.2330146687972956     462
102 8290.3967759814840974     3921.9983584054648418     467
103 8450.6086835896676348     6696.5196472705620181     472
104 11585.79654584781747       107.05397780814372766    476
105 10461.048190596608038       21.147787230607701048   481
106 12457.361235783548182        0                      486
107 9701.3946615721179114       7.6839938224036297143  491
108 11724.315454388168291       18.675527534494079873   495
109 10826.483241243464363        3.082957341162750442   500
110 12622.864830314831124        0                      505
111 11248.543813672360557       63.820601850978512459   509
112 12084.372693861962034      32911.00020937298541       514
113 10786.08813961641863       17135.050204712730192      519
114 11730.726361683564392        0.65031900902649775187 523
115 11589.613546490320005      1109.696259862181023      528
116 8301.3999391634606582     1519.8747237265629337     533
117 11482.392472314508268      403.31520041651788233    537
118 12037.146695725303289        0                      542
119 8108.4753521783068209     1884.7374275603981459     547
120 8152.0694228981374181     5309.9590824903289104     551
121 8315.7533715255249263     23696.297088135168451      556
122 12648.709154759908415        0                      561
123 10816.687380505311012       28.377894874382423751   565
124 12416.129667899973356        0                      570
125 9260.0040017532046477     142.79561188817123707    575
126 9122.3643204969575891     3291.1816450348610488     579
127 10164.90183286397405       146.69490736484789295    584
128 11929.35218712913229       340.81137828213661578    589
129 9219.797292117631514      640.06295499087593726    593
130 11493.483658087787262      142.24102145490383009    598
131 11394.503316073059977        3.8514163853110261471  603
132 12232.836633369799529      546.51861019283637688    608
133 13785.541912061660696      4559.1547689916478703     613
134 11001.074986303257901      3498.9178395515564262     618
135 8247.2110835243292968     1683.6276138040191199     623
136 8166.1671103008156933     1561.5699299392822468     628
137 8165.9854835061651102     1560.8686782687393588     632
138 12502.845306138653541        0                      637
139 12332.878190435507349        0                      642
140 11251.735650301476198      1058.0420284671620266     646
141 11580.580548388206807       20.871790481654880267   651
142 11885.867028124090211        3.8888928051091018467  656
143 11867.143150343494199        1.7974185424177524517  660
144 12038.775772194656383        0                      665
145 9556.1455834261796554      95.13160038353039738    670
146 10958.970815702197797        6.159897527712479004   674
147 12042.038833568540213      969.46391225551587922    679
148 12039.989749861975724       58.610493377205479248   684
149 11984.948107782331135       75.563878005904768997   688
150 12464.229962795958272      4406.9442943695185022     693
151 9842.5657632747370371     190.47208074655981136    698
152 12569.738431339439558        0                      703
153 10802.390511861240157       30.26321426082175492    708
154 12044.435133427006804        8.7317781596576420355  712
155 12044.920273753263245      133.4148372764489352     717
156 12262.501805613428587        0                      721
157 12029.020809110192204        0                      726
158 12004.838327262828898        0                      731
159 10590.739281498574201       73.633016915494593491   736
160 11101.269948061253672       84.413572236741714505   740
161 10060.051312756451807      1835.3293180319778912     745
162 10052.305700919423543      285.89984135258316655    750
163 12438.379417331647346        0                      754
164 10788.226082940436754       32.185352163188227337   759
165 12181.763605013324195        0                      764
166 12369.768687230509386        8.3845204937013182445  768
167 10640.637820571189877       53.307847879079375275   773
168 11363.293289030030792       11.648482734802771077   778
169 12009.024015578101171      192.59336635474181776    783
170 12005.116703733621762        0                      787
171 12171.561300390085307        0.00565122478969235301 792
172 11841.317790574574246        4.3558777384482922912  796
173 11960.097167398642341      182.4558563272924232     801
174 11585.074949178790121       55.739022126495811449   806
175 11583.697326771831285       21.925409418906799175   810
176 12747.924687415041262       65.530441200000296931   815
177 9257.157471950411491      117.87063500796631388    820
178 10604.17560915780814       211.94169680768933972    825
179 9258.6843853890568425     885.43102793301056863    830
180 9322.7888675301073818       2.1649804012709639167  834
181 12047.485640869501367        0.00189422273358135309 839
182 12047.849759537220962        0                      844
183 12629.655638712116343       31.898970151945682971   849
184 9256.9190813030454592     128.03862341930815205    854
185 11882.775563874456566        5.4727910852391596919  858
186 11367.828348525848924        1.7554350528613436033  863
187 13229.643668242639251      1051.985279542094986      868
188 10542.246280170322279       43.438666836349284495   873
189 12228.282071979854663        0                      877
190 11727.033419364244764       15.744114799582186848   882
191 11098.009509336292467        1.5094772418667610214  887
192 11841.485843382053645        2.9714289630624746152  892
193 11211.441379848258293       19.191479491975773186   896
194 11401.052637099855929      145.51055525121398659    901
195 10972.568487127502522       43.236794513209638069   906
196 12358.275239473488909      215.51072050227679711    910
197 12025.631296831683358      2168.7359835278580249     915
198 12241.615313703006905      968.96697518848054642    920
199 11880.567448247400534        2.3989645514184192443  924
200 10299.309973920169796      1787.2937211041587489     929
201 10302.375039738944906        0                      934
202 8347.5413759233888413     3793.7045061037019877     939
203 8871.6986520045174984     445.77152064954645994    944
204 9264.3930263668971747     1017.7116933769730167     949
205 9259.209842546726577      380.50145539285637142    953
206 11893.752402021746093        0                      958
207 9818.0271789576108858       0                      963
208 8724.4442892002771259       4.2885150082997700594  968
209 8168.5139044311817997      22.347041061978963228   973
210 8097.8439419368460221       0.45800063888009906465 978
211 8093.5938984448894189       0                      983
212 8645.0651792089720402     16324.924129369715956      987
213 8153.3050432962136256     3600.4525618305151511     992
214 8181.1571289819767117     2978.4219319043954783     997
215 8257.1473779122534324     948.42407479070914178    1002
216 8132.6097725179870395      85.300754482052198568   1007
217 9392.6784263563895365       0                      1011
218 8457.5150668154201412     505.32161815857489273    1016
219 8131.5505394341735155     965.16444737833421641    1021
220 8156.2243520154061116     519.45586744521199307    1026
221 8808.1285088873300992      30.449458214859536298   1030
222 8151.1258413375371674     314.48220441119519819    1035
223 11232.871951552191604       23.618620190081070831   1040
224 8291.9867737577187654     10592.973631239694441      1045
225 8723.7010451043479407     5043.296335824250491      1050
226 8201.8330437698368769     4548.1195440053143102     1054
227 13552.714297117996466      2188.135371802165082      1059
228 8109.9437744998185735     903.14381940070416022    1064
229 8096.8721362313681311     187.83717795958227725    1069
230 8101.6020714493934065       0                      1073
231 8480.76190780556135        32.838273839215517569   1078
232 10539.888322067943591       66.636958380242433009   1083
233 8111.1400255395628847       0.09195883203028007435 1088
234 8120.7612221140116162       0                      1092
235 8109.3251710527938485     7117.7139109464769717     1097
236 8108.1244384461624577       0                      1102
237 8138.8060315302755043       1.5248919282980346601  1107
238 9031.754614026798663      118.24835437366564861    1111
239 8120.3362638680100645       0                      1116
240 8159.0161744834394995     1173.6863196549290933     1121
241 9845.7607159336075711     479.36025761244872001    1126
242 12405.981494447107252      642.50384463251100442    1130
243 8095.5485736889113468       0                      1135
244 8115.4800345209660009     148.79078671946203372    1140
245 8457.1798021941594925     545.39701699161969373    1145
246 9318.3974421285529388       0                      1149
247 8492.1188028324995685      19.631301059770169815   1154
248 8693.5455967396883352      11.226456150954005508   1159
249 8091.9647826693817478       0                      1164
250 8101.1705754184058605       0                      1168
251 8202.8821479275466118     2075.2461593008110867     1173
252 8196.2291004119288118     1031.2850690657085124     1178
253 9252.3879941368741129       0                      1183
254 8518.3761097607766715      23.048713638075035703   1188
255 8693.1809747122842964       7.0311172715821594892  1193
256 8279.6570004016448365       6.1628047240182466382  1197
257 8100.3399756630997217       0                      1202
258 8138.4660981680608529       0                      1207
259 8178.715732353815838        0                      1212
260 8190.6180096086382036       1.1783356338156902865  1216
261 8090.2506366095103658       0                      1221
262 8089.2363386836768768       0                      1226
263 9246.1468445029713621      18.686937437589911326   1231
264 8190.5887537688358861     369.53566106028620197    1236
265 8202.1062999953846884     512.54978115201970468    1240
266 8454.4477157116089074      47.513151697842594956   1245
267 8414.2667688271158113      74.142189699525658853   1250
268 8087.2316188181830512       0                      1254
269 8084.9969609839499753       0                      1259
270 8203.5074579871052265     3397.4822083840394953     1264
271 8120.6706412668590929     6474.6735755026866173     1269
272 9245.8933680336303951      13.122381922041203239   1273
273 8517.3563170818324579      56.391572782489944871   1278
274 8091.0463850065916631       0                      1283
275 8093.5246737223487798       0.09231615941791558588 1287
276 8093.6610842786421927       0                      1292
277 8166.9401157806623814       0.06161145031956587886 1297
278 8242.2041714763963682       0                      1302
279 8155.4949237768669263     183.74130381436580706    1307
280 8088.5685182409051777       1.0519676529502768325  1311
281 8323.2127781888993923       2.421462069501624903   1316
282 11871.402412531382652        8.002408867453885577   1321
283 12423.215433038089031       15.112836919759166321   1325
284 8109.8285868978073267     185.12552225151569019    1330
285 8117.294513912437651        0                      1335
286 8129.5269330335650011       0.05209164759719660254 1340
287 10682.624003649436418       37.080558874409938142   1344
288 10685.239836723916596       36.760790286548783001   1349
289 8467.08643161530199        31.532325261020549334   1354
290 8405.5200824102812476     103.82220171210148862    1358
291 12246.497637377513456        0                      1363
292 8085.7858692557747418       0                      1368
293 8085.1907902880184338       0                      1372
294 8086.6452150465420345       0                      1377
295 8086.1773559871116959       0                      1382
296 8094.8467022213271775       0                      1386
297 8134.0120560859286343       0                      1391
298 8090.8153147728180556       1.0183941111852750083  1396
299 8092.121057243967698      744.89113270860377725    1400
300 11277.051684537818801       22.828406151116581668   1405
301 8093.9976253037539209      99.248694856672358355   1410
302 8117.4881699945535729       0                      1415
303 8143.9462350457133653       2.8182871066107111346  1419
304 10755.224980149208932       10.805368571024892788   1424
305 10759.434061488160296       10.405883804886066457   1429
306 8553.0191223024830833       2.0328894191611395215  1434
307 8636.5714692974961508     395.80598743289880304    1439
308 8654.9332423549149098      15.508241520487519693   1443
309 8188.1801812604353472       8.7111791451009388254  1448
310 8086.4644332463694809       0                      1453
311 12081.986649601540194        0                      1457
312 8083.7547210155125867       0                      1462
313 8126.3639457949939242       2.0726462641005878318  1467
314 8083.3801772150318357       0                      1472
315 8085.7443765399984841       0                      1476
316 10767.524957655668914       29.558482327032848502   1481
317 10774.843730005424732       28.105949218760979846   1486
318 8090.4742439375877439       0                      1490
319 8090.9610522940529336       0                      1496
320 8475.6724412293369824       9.4802111556579422569  1501
321 8316.3393079993584251     111.8834857628512367     1505
322 8083.5641749854839873       0                      1510
323 8087.1521850258541235       0.00196798502685550242 1515
324 12130.514629249457357        0.03955917689144943655 1519
325 8103.0423415165669212       0                      1524
326 8124.4777402350564444       1.6349268232083897789  1529
327 8085.6220230817370975       0                      1533
328 8086.1517370756791934       0                      1538
329 8086.9107354147208753       0                      1543
330 8089.3502750828329226     144.55722094923592635    1548
331 11982.126125062533902        2.7426040036230223684  1552
332 8085.2209146482437063     603.31990566115257479    1557
333 8089.2717047277346865     288.59328619099005664    1562
334 8086.4457251657941015       0                      1567
335 8564.9679186268913327      45.291791665139534473   1571
336 8201.9646207925507042      11.21026864206418594    1576
337 8084.2835487845768512       0                      1581
338 8083.4908971443655901       0                      1585
339 8083.4428248834847182       0                      1590
340 8084.4992506678017889       0                      1594
341 8085.4318446029110419       0                      1599
342 8084.1468898995271957       0                      1604
343 8085.6446363036920957       0                      1608
344 8088.2495242839468119     117.67971475372078771    1613
345 11712.729183242156068       71.043507094751163322   1618
346 12060.066199723883983        0                      1622
347 8083.5157607442715744       0                      1627
348 8083.3154474214024958       0                      1632
349 8111.9036100959629039     311.4441448187311039     1636
350 8083.176171527520637        0                      1641
351 8087.9942812777571817       0.02892217190803007473 1646
352 8088.777612617163868        0                      1651
353 8088.5988320335472963       0                      1655
354 11546.307548911237973        7.4627572925129879167  1660
355 8512.6588405428738042      62.565546505802991817   1665
356 8209.4097253974723571      12.154094872882851064   1670
357 8084.1932307607648909       0                      1674
358 8086.6874173443156906       0                      1679
359 8084.0113313790834582       0                      1684
360 8083.6409588864189573       0                      1688
361 8083.9129652097562939       0                      1693
362 8086.8311741522466036       0                      1698
363 8085.1657534801724978       0                      1703
364 8084.0450878434039623     356.93899836035114959    1707
365 12063.983516041105759        0.01356694788888590346 1712
366 11958.145899926168568      114.50558991310177248    1716
367 8100.1502623574560857     724.41948652263033637    1721
368 8082.5273296174909774       0                      1726
369 8083.2678753265145133       0                      1731
370 8089.7705763524381837       0                      1736
371 11634.37353872775202        45.497840364203170793   1740
372 8531.9931917350022559      57.373767158482507966   1745
373 8206.4338308563510509      11.639302845823566557   1749
374 8083.5927651504543974       0                      1754
375 12106.172694546889034        0                      1759
376 8082.5168601230971035       0                      1764
377 8082.9370977027756453       0                      1768
378 11535.490617770319659        0.01610575042197030099 1773
379 8081.915516104035305        0                      1778
380 8085.5142150688689071       0                      1782
381 8081.9164449962072467       0                      1787
382 8081.9912796823027747       0                      1792
383 11460.849190739341793        0.45392717678601807174 1796
384 8529.9112764917153982     257.89037212218335071    1801
385 8205.7213905363096274      11.963995811489670729   1806
386 8083.5001626295170354       0                      1811
387 8089.5964365196678045       0                      1815
388 8088.7609576973336516       0                      1820
389 11734.854883321861053        1.1135641433173562032  1825
390 8094.5107122053750572       2.7913699101050259976  1830
391 8082.3409650860185138     338.56880287017429509    1834
392 8082.6395662673803599       0                      1839
393 8082.7009575348947692       0                      1844
394 8083.3375579127359742       0                      1849
395 12031.835086332230276        0.05866818387219362163 1853
396 8093.761963441313128       85.556040851859208374   1858
397 8087.547962818056476        0                      1863
398 8081.9753789323876845       0                      1868
399 11910.45879666451583       132.23082570021176707    1873
400 11912.126561558188769      132.56273455492674884    1877
401 8087.5032898792160267     292.46165368388426486    1882
402 8083.2624737363667009       0                      1887
403 8082.9551096993964165       0                      1892
404 8083.6108507308044864       0                      1896
405 8084.0398252955246789       0                      1901
406 8082.5115297187576289       0                      1906
407 8084.5992869022238665       0                      1911
408 8081.9941527407490867       0                      1916
409 8082.0583420766133713       0                      1920
410 8082.1980953471766043     337.80930810328084135    1925
411 11992.568414181789194        0.24298456673823770613 1930
412 12061.061554263673315        1.4969038490785495643  1935
413 8082.8525862961341772       0                      1940
414 12024.871303601374166        3.8399324211330436718  1944
415 8088.9090202406541721     795.77496461771113445    1949
416 8087.8121321438411542     474.61337464971808231    1954
417 8087.1449611903699406     289.64305901896477735    1959
418 8083.3253724619735294       0                      1963
419 8082.0755129716380907       0                      1968
420 8082.2387748127748637       0                      1973
421 8083.0747302806767038       0                      1978
422 8082.2597396426617706       0                      1983
423 8082.1976246740714487       0                      1988
424 8082.9236464548612275       0                      1992
425 8083.9929471824361826       0                      1997
426 8088.3236718480293348     111.97178318651222639    2002
427 12007.169001209167618        0.0283201820117862206  2006
428 12074.707040770759704        0                      2011
429 8084.7374482038712813     611.98397052254267692    2016
430 8083.8232321267096268       0                      2021
431 8090.0273892132445326     309.07687411921250487    2025
432 8083.6087832697612612       0                      2030
433 8082.9191081758044675       0                      2035
434 8081.9491287286300576       0                      2039
435 8081.9213485773270804       0                      2044
436 8082.1258307617235914       0                      2049
437 8081.9737546902342729       0                      2053
438 8081.9951015863807697       0                      2058
439 8082.7572429805468346       0                      2063
440 8082.1625053116522395     332.53839088270393631    2067
441 12046.514918232855052        0                      2072
442 12051.359100592226241        0.40975105911417153415 2077
443 8082.3158202281711056       0                      2081
444 8090.1539271962410567     130.3269353856694579     2086
445 8082.2059188882140006     332.87255231556133594    2091
446 8081.9151187665493126       0                      2096
447 8081.9229484476300058       0                      2100
448 8083.0118141049897531       0                      2105
449 8082.2122455864364383     333.46088000096648329    2110
450 8081.9877869282199754       0                      2114
451 8081.9194838771300056       0                      2119
452 8081.9335725211622048       0                      2124
453 8081.9867028450889848       0                      2129
454 12046.154117086243787        0                      2133
455 8082.7873546992086631       0                      2138
456 8082.9199913934398865       0                      2143
457 8084.8526635116822945       0                      2147
458 8084.8219409637813442     590.41010530418338931    2152
459 12046.850112551574057        4.069597277229902943   2157
460 8081.9924150928245581       0                      2161
461 8084.2763417765127087     332.73580789599532181    2166
462 8083.7678236469419062       0                      2171
463 8082.2145162184388028     334.85402094138510165    2176
464 8081.9935658100766886       0                      2180
465 8081.919250560978071        0                      2185
466 8081.9188346712762723       0                      2190
467 8081.9282902562381423       0                      2194
468 8081.9428681556437368       0                      2199
469 8082.7597256247681798       0                      2203
470 8082.1628673016548419     331.98469205455342035    2208
471 8082.919728974255122        0                      2213
472 12046.174731532193618        0                      2217
473 12053.514876302950142      107.87838081549912772    2222
474 8092.1297204020529534     260.85798991389486901    2227
475 8086.0139191310636306       0.11765023349292466626 2232
476 8082.1912850439639442     335.36669026831799556    2237
477 8081.9163619098035269       0                      2241
478 8082.7558430909612071       0                      2246
479 8081.9230092021471137       0                      2251
480 8081.9174166122047609       0                      2256
481 8081.9429209166828514       0                      2260
482 12049.202508615700935        0.00017957366778555007 2265
483 8081.9888256743861348       0                      2270
484 8082.1636453991786766     333.09223647733989537    2274
485 12051.38926081531099        93.940636675264485689   2279
486 12054.361248963505204        0                      2284
487 8082.0145964180992451       0                      2288
488 12054.340502222854411      117.58248192400205312    2293
489 8081.9774060171303063       0                      2298
490 12056.899187679251554      140.37822377410836339    2302
491 8082.1864757000084865     334.81162193603364585    2307
492 8081.9171294087445858       0                      2312
493 8081.9162446564741913       0                      2316
494 8081.9171255172268502       0                      2321
495 8082.949974632766498        0                      2326
496 8082.7546523790242645       0                      2330
497 8083.9899556892496548       0                      2335
498 8088.3138388602483246     111.14183705929168866    2340
499 12051.920648438666831        0.16486379970152970076 2344
500 12051.335014106902236        0                      2349
501 8081.9172030415002155       0                      2354
502 8081.9206495070820893       0                      2358
503 12048.638360473329158      137.30541750438322879    2363
504 12053.754467152069992      137.47976080274722221    2368
505 8081.9162248666279993       0                      2372
506 8081.9191705067687508       0                      2377
507 8081.9155207554531444       0                      2382
508 12051.302864800334646        0                      2387
509 8082.7533523686151966       0                      2391
510 8081.9904444413541569       0                      2396
511 8082.8014668024416096       0                      2401
512 8084.8581728794060837       0                      2406
513 12043.534081406338373        4.0500873724103021445  2411
514 8083.9901063933066325       0                      2415
515 12044.399722007610762        9.1968087361505865829  2420
516 12042.489698486806446        0.0019144256341654094  2425
517 8081.9847604919104924       0                      2430
518 8083.3636185741452209     348.37557797456406661    2434
519 8086.6483658166189343     126.95975836857290631    2439
520 8092.9901487593642742     293.19253407244315213    2444
521 8085.0735768408276272     614.89361849307488228    2448
522 8082.0393074464400343       0                      2453
523 8083.6848172406789672       0                      2458
524 8082.7535575608608269       0                      2463
525 8081.9953417875658488       0                      2468
526 8082.016074004975053        0                      2472
527 8082.8260250154580717       0                      2477
528 8083.9888614348865303       0                      2482
529 8085.2279375289426753       0                      2486
530 8085.1860617810461918       0                      2491
531 12052.150724899058332        0.15349949680716240552 2496
532 12042.56794680911662       107.2289656869067187     2501
533 8094.5937897547437387     387.74613881509867497    2506
534 8081.9172324014280093       0                      2510
535 12044.02707749082947         0.00916647634369202428 2515
536 8082.1901807397480297     332.02701568380086883    2520
537 8081.9193024226451598       0                      2525
538 8081.9164202459787703       0                      2529
539 8082.9225979244638438       0                      2534
540 12049.056772598263706        0.00015650877077502524 2538
541 12048.623030436896443        0.00009662804212107053 2543
542 12047.352994230195691        0.00000288893342815875 2548
543 12043.823528175249521        0                      2553
544 8081.9186943880213221       0                      2557
545 8081.9587894059759492       0                      2562
546 12024.467125504095748        0.5914993430353995274  2567
547 8082.1901625482769305     332.58070078198488773    2571
548 8081.9237544219977281       0                      2576
549 8081.9155516068603902       0                      2581
550 8081.9938785629910853       0                      2585
551 8082.2614929892561122       0                      2590
552 8082.7976213419287888       0                      2595
553 8082.925349273388747        0                      2599
554 8082.1662878288416323     333.64622800430112193    2604
555 8083.9884955984316548       0                      2609
556 12033.149881206880309        0                      2613
557 12063.266145155121194        0.2675502903944753097  2618
558 8082.0764165290984238       0                      2623
559 8081.9631674842794382       0                      2628
560 8081.9758777624265349       0                      2632
561 12042.51818426547834         0.00267946629952103312 2637
562 8081.9321344942090946       0                      2642
563 8082.0693239947358961       0                      2646
564 8082.2172500905353445     331.76507758000394688    2652
565 8089.0526966914330842     132.13092902287414176    2656
566 8082.2258630486303446     333.48172046472569718    2661
567 12043.101376673783307        0                      2665
568 12056.337839504059957      107.67293761320851786    2670
569 8081.9815468447695821       0                      2675
570 8081.9722428138538817       0                      2680
571 12043.871268357872395        0.00210694150970401877 2684
572 12051.194280605996028        0                      2689
573 8081.9907422604719613       0                      2693
574 8083.5070955688934191       0                      2698
575 8083.9933251506845409       0                      2703
576 12050.677092720434302        0                      2708
577 8086.6436850202144342     125.5538951505042462     2713
578 8083.3807084936415777     345.55452129905529546    2718
579 12045.207746639385732        3.5069115107526132036  2722
580 8081.9822569468869915       0                      2727
581 8081.9167177763920336       0                      2732
582 8081.9444769443598489       0                      2736
583 12045.635562251840383        0.00101262597489299279 2741
584 12049.071782332403018        0                      2746
585 8088.3114969337775619     111.95921709217090267    2750
586 8082.190889639580746      333.97234815255495732    2755
587 8082.1937655521196575     331.74426693540056021    2760
588 8088.3190959501444013     110.65097358313781228    2765
589 8082.1605025784774625     333.37565450306823323    2769
590 8088.3104717646374411     111.30921465429506156    2774
591 8089.0639199553324943     4478.1263670458083652     2779
592 12039.946961855528571        0                      2784
593 8082.194989254749089      331.19108117252795864    2789
594 8081.9438694486516397       0                      2793
595 8082.9234475227231087       0                      2798
596 8082.9527314884117004       0                      2802
597 12046.610854820344684        0.5420154940910602015  2807
598 12049.373336317537905        0                      2812
599 8082.1613274428182194     332.23394583497565691    2817
600 8081.9806839541606678       0                      2821
601 12043.392306501378698        0.23468911246089799172 2826
602 8081.9186758322175592       0                      2831
603 8081.9429966318448351       0                      2836
604 8081.9472534606557019       0                      2840
605 8092.1313908938655004     262.68449144364672065    2845
606 8084.0056904768371169     550.6308248835359791     2850
607 12051.096381260245835        0                      2854
608 12044.898245335734828        0.58729394620942054761 2859
609 8092.1412482571113287     263.29295427993497469    2864
610 12046.04766286404265         8.2721993560714590643  2868
611 8082.757334491147958        0                      2874
612 8083.6292198761166219       0                      2878
613 12040.639787877245908        0.0010275253955301638  2883
614 12043.995933298021555        0.79273027248470739892 2888
615 12045.717013029536247        0.79202809001828400337 2893
616 12044.033631062415225        0.00300652336489619452 2897
617 8083.0093909940869707     322.9962376806608404     2902
618 8089.0940182648282644     133.20527253054493144    2907
619 8089.7656468485938603     139.38849748091280389    2912
620 8083.4409291357014808     328.1717507744407385     2916
621 8089.1902356636810509     118.43873890066306842    2921
622 12046.731427814778726      100.9040103481357562     2925
623 8088.3372934610797529     112.15230493201036666    2930
624 12035.445444306327772        0.01131161386315818022 2937
625 12043.971824166994338        0.25723304410356090388 2941
626 8081.9193173883704731       0                      2946
627 12042.243101228046726        0.00008166261071079996 2950
628 12045.750026365301892        0.00061080834191422828 2955
629 8082.4929449819328511     358.29446369836659869    2960
630 8087.877663787831807      156.10374485202083861    2964
631 8088.3112017078110512     110.63846833698090677    2969
632 8082.4929041814511947     357.97956503492542879    2974
633 8081.9509150559997579       0                      2979
634 12040.803321034147302        0.00167932937923353956 2984
635 12044.403982509053094        0                      2988
636 8082.1900094420889218     331.16975411788473593    2993
637 8081.9945348779774577       0                      2998
638 8083.9971784219869733       0                      3002
639 8082.4915085665943479     357.40441088859716956    3007
640 12042.270303601673731        0.004747615849042419   3012
641 12046.129950031030603        0                      3017
642 8081.9842304234816766       0                      3022
643 8081.9922663708675827       0                      3026
644 8084.854596975844288        0                      3031
645 8083.9843793784175432       0                      3036
646 12039.43218185785372         0                      3040
647 12049.843345760917146        0.48743764357417063149 3045
648 8084.1969716500316281       0                      3050
649 8081.923270227897774        0                      3055
650 12035.559919834731772        0.00984963084797023207 3059
651 8082.7534164636772402       0                      3064
652 12041.812553083009334        3.525826957519510696   3069
653 12035.583776584780935        0.01150617028263144562 3074
654 12034.258023709991903        0                      3078
655 8082.8053453164893654       0                      3083
656 8082.8299935034838199       0                      3088
657 8084.0181931527149573       0                      3092
658 8084.8843658312880507       0                      3097
659 12051.234491970712043        0                      3102
660 12044.759300789557528        0.5858924958220620427  3106
661 8084.2194359936629553       0                      3111
662 8082.9214625718304887       0                      3116
663 12033.846477449938902        0.01673098386997693907 3120
664 8081.9174005135373591       0                      3125
665 8082.9531982928410798       0                      3130
666 12046.105759507816401        0                      3135
667 8082.017206981234267        0                      3139
668 8084.0121552564014564       0                      3144
669 8084.9291675088852571       0                      3149
670 8082.7552682246505356       0                      3154
671 12038.923320691434128        0.00386543663924053017 3159
672 8081.9858504820695089       0                      3163
673 8082.797748857687111        0                      3168
674 8082.833334354656472        0                      3173
675 8083.9861339457593203       0                      3177
676 8083.9945086721381813       0                      3182
677 8084.8476037644204553       0                      3187
678 12050.242985283608505        3.5232781250709588328  3191
679 8082.0016858128001331       0                      3196
680 8084.1934729130443884       0                      3201
681 8082.4994063634376289     359.44597617525300848    3206
682 8083.9727637076211977     552.41655442873661741    3211
683 8086.647902027388227      126.78079346880450373    3215
684 8086.645815696313548      126.09020824818806261    3220
685 8092.123565482851518      262.01021808770087773    3225
686 12052.413206309403904        0                      3230
687 8086.6582525867524964     127.32004421558595197    3234
688 8081.9207105081932241       0                      3239
689 8082.9482133359324507       0                      3244
690 8089.1562102819962092     116.92150371204340331    3249
691 8082.1928176190986051     331.44015698661974056    3253
692 12046.165058175669401        0                      3258
693 12050.185934675359022        0.14980759799035242574 3263
694 8082.4910330404227352     357.111414235870825      3267
695 8084.0021683262339138       0                      3273
696 8082.7539192050271595       0                      3278
697 8081.9887097762302801       0                      3283
698 8084.8525272052638684       0                      3287
699 12041.499971575447489        0.55283755987181149028 3292
700 12048.825769984146973        0.74331905264828324054 3297
701 8082.4954242079738833     358.87015193793848766    3301
702 8081.9981772858291151       0                      3306
703 8081.987796503825848        0                      3311
704 8082.0139405528916541       0                      3316
705 8082.0303987434499504       0                      3321
706 8084.0259351310469356       0                      3325
707 8085.203924817301413        0                      3330
708 12050.324729401252625        0.1505225612867035212  3335
709 12047.083581531940581        0.71508801026810153711 3340
710 12035.857511915197392        0                      3344
711 8083.9783152727914057     550.3822947269644601     3349
712 8093.0008619676309536     293.73554022846002454    3354
713 12046.506002441299643        0                      3359
714 12049.815953648547293        0.4763043857156046279  3364
715 8083.9762586167571499     545.27280897915295554    3369
716 8081.9206835495597261       0                      3373
717 12051.376917820576637       94.902385986532664219   3378
718 12049.095768352122832        0                      3383
719 8089.0570496759073649     132.32695756910345608    3388
720 8082.1652295206831695     331.9509201403240013     3393
721 12041.314186541299932       93.426834932704352354   3397
722 12043.961961123153742        0                      3402
723 8082.0199838555035967       0                      3407
724 8083.980252568438118      552.60855529719447077    3412
725 8083.9778798264223951     548.1610270499733133     3416
726 8083.9929198818872464       0                      3421
727 8092.161926992224835      262.60480639466828734    3426
728 8088.2197625515682375      78.835488562570262161   3431
729 8085.1908267250810241       0                      3435
730 8083.4318791422310824     325.93745783201933364    3440
731 8087.1936971564582564     148.99406149087732842    3445
732 12048.942118617136657        0.24046328946215575484 3449
733 12049.633919304284063       94.469126673146334383   3454
734 8082.9370897880953635       0                      3459
735 8081.9480346852324146       0                      3464
736 8081.99177415324084         0                      3469
737 12046.527135621479829        0                      3473
738 12049.789203332346005        0.465298328942939321   3478
739 8081.9997902212680856       0                      3483
740 8081.9154192493651863       0                      3488
741 12040.525597425676096        0.00153344274165729535 3493
742 8082.1628485197270493     333.92999809756719287    3498
743 8088.3102320428342864     111.63388668983984076    3502
744 8089.1565572583158428     117.2779062962932386     3507
745 12049.885107262256497       94.590871062461104657   3512
746 8081.918787448207695        0                      3517
747 8082.1889081425924815     331.72289856819503484    3521
748 12037.32235037733335         0.00725532715023714716 3526
749 12051.847324502756237        3.5424291867397661449  3531
750 8082.1612705532816108     331.6806402587827165     3536
751 8081.9331911527351622       0                      3540
752 12045.611494157014022        0.00056663615833943957 3545
753 8089.1585425034736545     117.43899251072761558    3550
754 8092.137540482980512      262.36211275582695635    3555
755 8082.1675192900283946     332.80885166625824922    3559
756 12045.812657089114509      114.11060794214228054    3564
757 8092.6379833655864786     5427.5738614003021212     3569
758 8081.9201433881307821       0                      3573
759 12038.899218575525083        0.00293278405953935123 3578
760 12049.450679827063141        0                      3583
761 8084.0209942992632932       0                      3587
762 8088.3225361445511226     111.64644903179197399    3592
763 8082.1974816354895665     333.43943852942089734    3597
764 8088.337385925052331      110.93704221120461284    3602
765 8087.6625362596523701     3620.0932317766810229     3606
766 8081.9203839055498975       0                      3611
767 8081.9851735521679075       0                      3616
768 8082.7999611794057273       0                      3621
769 8084.0172126529141678       0                      3625
770 8088.341083783270733      111.4411895012863738     3630
771 8082.4915085665988954     357.40441088859370211    3635
772 12049.3122548098072          0                      3640
773 8083.9841287306526283       0                      3644
774 8083.9711242675784888     550.19104845557023964    3649
775 8088.3138943076673968     111.46633333930084575    3654
776 8092.1405349378064784     262.42866085781133734    3658
777 8092.1261813237551905     261.8492614477817142     3663
778 8083.9835626471958676     547.67983445416712129    3667
779 12040.211518709355005        3.506668403615926799   3672
780 8087.9342783214779047     915.87544005581457895    3677
781 12034.203512017955291        0                      3682
782 12045.497292000049129        0.00095543827176029588 3686
783 8092.9996688861619987     292.92239436098191163    3691
784 8093.0337274094836175     294.80714645825588605    3696
785 8082.1720281186780994     333.95146206974601455    3700
786 8083.9870840959092675     553.2839825856524385     3705
787 8084.0032704202512832     545.51985706055279479    3710
788 12052.64290233794236       114.91945654379905761    3714
789 8081.9206495070911842       0                      3719
790 8081.9193024226551643       0                      3724
791 8082.7553443563374458       0                      3729
792 12045.852981409061613        0                      3734
793 8089.801424801246867      140.2897663027908095     3738
794 12044.910640747251819       94.428868723075510161   3743
795 8083.9888614348774354       0                      3748
796 8083.6351228016401365       0                      3752
797 8082.4999120126203707     358.8917322724770429     3757
798 8086.653658063201874      126.44894506134644985    3762
799 8092.1412482571267901     263.29295427996277112    3766
800 8084.1336329998885049     351.37575446816987323    3771
801 8088.306483932721676      111.12929748926396201    3776
802 8081.919573888456398        0                      3781
803 8081.9195003569802793       0                      3786
804 8082.7582631589375524       0                      3790
805 8082.7819957170995622       0                      3795
806 8082.7819416737102074       0                      3799
807 12048.957268261488935        0                      3804
808 12047.200291014854884        0.22453054668383259918 3809
809 8081.9236315486032254       0                      3813
810 8082.1660826803517921     332.25535806025959573    3818
811 8083.0004712808167824     322.97526544469241117    3823
812 8089.1603061441037426     117.10598967768279977    3828
813 12048.708865412681916        0.75284104627071657401 3832
814 12051.771810418689711      106.49834302129046648    3837
815 8081.9233698682837712       0                      3842
816 8082.9244004444226448       0                      3847
817 8082.780377877965293        0                      3851
818 8084.7868899713594146     581.24227329869393088    3856
819 8092.1567234891426779     261.9969452060102526     3861
820 8084.8234623888529313     585.17506812572992203    3865
821 12050.26840927527337         3.5868137273380211738  3870
822 8098.1130234250185822     651.84489156649647157    3875
823 8081.9191948144507478       0                      3880
824 8082.9236086802193313       0                      3884
825 8082.9223788947847424       0                      3889
826 12039.037780800787004        0.00303220617190675789 3894
827 12050.128468865044852        3.5438360178536769673  3898
828 8081.9195003569848268       0                      3903
829 12042.574724381533088        0                      3908
830 12045.774410099251327        0.00107136774225997759 3913
831 8082.7958251769123308       0                      3918
832 8088.3359082639699409     112.64679761223202092    3923
833 8082.161327442804577      332.23394583497912436    3928
834 8088.3413736756720027     111.11675832724492352    3933
835 8092.1337129187822939     262.52300470637214858    3938
836 8092.1580975595261407     262.92801992341679806    3942
837 8085.0789416650222847     612.74463485469914303    3947
838 12049.183398631572345      113.79304997755473039    3952
839 8087.9436015382598271     907.55062335551826891    3957
840 8082.8338603927631993       0                      3962
841 8081.9175917182537887       0                      3966
842 8081.9205344467882242       0                      3971
843 8081.9169433636052418       0                      3976
844 8082.1758738120615817     333.66771823267225727    3980
845 8088.3266083482740214     111.47886509995093718    3985
846 12039.279082464900057        0                      3990
847 8082.0159328048575844       0                      3995
848 8084.8752525063864596       0                      4000
849 8084.9668949641409199     415.53348515673826569    4004
850 8082.7539312078697549       0                      4009
851 8084.1461442757963596     354.38043944856144662    4014
852 12048.030055470599109       94.01901659147456769    4019
853 8081.9720044135228818       0                      4024
854 8084.7888370921418755     581.93574311632823992    4028
855 12047.768544405438661        0                      4033
856 12049.500507488644871        8.3651348064916088987  4038
857 8083.9862745670443474     546.13527803832039353    4042
858 8085.2045372298880466       0                      4047
859 8082.9274464145637467       0                      4052
860 12040.158068616727178        0.22144636493783645403 4057
861 12050.880837138536663      109.37567019189295081    4061
862 8082.1612705532761538     331.68064025877936274    4066
863 8083.9552648610342658     322.94523554635446771    4071
864 8084.0162617830137606       0                      4076
865 8084.0183672156708781       0                      4080
866 8087.4871864265132899     133.30724471396808894    4085
867 8082.1648761327587636     331.39796647914954519    4090
868 8085.7430506808887003     649.0211999325740635     4095
869 8092.1801697272385354     263.88941990518310377    4099
870 12040.131072624712033        0.21395062891720209586 4104
871 12050.903372006907375      109.20619833843947788    4109
872 8081.9445026055864219       0                      4114
873 12052.421861438939231        0                      4119
874 8089.1544967543732128     117.61108264801966072    4123
875 8083.0262753494953358     321.64838847941723543    4128
876 8083.4587448068286903     324.41778144953150331    4133
877 8084.1368537411426587     352.05818460722423424    4137
878 12044.713237561158166       92.98369452601944829    4142
879 8082.1660247780400823     330.84516020889827814    4147
880 8082.1581563444033236     332.51700487527193673    4152
881 8082.1723362665898094     332.55979830471932246    4156
882 8086.6429033030262872     125.71978141348651548    4161
883 8088.3223852268274641     112.46588875373876704    4166
884 12047.085703342703709        0.22975496786563964768 4170
885 8082.0545283160163308       0                      4175
886 8082.9263065260911389       0                      4180
887 8082.9205358412409623       0                      4185
888 12046.129950031045155        0                      4189
889 8083.4284010389537798     325.28067914459342092    4194
890 12050.103361691712053        3.4806229739554113145  4199
891 8082.1581563444033236     332.51700487527193673    4203
892 8082.9190409795255619       0                      4208
893 8081.946999268109721        0                      4213
894 8082.0240816926998377       0                      4218
895 12042.705758970494571        0                      4222
896 12046.929846933717272        0.13331557347558439797 4227
897 8082.0036956308795197       0                      4232
898 8081.9162586047232253       0                      4237
899 8081.9477039226931083       0                      4241
900 12037.298213056508757        0.00595350367394378768 4246
901 12050.701043596243835        0                      4251
902 8083.0039734546962791     322.6960490907916892     4255
903 8089.7639105193966316     139.75214684760982209    4260
904 8082.9204963539596065       0                      4265
905 8082.9193661255876577       0                      4270
906 12047.223205651804165        0.73451073821072965231 4274
907 12035.974696339189904        0                      4279
908 8082.7813318836797407       0                      4284
909 12049.772053229413359       94.451112864514968237   4289
910 8082.1703909955294876     331.97235854717024495    4294
911 8088.3191996286223002     111.81420999813627759    4299
912 8084.1430324356942947     354.23320515483891313    4304
913 12043.102213307447528        0.51911520653202847253 4308
914 12048.454545840540959      129.46107242476523425    4313
915 8081.9970848054490489       0                      4318
916 8083.6249177550243985       0                      4323
917 8083.6294763530477212       0                      4327
918 8085.0486223858642916     611.77098151225675338    4332
919 8082.0125816449626655       0                      4337
920 12048.212750870376112        0.50863494988417790044 4342
921 12049.499616180013618      115.16994707725329761    4347
922 8083.9933251506872693       0                      4351
923 8089.1503382155578947     118.11736519939685763    4356
924 8083.4324980859419156     327.51268258404553535    4361
925 12051.515324733312809       94.884339718647765949   4366
926 8083.6587196274294911       0                      4371
927 12049.210544328787364        0                      4376
928 8082.1916465295253147     333.13453252566716856    4380
929 8088.3152882093845619     110.81799840984875516    4385
930 8083.4358690029685022     327.65495151565176002    4390
931 8085.7290672867648027     648.08249421838968374    4395
932 12039.760105072602528        0.58620739171912028542 4399
933 12050.569232691716024        0.77206264153347214929 4404
934 8087.6508972748060842     3603.0004669893883147     4409
935 8081.9291167664405293       0                      4414
936 8081.9929714388799766       0                      4419
937 8082.7997082776173556       0                      4423
938 8085.1967691812751582       0                      4428
939 8085.1941693886001303       0                      4433
940 12049.490554741349115        0                      4438
941 12039.787289827281711        0.59855734133852844803 4442
942 8084.8503264827877501       0                      4448
943 8081.9168212659114943       0                      4453
944 8082.8019485329887175       0                      4458
945 8083.3630314147440004     348.08602058961275816    4462
946 8084.8156221361732605     579.90583573448213883    4467
947 12053.095604028876551       95.495196252959487992   4472
948 8092.1400069952633203     263.45483365121788211    4476
949 8083.6332613500799198       0                      4482
950 8083.9896928036332611       0                      4486
951 8083.7028101393843826       0                      4491
952 8082.7580098941862161       0                      4496
953 8082.7545906771301816       0                      4501
954 8088.3200401864523883     112.13971983828901102    4505
955 8082.1723429173352997     334.79012136250503318    4510
956 12049.954822731069726        0.47756908963941802071 4515
957 12048.315029900417358      129.48200519440496237    4519
958 8089.0842278646723571     4494.1464981292638186     4524
959 12037.678486388276724        0                      4529
960 8081.9443276142001196       0                      4534
961 8083.6536518996817904       0                      4539
962 12044.424387703074899        0                      4543
963 12046.132149110282626        8.4918457406844911617  4548
964 8081.9191705067632938       0                      4553
965 12040.555896184687299        0.00980306788722029414 4557
966 8084.7959312123894051     576.87681789730959281    4562
967 8092.1512702718127912     262.10719467472387123    4567
968 12051.661488175252089      106.89562248993981086    4572
969 8082.7576786691151938       0                      4577
970 8081.9210796729976209       0                      4582
971 12046.869727631545175        0.19380980411232789917 4586
972 8083.9591498011404838     323.49210067072436914    4591
973 8086.674432436531788      126.75401608107836182    4596
974 8093.0994458288878377     331.42798185632290142    4601
975 8082.5212477423774544     358.33844485347782438    4606
976 8084.0049111026946775     548.40873844189343345    4610
977 8082.0187265757867863       0                      4616
978 8082.0268378336377282       0                      4620
979 8085.1988312416742701       0                      4625
980 8085.1902390475370339       0                      4630
981 12046.026872904893025        0                      4635
982 12043.24111255779826         0.5204352993705089192  4640
983 8081.9994705654107747       0                      4645
984 8081.9737527336592393       0                      4650
985 8082.9225881520123949       0                      4655
986 8082.920219934857414        0                      4660
987 12040.912782664545375        0                      4665
988 8083.6263736010196226       0                      4670
989 8086.6628282717929324     127.8467057118888448     4675
990 8083.9833579594787807     325.71424429249418608    4679
991 8081.9870893957768203       0                      4684
992 8082.1889081425933909     331.72289856819850229    4689
993 12039.712587568843446       92.979456415176329642   4694
994 12035.802104004702414        0                      4699
995 8082.7986017235534746       0                      4703
996 8082.8288717146187992       0                      4708
997 8085.217795833670607        0                      4712
998 8084.0165625339195685       0                      4723
999 12051.872712609339942        3.6061271363282116909  4733
1000 8083.4791753612907996       0                      4742
