1 12596.603996625879518      91678.168557955999859      4
2 13237.199069495180083      81717.069361410438432      9
3 12015.458880632826549      102805.44481629415532       14
4 12824.886647092600469      100688.54289200573112       18
5 12822.047535270598019      98633.492509609786794      23
6 12836.246227047789944      99646.237239393172786      28
7 12569.505458180228743      45870.509875248622848      33
8 12555.583332647867792      24994.147515991571709      37
9 13330.870557044103407      156196.02599058396299       42
10 11918.077400725347616      15208.732668195862061      47
11 10406.34351141929983       1582.861128936512614      51
12 9046.210622215150579      6567.0648993176464501     56
13 10052.854209505747349      6899.4244365067797844     61
14 10241.485112845588446      1633.2346945085548668     66
15 9404.2442314551208256     1799.8879423487960594     70
16 9535.4174904846749996     1930.1554380182240038     75
17 9269.7717013894252887     4318.6181091558846674     80
18 9154.7148421659931046     4997.9104945015014891     85
19 10806.099846756935221      1998.6094208411707314     89
20 9549.5245916051626409     2061.6680503145516923     94
21 9091.9820084508519358     6852.5379490820578212     99
22 13135.561920615258714      6937.9888185825757319     104
23 10230.121459583569958      6711.7604939975581146     108
24 12561.115600911869478      19256.96396240471222       113
25 10663.222588239223114      29365.625198834019102      118
26 10214.078947878264444      2178.6039457852693886     123
27 8328.2543591795219982     9486.6674015121679986     127
28 11321.973480075928819      5155.119506947940863      132
29 10153.856988150075267      2749.672564288648573      137
30 9848.9313627050360083     1675.0227120105378162     142
31 9570.2732954894272552     632.79019899284708117    147
32 8755.1391277658112813     5468.5732074292045581     151
33 8609.6980899614354712     10595.716517744800512      156
34 8448.1941768615815818     6016.7301062885244392     161
35 10474.758472771543893      2018.0936768608210059     165
36 10143.054503651466803      1619.940509969712366      170
37 9498.7056932394116302     664.43774896043134959    175
38 9020.8271461278382048     1214.7907986179068303     180
39 8733.6097332136469049     6565.141392555827224      185
40 10271.963650457928452      1110.821503049329749      189
41 9572.7229672954836133     1363.8453107950683716     194
42 10879.156541802782158      5665.8504825521849853     199
43 11572.730501030007872      4237.264025071524884      204
44 9565.3087491794758535     655.53118979139549083    208
45 9884.2928026630743261     2525.9011215702280424     213
46 8783.3598649535506411     5190.8400037017172508     218
47 10889.686656811189096      20347.591320230025303      223
48 8827.447270234759344      2106.2820253443087495     227
49 9201.6270665541451308     1090.5154888130896325     232
50 9158.7584160972764948     1694.5629409844295878     237
51 9752.1461320450671337     667.72305499696210518    242
52 9099.4621269363487954     1029.9187076743705802     247
53 10217.92386485283896       1368.3358856844761249     251
54 9880.6500541903133126     930.69272502666376568    256
55 9457.4249736536403361     1729.7170939020563765     261
56 9575.0434817026343808     4230.8189303750950785     266
57 9587.0409132963523007     1240.6240392544859787     271
58 9149.3960563963355526     1072.5126594502387434     275
59 9538.5344711067082244     1255.4773798576652553     280
60 9696.9749911058770522     2191.2938680701099656     285
61 9471.9470477967770421     463.62164427167220992    290
62 9274.3256515376488096     867.96598926731087431    294
63 9510.2153329038737866     759.95622228967943101    299
64 9337.6131144166047306     7468.5111218283145718     304
65 9548.2127619911552756     6871.4562711082744499     309
66 9694.4460467132976191     509.11021859611173568    313
67 9441.4084576616478444     527.90764968279120239    318
68 9383.1079712539321918     844.81661363197599712    323
69 9476.8038296767699649     706.04159759519961881    328
70 10031.069885214817987      643.13747513123314548    333
71 9842.0000401281649829     389.43677128732730353    337
72 9566.8573390391575231     832.90789516266170267    342
73 9563.3238037990922749     341.13108421346993282    347
74 9467.7148640556642931     853.62429743572658936    351
75 9414.8450706971580075     1022.4072306746365939     356
76 9865.0514098851817835     1440.949850902406979      361
77 8979.9741322222125746     2775.0856370279502698     366
78 9755.6624941607988148     702.46498966536512398    371
79 9483.6824506157681753     400.51624678422103898    375
80 9196.5297730903930642     1544.5581427463014279     380
81 8973.9517868757939141     2418.2894902125235603     385
82 9378.6667042355420563     610.59501397804353928    390
83 9380.3163890349333087     819.19569186328044452    394
84 10001.452689749112324      764.48399495590797414    399
85 9664.0583546096804639     312.64844031838219962    404
86 9741.1141965125534625     355.77965559528280437    408
87 9566.3341330477014708     518.61003569173101369    413
88 9699.4173679372343031     393.45444035055982113    418
89 9987.8960409074752533     218.29203518619539182    423
90 9735.5644657408010971     470.08693513370644723    428
91 10108.844760061383568      594.10868311979947975    433
92 9568.7290639917628141     340.45962027957966711    438
93 10066.50053654385556       328.5124003210629553     442
94 9914.4650953100790503     658.11923412985265713    447
95 9844.5685669255854009     490.87726208561025487    452
96 9914.1160897100526199     1550.0442873006945774     457
97 10590.973203866671611      694.22365990466084895    462
98 10054.688405626355234      741.83220903691790227    466
99 10415.607233431943314      738.7038232505973383     471
100 9910.4004274389408238     490.00713536590171771    476
101 10107.737101458624238      4561.3202461964783652     481
102 10443.704741406825633      526.25679147254220425    486
103 10483.005946390683675      2116.7826232614793298     491
104 10480.768955866769829      2107.4265368749115623     496
105 10404.838328236537563      499.30980215493036667    501
106 9632.5149019105447223     323.45475921928010621    506
107 9680.7786081668509723     363.42297296337949319    511
108 9543.9979683473502519     336.45871307879787082    516
109 9825.9147213635787921     189.01957721023754289    521
110 9534.5948755238605372     1449.3585160360207738     526
111 9468.0172034004299348     938.65644706115790541    531
112 10547.435481370983325      993.87423843838723769    536
113 9630.8867654915757157     274.5532112904280666     540
114 9469.2426068285421934     328.70180319359656096    545
115 9552.0501958127351827     987.67695658763796018    550
116 9637.3445376735853642     295.12652198038512097    555
117 9826.4990321879995463     396.60748677810533991    560
118 9826.0561661047286179     279.78838766825236917    565
119 9825.6812783044988464     691.53285320674808645    569
120 11515.707140921502287      5319.8434970626685754     574
121 9520.6127545202598412     15153.50884130371378       579
122 9675.4329348002702318     1180.0061967387559889     584
123 9237.4678879175316979     1051.6010632827455993     589
124 10224.738418063974677      310.7408699636282563     594
125 9522.4454492746917822     342.42639860744753832    598
126 9468.4737941751191102     707.6669753868271755     603
127 10299.151263001691404      239.31329942908914177    608
128 9734.4049345836265275     1304.0668570818118042     613
129 9589.5422814466219279     638.84466006351226497    618
130 9685.6416326625785587     499.6948403635723821     623
131 9632.9499990881249687     491.97827803254085666    627
132 9848.5646963464278087     471.88613480231288122    632
133 9826.2723676365094434     853.37602428898753715    637
134 9795.6962671785968269     431.60118200532531318    642
135 10046.493834956874707      1616.1513614123723528     647
136 9868.6475329975946806     484.8116467125846043     652
137 9912.2325299466319848     228.72894948397001258    657
138 9657.6109056243712985     189.87542590847112933    661
139 9913.2993385518220748     189.84607160619862043    666
140 9869.8202678907855443     279.46511872757656647    671
141 9850.4835801031949813     177.02965334349428872    676
142 9889.272356898371072      112.29958624566688741    680
143 9816.1519828703239909     189.812958878932875      685
144 9836.068541185630238      857.1736600445140084     690
145 9842.1704617111099651     267.29493517322680418    695
146 9788.6698531939819077     397.53752851672265933    700
147 9925.7468773351829441     141.31292336473254068    704
148 10040.95269020559499       530.58345407844615238    709
149 9854.5909859013590903     617.06621606157841597    714
150 9909.3607918020461511     132.37083226965611971    719
151 10209.19688962780674       4480.4017099985167079     723
152 9803.87623293013894       277.78680320348831856    728
153 9858.5054953439612291     185.22802512212393822    733
154 9940.5305666233525699     515.46947879164349615    739
155 9882.8764505059371004     389.77505450681917409    743
156 9911.6627677471624338      73.906565070283164687   748
157 9953.2756400816288078     103.77361862568373851    753
158 9800.6306625502547831     193.57104429449572081    758
159 9874.1861303317509737     148.06865652403482159    763
160 10174.363688153936891      121.61871741503961175    768
161 10025.867681918456583      185.50396114305962669    773
162 9918.9388029927722528     152.1212712719325566     777
163 9916.2730074933424476     564.93499753625712856    782
164 9747.5813301572507044     1994.0913071589702668     787
165 9919.2737054147492017       0.93058697587255889694 792
166 10187.5415496184105         25.624027245626837868   797
167 10016.696880348728882       67.907517467226497843   802
168 9926.5097896454262809     303.71453595929136782    807
169 9824.237333215200124        0.92891918261184169836 812
170 9644.0953206539888924       7.026591964913274424   817
171 9674.4638472562364768      36.393224242205583607   822
172 9689.9816915270894242      31.590885534289345316   827
173 9798.408487203918412       19.712963904844407637   832
174 10277.1874295466896          0.41668826331934161189 836
175 9434.118723639901873       22.672257694505866255   841
176 9828.8645903157612338       0                      846
177 9843.4889224164235202       0                      851
178 9654.3106151614701957       0.3254565581173530231  856
179 9223.9372176370616216     745.48307760098259678    860
180 9208.013952445693576      1244.9396136708937775     866
181 9416.7503146876733808     906.83957702589907512    871
182 10677.655716346209374      2445.8328838678789907     875
183 9781.7011405185712647     177.80912382549189488    880
184 9800.700498396254261        6.9863134856114461613  885
185 9508.1551990762054629      40.135649841336999089   890
186 9660.2679488062549353       6.6937439691856228663  895
187 9617.0775938902788766       3.224553696850758211   900
188 9882.6474959763545485     144.24826674889129663    905
189 9781.3718840427009127      56.942561714599712275   910
190 10090.655929913404179        2.4950556242594541523  914
191 9810.7629514991240285       0                      919
192 9199.7261294291511149     782.18094026107473837    924
193 10213.93359242405495         0.40564557286482649801 930
194 8898.7218982135873375     318.56162432409587382    935
195 8900.7416259535384597     637.02221964191403458    939
196 8751.2351389933319297     429.31932995114470941    944
197 8752.2912699222870287     416.82228087889006929    949
198 10423.98575688040728       116.69367150097829722    954
199 9631.4386714425017999       0.75829784584161230576 959
200 9157.6498445171964704     251.5633789636317772     964
201 9476.2238414729472424      75.478560783960872982   969
202 9912.4896048287919257       0                      973
203 10654.502312633750989      1479.2608802013057812     978
204 9469.1935323530015012      30.293327009497289737   983
205 9653.6494357291703636       5.7695902343351885833  988
206 9654.162007941675256      102.11049905326655107    993
207 9653.970045410840612       25.189856610908492485   998
208 9652.3389708702161442       1.4159481544743637293  1003
209 10686.318319461539431      736.22404041521770068    1007
210 9172.9460269675673771     1056.6484329030015488     1012
211 10345.545104035547411       55.274037458388576738   1017
212 9214.9105162172509154       0                      1022
213 9845.4835856087047432     6400.6131318955276583     1027
214 9063.489931812744544      279.00893249351548775    1032
215 9166.4409011928219115     274.98366409022304424    1037
216 8643.2467688374526915     2374.6643863083336328     1041
217 10027.683130548877671        0                      1046
218 9841.5894318284736073       0                      1051
219 9348.8913946839293203       0.1886943636380128686  1057
220 9867.6297666316113464      69.256382239593136774   1062
221 8433.3902670748211676       2.2032495333382615676  1067
222 9140.9559731616627687     529.68641038718863001    1071
223 10029.24388551217271         0                      1076
224 9210.9418844566498592       0                      1081
225 8576.4678822341338673      65.64428632285451215    1086
226 8479.5159414475365338      21.329537876847570743   1091
227 8404.7111252085069282       3.6663956284810934605  1095
228 9302.3862014277729031     343.07767735561679956    1100
229 9212.7682297798619402     254.98131801261123996    1105
230 9409.240326225741228      1818.1031822397553697     1110
231 9617.2067661316759768     483.80675540042352623    1115
232 9639.500596463218244      543.6156941398149911     1120
233 8928.9868994384305552       0                      1125
234 8532.8742263607764471      35.55686567191030889    1130
235 8466.1336745094322396      40.650049739831672468   1135
236 8352.5549997374710074     401.2695353979974584     1140
237 8874.1494395478093793       0                      1145
238 9017.4785853588255122       7.1095308516851201119  1150
239 9034.6540303910151124      16.100741296179858608   1155
240 8443.0045042587189528     4357.1822834771364796     1160
241 8253.3819663080448663     2051.3026471096081877     1164
242 8186.5830976917568478     201.88379378269976883    1169
243 8396.6556068260088068     665.55697949211435116    1174
244 8875.4688585715794034       0                      1179
245 8393.5107107579060539       0.65878720738616447505 1184
246 8872.78160759702223         0                      1189
247 8184.0067571341987787       0                      1194
248 8757.1818061859612499     2431.3395416118692083     1198
249 8091.8157410045778306     133.17290162448603041    1203
250 8110.3338688839194219     168.37711573749180616    1208
251 8116.2535918138619309     120.42541687804381922    1213
252 8529.4511419667942391      20.07930799200345362    1218
253 9682.1714014669651078       5.7058533240654423224  1223
254 8303.3665927574529633       0                      1227
255 8630.7082681787596812     160.01844448137882182    1232
256 8728.3396329277475161      79.220837243196157829   1237
257 9229.6090731667045475     228.16547314085244125    1242
258 8171.2988687855186072     310.35272536195088833    1248
259 8159.2437436536129098       0                      1253
260 8209.5095855086201482     4181.2268069592382744     1258
261 8414.2790889337484259     240.72011829562859475    1263
262 8469.5629685660569521     3962.6598209179287551     1267
263 8125.0871307959841943     862.66355977462001192    1272
264 8181.861642975896757      224.95326172425768618    1277
265 9118.2631272331036598       0                      1282
266 8258.0633631958116894       0                      1287
267 8881.3993970705250831      63.707899004180283953   1291
268 8262.362362073852637        0                      1296
269 8402.1964129862990376      17.558801556249928666   1301
270 8152.3859018231823939      34.508358076796682212   1306
271 8664.7981586548157793     791.14045217292664347    1311
272 8326.0654889830693719     3894.8919596766195355     1316
273 8573.7000914814707357     3663.9812166872570742     1321
274 9224.7203410447837086     4753.9387884181414847     1325
275 8304.4178601006133249     18926.541332658427564      1330
276 11053.62755191971155       96150.529187566324254      1335
277 8396.6541674317595607     462.75875939686085303    1340
278 8121.4579101382905719       0                      1345
279 8345.7894884565994289      96.573763638721146663   1350
280 8288.4179904783359234       0                      1355
281 8085.7658064118004404       0                      1360
282 8445.4853486622851051     2455.0552322346088658     1364
283 8130.707177339428199      473.46167268433640629    1370
284 8094.6289199617758641       0                      1375
285 8404.3504853322847339      17.054787167881290344   1380
286 8402.3492236995607527      45.580078573251633145   1384
287 8192.8528987892932491      92.289528282941063253   1389
288 8348.4805874319426948      94.757298497143011673   1395
289 8158.3942634147897479       0                      1399
290 8194.8823652929841046       6.4642183538431163825  1404
291 8470.9230553399956989       4.0365614619441112509  1409
292 8346.127102055677824      462.29535470602741043    1414
293 8611.1844256360254803     129.66116954359932834    1419
294 8583.7689285262931662     1100.7349517288237166     1424
295 8767.9437401484574366     514.3136956748544435     1428
296 8395.8101477039836027     783.35464899455928389    1433
297 10865.929128424962983      6415.3625024019447665     1438
298 8513.5739818689617096     26312.061842385923228      1444
299 8170.0672154916173895      48.510187455157200986   1449
300 8162.7606093196773145       0                      1454
301 8256.5204186902010406       0                      1458
302 8085.44538010287215         0                      1463
303 8097.4469115718275134      89.996431985235801676   1468
304 8089.0587283218956145       0                      1473
305 8089.9736902001450289     139.80904812374464541    1478
306 8087.4930473781332694       0                      1482
307 8094.4990094597051211       0                      1487
308 8124.117836341729344      273.98582574856516203    1492
309 8419.681399417191642       30.590114723844919808   1497
310 8088.1127957203771075       0                      1502
311 8135.493765172305757        0                      1507
312 8204.6465265076931246       0                      1512
313 8293.0671036551611905       0                      1517
314 8170.2241891269368352      10.104774716694851833   1521
315 8328.8054154191195266       5.9390230331610291969  1526
316 8092.2351419946935493     153.39195353160039303    1531
317 8108.8099324025643        991.26595505249679263    1536
318 8224.0585151280447462     3099.3134547433514854     1540
319 11253.376766547138686      19738.816210611537826      1545
320 8158.7447217539738631     208.04121030330176723    1550
321 8121.2741669887118405     390.3448000898726491     1555
322 8124.9610008489644315     940.40336498963733902    1560
323 8093.6018595508321596       0.65660323021773037144 1564
324 8127.7717353086891308       2.5613408070066308042  1569
325 8146.8231684015354404     331.77080784476203235    1574
326 8404.429341613968063       24.132187582795420866   1579
327 8087.7085954508911527       0                      1583
328 8114.4346501428317424       0                      1588
329 8139.4424939084201469       0                      1593
330 8101.8523089951740985       0.04749889258475358672 1598
331 8182.2695312742143869      30.625484333198052411   1603
332 8106.3679494075322509       0                      1607
333 8092.6448786905275483       0                      1612
334 8116.7490559981624756       2.4105732265851087526  1617
335 8144.9913041140916903     308.41236064465681466    1622
336 8311.2755608066254354      57.045896836437911759   1627
337 8090.1390452219366125       1.4201233299840234636  1632
338 8103.7890027465418825       0                      1637
339 8414.3181632181822351     805.89580576494961406    1642
340 8117.1085046931730176       0                      1646
341 8091.0633910169290175       0                      1651
342 8100.7065369317242585     127.5411943834511419     1656
343 8243.0912670227371564       4.1909388519043417887  1660
344 8110.2574490834977041     166.98028675919593411    1665
345 8209.6688359995514475     2574.4447796287136043     1670
346 8306.9987486860263743     7192.4785825417111482     1675
347 8177.0759699368481961      98.163313200403777614   1681
348 8113.4523151838147896     540.22070533725900532    1686
349 8096.6686231484200107     739.75758583005392666    1691
350 8107.6959685898036696     398.41389706758292277    1695
351 8105.6021179363542615     304.79054902841363628    1700
352 8154.2870724224412697     287.20767010487406878    1705
353 8344.8523073886153725      40.918078701287171839   1710
354 8088.0573876421331079       0                      1715
355 8094.1523329441224632       0                      1720
356 8092.1937384736556851       0                      1724
357 8086.2793716942642277       0                      1729
358 8088.077949516937224        0                      1734
359 8094.1759113104280914       0                      1739
360 8104.4078044926345683       0                      1743
361 8123.9814091352454852       1.9738287350992738123  1748
362 8091.7287860552487473     1200.2573102991009364     1753
363 8122.9692067313262669       1.4637352823666156532  1758
364 8109.8828812257661411     123.0141225623080885     1762
365 8096.2707280492904829     153.96479309577597405    1768
366 8095.2698628472326163     116.38311880729480663    1772
367 8096.2146391629976279     357.80791159327293371    1777
368 8126.3148854913324612     121.08875518613561439    1782
369 8344.1435024155398423      29.377082371574552155   1787
370 8086.3878519849777149       0                      1791
371 8092.0672498812291451       0                      1796
372 8086.290664006811312        0                      1801
373 8085.4134209703279339       0                      1806
374 8085.4630809343325382       0                      1811
375 8088.2063154914285406       0                      1816
376 8104.1084858669883033     248.87240507639239695    1821
377 8091.7529389200590231       0.33949168465025869601 1826
378 8147.6264016722343513     353.26270934577559046    1831
379 8231.4287220481455734     110.39674880603720908    1836
380 8085.9894114288799756       0                      1840
381 8086.4281428847525603       0                      1845
382 8088.1187952787258837       0                      1850
383 8105.6540141837704141       0                      1855
384 8102.1213568344674059       0                      1859
385 8085.7413954746916716       0                      1864
386 8141.431922536703496      310.20142695839439284    1869
387 8099.7383329651238455      93.402711787103811503   1873
388 8094.4032157199062567     241.62426479785250422    1878
389 8140.1255900265814489      12.088901761821000846   1883
390 8132.7103447250774479     1738.1948897374340959     1888
391 8085.8448403930906352       0                      1892
392 8084.5354050156465746       0                      1897
393 8097.410582465272455        0                      1902
394 8083.7850194880866184       0                      1907
395 8085.5326071298586612       0                      1912
396 8082.4808752130438734       0                      1916
397 8352.5010169099878112      44.092137761267743201   1921
398 8085.4912900120016275       0                      1926
399 8082.6332964785333388       0                      1932
400 8088.195171250687963        0                      1936
401 8091.2170170762965427       0                      1941
402 8145.5074587169274309     259.16635734472862396    1946
403 8380.5880176212012884      54.824381400744790938   1951
404 8085.5653127450486863       0                      1955
405 8120.7028953781064047       0                      1960
406 8120.9778384327619278       0                      1965
407 8100.8355067566508296       0.01946096641228801244 1970
408 8274.5866732307167695     3128.7404798495645082     1974
409 8086.1573748984746999       0                      1979
410 8086.6740777653003533       0                      1984
411 8083.4488757614453789       0                      1989
412 8083.3031904105782814       0                      1994
413 8122.5801544757023294       0                      1999
414 8131.8864570005662245       3.795496780467663811   2003
415 8175.2452094993177525       0                      2008
416 8173.3124378943184638     1546.5182337684475442     2013
417 8249.6104615810072573     2613.7646507008544177     2018
418 8124.5074577103614502       0                      2022
419 8088.4196228226383028       0                      2027
420 8127.9173116834754182     181.96298539590216592    2032
421 8123.5042362120020698       4.4913209672701404074  2037
422 8338.1672787639254238      36.051503752708043748   2042
423 8082.5591426229548233       0                      2047
424 8082.6740418557046723       0                      2052
425 8082.5215496797227388       0                      2057
426 8082.4808752130429639       0                      2062
427 8082.6332964785287913       0                      2067
428 8082.4074320969357359       0                      2071
429 8083.3585674756959634       0                      2076
430 8084.4003833096630842       0                      2081
431 8083.4300885146813016       0                      2086
432 8089.8715416080503928       0                      2091
433 8148.1520385005387652     221.7206995741241542     2095
434 8296.0290531888931582      90.260773570783626951   2100
435 8084.0748896672794217       0                      2105
436 8092.7237689283156215       0                      2110
437 8115.0233402517151262       0.80233825235419542476 2115
438 8141.3407340039702831     1924.9687774436577001     2119
439 8088.7154058141550195     117.64775187399318668    2124
440 8116.5275745782209924       0                      2129
441 8122.5696016301590134     883.08257213776732897    2134
442 8110.2710053082773811     375.55873647514522418    2138
443 8167.60983548173499         0                      2143
444 8261.4341508086654358     2850.9370487042965578     2148
445 8086.0056678789424041       0                      2152
446 8085.8239312369260006       0                      2157
447 8085.4139116664919129       0                      2162
448 8081.9253762152357012       0                      2167
449 8140.3703161617549995     217.00326154649758337    2172
450 8343.8240889481603517      54.138232238663810847   2177
451 8089.2109057508441765       0                      2182
452 8112.0928234983812217       0                      2186
453 8160.0575368437930592       0                      2191
454 8081.9762219866670421       0                      2196
455 8089.5924794549364378       0                      2201
456 8092.8671848186131683       0                      2205
457 8128.1028626633296881     135.02741253618430051    2210
458 8088.3431655655394934     109.66233951272910474    2215
459 8122.3478262967782939     847.47263036080221354    2220
460 8141.9420349714100666     1923.0890442438069385     2224
461 8082.5139249382200433     361.49449066701117772    2229
462 8087.4283263229335716       0.00005813806789687298 2234
463 8138.0231866555186571       0.34741553718036832787 2239
464 8085.1599181981137008       0                      2244
465 8142.0089107946560034     170.41604358036695999    2248
466 8085.2284713336275672       0                      2253
467 8090.7230107766581568       1.4367562354633884869  2258
468 8091.9458691606096181       0                      2263
469 8095.8156495930361416       3.7751315942883807431  2267
470 8108.2390791993402672     982.26097783743546188    2272
471 8087.6760747878852271       0.03679723192102340307 2277
472 8092.0857246210125595       0                      2282
473 8112.3841292649412935       1.580599301553347491   2286
474 8082.1590666319270895     335.62130612011964104    2291
475 8104.4146464215218657     171.23522979566803315    2296
476 8141.523935706553857        4.0510532439535307248  2300
477 8082.0480202399485279       0                      2305
478 8082.0528567811234097       0                      2310
479 8081.9425773085131368       0                      2315
480 8082.4366414385631288       0                      2320
481 8128.0332082908334996     147.9749944689591814     2324
482 8168.8501654331412283     124.28105883406311705    2329
483 8083.8183622613396437       0                      2334
484 8081.9792623423472833       0                      2338
485 8081.9512370817210467       0                      2343
486 8083.7037409646363812       0                      2348
487 8082.8990344751600787       0                      2352
488 8089.9780765119121497       0                      2357
489 8090.1276248625554217       0                      2362
490 8082.1864987004682916     330.23972950559482342    2367
491 8087.0684806208437294     669.10754853536059272    2371
492 8103.8029945867565402     358.43103416429880781    2376
493 8091.4745014310637998       0.5248298677760261377  2381
494 8083.7142478904306699       0                      2386
495 8083.7136276543351414       0                      2391
496 8088.179559458581025        0                      2395
497 8087.6651872358788751       0                      2400
498 8096.8192686858956222     258.6433764833305986     2407
499 8085.498920762130183        0                      2412
500 8081.987132729566838        0                      2416
501 8082.7793916496884776       0                      2421
502 8084.0468453475969          0                      2426
503 8084.5345425637760854       0                      2431
504 8082.0139206204412403       0                      2435
505 8082.1985599480749443     331.31259216298093406    2440
506 8082.8754039064124299       0                      2445
507 8084.0530627668513262       0                      2450
508 8090.6641249770354989      99.960473030127701577   2454
509 8089.7041726398274477     392.12466744872125446    2459
510 8082.5796881505139027       0                      2464
511 8082.1444793219561689       0                      2469
512 8082.7029188376818638       0                      2473
513 8089.9740566549380674     110.81880305263243258    2479
514 8087.3946000481182637     302.82317212291837905    2483
515 8082.8897846761101391       0                      2488
516 8081.9423437755422128       0                      2493
517 8081.9877219449681434       0                      2497
518 8082.2154159589108531       0                      2502
519 8083.0460013393039844       0                      2507
520 8082.1938979027663663     337.61822434743857002    2511
521 8084.0226137853023829       0                      2516
522 8082.8131181983335409       0                      2520
523 8083.0158990472727965       0                      2525
524 8087.4009777324090464       0                      2530
525 8088.7737851668816802       0                      2534
526 8086.7679549339227378     125.77359079075546333    2539
527 8085.5419694644260744       0                      2544
528 8085.5788169244169694       0                      2549
529 8082.2740253938982278     337.63852682846101061    2553
530 8081.9587906176548131       0                      2558
531 8081.9683678074297859       0                      2563
532 8081.9804443288285256       0                      2567
533 8082.0161083482953472       0                      2572
534 8081.9710914941952069       0                      2576
535 8082.0748266654900362       0                      2581
536 8082.9627504756444978       0                      2586
537 8082.1660116398661557     335.92696663348084485    2590
538 8082.7647327125896481       0                      2595
539 8087.2959425250428467     378.30362827876041365    2600
540 8095.2141224861243245      94.565756867252460438   2605
541 8088.4714961472864161     114.84790922849681749    2609
542 8084.9152377647105823       0                      2614
543 8082.168747124364927      335.32362760159691106    2619
544 8081.9226007462784764       0                      2623
545 8081.9186758322175592       0                      2628
546 8081.946513133816552        0                      2633
547 8083.9898919383167595       0                      2638
548 8082.1297605621084585       0                      2642
549 8082.1720482335795168     335.03912000887601152    2647
550 8083.6269452734895822       0                      2652
551 8084.0013524558880817       0                      2656
552 8089.2878383159868463       0                      2661
553 8081.939466401277059        0                      2666
554 8081.976315819923002        0                      2671
555 8082.0100337485673663       0                      2676
556 8081.953592687267701        0                      2680
557 8086.5976989650453106       0                      2685
558 8088.316220508351762      114.45111479211828964    2690
559 8083.5120022840756064     341.87902449002956473    2695
560 8088.5540651729988895     119.84594478311650789    2699
561 8081.9271570449100182       0                      2704
562 8085.4665163544841562       0                      2709
563 8082.1742986611670858     335.62966247909270123    2714
564 8081.9221397464589245       0                      2719
565 8081.9228707310030586       0                      2724
566 8081.9470804995571598       0                      2728
567 8081.9846358025661175       0                      2733
568 8083.5308931144827511       0                      2738
569 8084.0608985643775668       0                      2742
570 8082.7629043843407999       0                      2747
571 8088.3352673942636102     110.34045759644807561    2752
572 8093.7760363253200921      88.89894762054518651    2757
573 8087.8363033482592073     379.07155119864034987    2761
574 8082.5845834628926241     364.97016080138166672    2766
575 8085.1572851843811804       0                      2771
576 8082.1758738120797716     333.66771823266890351    2775
577 8081.9188363476514496       0                      2780
578 8081.9858504820704184       0                      2785
579 8081.9154192493697337       0                      2790
580 8081.9451168292762304       0                      2795
581 8082.0243311489721236       0                      2799
582 8082.0372559811839892       0                      2804
583 8081.951033891188672        0                      2809
584 8089.4802857377590044       0                      2814
585 8081.943347698422258        0                      2818
586 8081.915516104035305        0                      2823
587 8081.9286430088423003       0                      2828
588 8081.9993606999532858       0                      2833
589 8082.1675192900183902     332.80885166625824922    2838
590 8082.7542157239577136       0                      2842
591 8082.9197071597291142       0                      2847
592 8087.2227382269620648       0                      2852
593 8083.9741036859986707       0                      2857
594 8085.173817968118783        0                      2861
595 8082.1812004440180317     331.40645979547230127    2866
596 8081.9151187665420366       0                      2871
597 8081.9186172812906079       0                      2875
598 8081.9162248666279993       0                      2880
599 8083.9756891792367242       0                      2885
600 8088.3535388489299294     394.74475308071413338    2890
601 8088.3998539305348459     400.5887418999444094     2895
602 8082.1865801859594285     330.57162149061309719    2899
603 8081.9205588636204993       0                      2904
604 8081.9335725211603858       0                      2909
605 8081.9472691634064176       0                      2914
606 8083.6586476318079804       0                      2919
607 8083.6256560056644958       0                      2923
608 8082.7605928141056211       0                      2928
609 8082.9310423420483858       0                      2933
610 8082.1636453991804956     333.09223647733637108    2937
611 8083.9899556892423789       0                      2942
612 8087.0396955996229735     372.90855985657356086    2946
613 8094.6621127936186895      85.878640449319973982   2951
614 8081.9869212875137237       0                      2956
615 8081.9220174798101652       0                      2961
616 8095.1337841694021336     107.26252743816685609    2966
617 8081.9162586047214063       0                      2971
618 8081.9171294087473143       0                      2976
619 8081.9429209166901273       0                      2980
620 8081.9888256744025057       0                      2985
621 8082.9199913934380675       0                      2990
622 8084.1407301319522958     355.33747004240115075    2994
623 8088.3082751175452358     112.1271231077827224     2999
624 8082.1661482327690464     331.70201113353243727    3003
625 8088.3143580083915367       0                      3008
626 8081.9377933222631327       0                      3013
627 8081.9863458419313247       0                      3018
628 8081.9167177763920336       0                      3023
629 8081.9162248666261803       0                      3027
630 8081.9163619098026174       0                      3032
631 8082.7535575608571889       0                      3037
632 8088.3357229679977536       0                      3042
633 8081.9155207554504159       0                      3047
634 8081.9191705067742078       0                      3053
635 8088.3138388602465056     111.14183705929168866    3057
636 8088.4751448090937629       0                      3062
637 8082.1660247780446298     330.84516020889492438    3067
638 8081.9438584510317014       0                      3071
639 8082.9268316318066354       0                      3076
640 8087.8379170184944087       0                      3081
641 8095.2080960683524609     126.03642833459439032    3086
642 8082.017206981236086        0                      3090
643 8087.9011766380453992     156.82758391178734314    3096
644 8082.4964167352190998     358.84859357047321282    3100
645 8086.6461067866412122     126.43516629326531131    3105
646 8083.9852644520487956     322.98702607489690308    3110
647 8087.377268794288284        0                      3114
648 8088.3410837832889229     111.44118950128435586    3119
649 8083.9899556892496548       0                      3124
650 8081.9888256743861348       0                      3129
651 8088.1691018887167957       0                      3133
652 8081.9191948144552953       0                      3138
653 8082.9206324697397577       0                      3143
654 8087.3346696922335468       0                      3147
655 8083.4288941946751947     323.71082445057464838    3152
656 8087.4712755395839849       0.00007654873753115354 3157
657 8088.3225361445302042     111.64644903179595303    3162
658 8082.1720281186926513     333.95146206974601455    3166
659 8088.3112017077992277     110.638468336974924      3171
660 8081.928227132720167        0                      3176
661 8081.9162446564741913       0                      3181
662 8088.9240497749515271       0                      3185
663 8081.9164202459924127       0                      3190
664 8081.9164449962217986       0                      3195
665 8088.2928711705144451       0                      3199
666 8088.3213097059888241     109.82665467344065746    3205
667 8089.0734559202537639     131.98678201595848236    3209
668 8082.2001138407113103     332.04837924714604469    3214
669 8083.4409291356960239     328.17175077443715736    3219
670 8090.9228594399455687       4.4777215910565022483  3224
671 8081.9155516068603902       0                      3229
672 8081.9958219556401673       0                      3233
673 8087.2847821031937201       0                      3238
674 8082.1803759739232191     330.85416862203857136    3243
675 8088.6384991519362302       0                      3247
676 8081.9171255172204837       0                      3252
677 8088.3104717646328936     111.30921465429702266    3256
678 8082.16050257848201       333.37565450306823323    3261
679 8088.3179417354158431     110.97463638483797865    3266
680 8089.0652658458075166     4466.0083475414585337     3271
681 8085.1796016193784453       0                      3276
682 8081.9171287847921121       0                      3281
683 8082.757334491153415        0                      3285
684 8082.7534164636763307       0                      3290
685 8082.8012256287220225       0                      3295
686 8082.8116347425047934       0                      3299
687 8083.9888614348765259       0                      3304
688 8085.2039248172950465       0                      3309
689 8087.3795946137852297       0.00152359638179737356 3314
690 8087.4839322794086911       0                      3318
691 8081.996675273369874        0                      3323
692 8083.5162537389205681       0                      3328
693 8081.915516104035305        0                      3333
694 8088.2658000533574523       0                      3337
695 8082.1869610410458336     330.01982941600260801    3342
696 8087.232037419669723        0                      3347
697 8084.0049111026892206     548.40873844189809461    3352
698 8082.1625053116504205     332.53839088270740376    3357
699 8088.3152882093845619     110.81799840985263472    3361
700 8086.647902027388227      126.78079346879394507    3366
701 8091.1488431311827298       4.8191506123549121554  3371
702 8092.1337129187968458     262.52300470637226226    3376
703 8082.499406363424896      359.44597617525300848    3380
704 8084.9701403796043451     416.5728579424044824     3385
705 8081.9234362827619407       0                      3390
706 8081.9172324014280093       0                      3395
707 8088.8705082013029823       0                      3400
708 8081.9206835495515406       0                      3405
709 8081.9194838771200011       0                      3409
710 8082.1660826803636155     332.25535806025618513    3414
711 8082.161327442813672      332.23394583497912436    3419
712 8088.3190959501380348     110.6509735831358654     3424
713 8088.3222615421091177     405.66706509920504686    3428
714 8091.9631794781753342     102.17828774855242102    3433
715 8081.9815468447695821       0                      3438
716 8081.9846017484624099       0                      3443
717 8087.2460183234743454       0                      3447
718 8088.2928711705244496       0                      3452
719 8088.2622850693942382       0                      3457
720 8081.9945348779674532       0                      3462
721 8083.9971784219696929       0                      3467
722 8081.9201433881307821       0                      3472
723 8087.4324447599274208       0                      3477
724 8088.3293548751616981       0                      3481
725 8087.3681053695818264       0.00096185380223025481 3486
726 8089.1521338390693927     117.09321033765171194    3491
727 8084.7883358315075384     583.53018884036248437    3495
728 8086.6540065165982014     126.62777170537306404    3500
729 8092.1288349640663        261.91543765442946778    3504
730 8083.3631453507177866     347.82957213464004553    3509
731 8082.1648761327533066     331.39796647914954519    3514
732 8081.9452364257558656       0                      3519
733 8087.5060411388076318       0                      3523
734 8087.2460183234761644       0                      3528
735 8087.3236578630067015       0                      3533
736 8088.4212784466235462       0                      3537
737 8082.9484890411022207       0                      3542
738 8088.3138943076728538     111.46633333929290188    3546
739 8083.4358690029575882     327.65495151559349551    3551
740 8082.1916465295180387     333.13453252567040863    3555
741 8089.0558893723455185     132.68123329172564695    3560
742 8082.1662878288416323     333.64622800430112193    3564
743 8087.9139715688042997       0                      3569
744 8088.3652088380431451       0                      3574
745 8088.1135802674534716     404.16557057048584056    3578
746 8092.1068001006997292     101.69133297880094347    3583
747 8081.9845543998353605       0                      3588
748 8081.9286731806787429       0                      3593
749 8087.0507216703681479       0                      3597
750 8082.8003760737128687       0                      3602
751 8081.9956714638638005       0                      3607
752 8082.8309917979186139       0                      3611
753 8083.9901063933020851       0                      3616
754 8083.9966952259446771       0                      3620
755 8083.9952070911303963       0                      3625
756 8088.8770815558254981       0                      3630
757 8089.8184391628929006       3.4746106385498034541  3634
758 8081.9233821203033585       0                      3639
759 8086.8124840213231437       0                      3644
760 8081.917263883871783        0                      3649
761 8082.1803759739086672     330.85416862205573807    3653
762 8081.988709776246651        0                      3658
763 8082.1662878288343563     333.64622800430464622    3662
764 8083.9884955984298358       0                      3667
765 8083.9783152727932247     550.38229472697071287    3671
766 8087.494615603793136        0                      3676
767 8098.107683862700469      652.09564450461004981    3681
768 8082.780929172064134        0                      3685
769 8083.6336443839163621       0                      3690
770 8082.9191081758190194       0                      3694
771 8082.9482133359360887       0                      3699
772 8088.3728271109785055     402.29010557535144699    3704
773 8094.1699208679347066      88.463433715357226106   3709
774 8082.1724186476103569     330.0105654095576142     3713
775 8086.8626430176827853       0                      3718
776 8087.1124269604661094       0.00028332372677551925 3723
777 8082.7986017235425606       0                      3727
778 8085.1908267250719291       0                      3732
779 8085.2177958336833399       0                      3736
780 8095.1775559636889739      93.206503213247202666   3741
781 8088.6778935276806806     419.7772903182516302     3745
782 8083.9783152727914057     550.3822947269644601     3750
783 8086.9115934697756529       0                      3755
784 8082.4924401733587729     358.00110906883207917    3760
785 8087.1943144230453981     148.42541080437649725    3764
786 8083.9652564784073547     324.31862183739775674    3769
787 8085.0577809976457502     612.68298599840397856    3774
788 8095.1701899919553398     108.32087473562647517    3779
789 8087.2868539043383862     376.74240614153910656    3783
790 8087.0123708831333715       0                      3788
791 8082.4915085666043524     357.40441088859716956    3793
792 8087.4591406015761095     132.42977903680173313    3797
793 8093.0081153872642972     294.54998344220030049    3802
794 8083.9870840959056295     553.28398258563959189    3806
795 8087.4441067098814528     376.71948264597540401    3811
796 8094.1921003806146473      87.74156383802156256    3816
797 8082.1612705532761538     331.68064025877936274    3820
798 8082.0113774911715154       0                      3825
799 8087.1534530069775428       0                      3830
800 8082.9234475227303847       0                      3844
801 8081.9193024226524358       0                      3858
802 8082.9205358412318674       0                      3866
803 8082.9225881519969334       0                      3873
804 8088.152289989378005        0                      3878
805 8087.0648871635930846       0                      3882
806 8082.9190409795373853       0                      3887
807 8081.9847604919150399       0                      3892
808 8083.9843793784057198       0                      3897
809 8085.9234034404189515       0.09892628586107853061 3901
810 8095.1969443827165378     107.74824405504523384    3906
811 8087.2480270684000061     375.27283406259175536    3910
812 8082.7561559052601297       0                      3915
813 8086.9629310087930207       0                      3920
814 8081.9429966318457446       0                      3924
815 8083.6263736010359935       0                      3929
816 8088.5800045430942191       0                      3933
817 8083.6533639416002188       0                      3938
818 8082.9496423698255967       0                      3943
819 8087.4020490181192145       0                      3947
820 8081.9155207554531444       0                      3952
821 8087.0113825503858607       0                      3958
822 8082.7553443563456312       0                      3962
823 8083.4574166414604406     322.7093289698362355     3967
824 8086.9611224263117037       0                      3971
825 8089.1565572583194808     117.27790629628300678    3976
826 8090.0546877656925062       3.5317958252858341339  3980
827 8081.9151187665493126       0                      3985
828 8084.1368537411572106     352.05818460722832697    3990
829 8089.1603061441010141     117.10598967767256795    3994
830 8089.0570496759237358     132.32695756909259899    3999
831 8083.000732532517759      322.15116088678820461    4003
832 8090.0917604027818015     749.3586888738742573     4008
833 8099.4290976704151035     342.70630152945420832    4013
834 8082.1701599920934314     331.41936353008532024    4017
835 8082.7539192050371639       0                      4022
836 8087.0574320507275843       0                      4027
837 8083.9591498011295698     323.49210067071425101    4031
838 8089.0635994487829521     131.79090548512945702    4036
839 8082.1628485197261398     333.92999809756719287    4041
840 8089.052151397232592      132.8642065696369059     4045
841 8089.5745291702114628     453.22509035334240934    4050
842 8082.4908449041113272     356.5367529293617963     4054
843 8082.8410330372716999       0                      4059
844 8081.9429966318448351       0                      4064
845 8083.9727637076202882     552.41655442873752691    4068
846 8092.9901487593633647     293.19253407243610354    4073
847 8094.140327458201682       87.998982992306778783   4078
848 8083.9896928036314421       0                      4083
849 8087.0615826957709942       0.00001007442261777265 4087
850 8086.0994624445575027       0                      4092
851 8086.5199446556234761       0                      4097
852 8082.7588526991767139       0                      4102
853 8086.748782684409889        0                      4106
854 8081.9168212659014898       0                      4111
855 8082.9199087543929636       0                      4115
856 8081.9252025324867645       0                      4120
857 8081.9722428138629766       0                      4125
858 8083.4371422682279444     324.50860633396769117    4129
859 8082.1753048026739634     335.87875657125454154    4134
860 8093.9283860121413454      86.088602289579554849   4139
861 8087.0033779830191634     372.99617867337065036    4143
862 8081.9289712638446872       0                      4148
863 8087.0383390774795771       0                      4153
864 8081.9428681556564698       0                      4157
865 8082.7533523686261105       0                      4162
866 8087.1047514719721221       0.00170957345410508279 4166
867 8088.1387115166071453       0                      4171
868 8089.1544967543550229     117.61108264802366818    4175
869 8082.0229561091337018       0                      4180
870 8086.5311185499913336       0                      4185
871 8081.9444901388442304       0                      4189
872 8083.6249177550052991       0                      4194
873 8083.6555865684167657       0                      4199
874 8086.734210766162505        0                      4204
875 8091.6970806190684016       7.6257562602600126311  4208
876 8083.9843793784175432       0                      4213
877 8086.4300692838423856       0                      4217
878 8086.4860165815252913       0                      4222
879 8087.1045445385716448       0.00001847852034598512 4226
880 8083.4318791422238064     325.93745783200984079    4231
881 8088.1301025604088863       0                      4235
882 8093.0734660293774141     331.15484876905543388    4240
883 8083.975611223823762      547.48827181238880257    4245
884 8086.3801899350546591       0                      4250
885 8083.6554358316789148       0                      4255
886 8087.9458962593598699       0                      4259
887 8081.9171255172268502       0                      4264
888 8082.8753562486772353       0                      4268
889 8088.0113258152823619       0                      4273
890 8086.9587426775897256       0                      4278
891 8087.1660913332852942       0.00067467350087424853 4282
892 8086.3801899350519307       0                      4287
893 8082.8010607493642965       0                      4292
894 8083.483463399133143        0                      4296
895 8081.9929714388808861       0                      4301
896 8082.8036507160386464       0                      4305
897 8084.8576839513816594       0                      4310
898 8085.9269935267248002       0.09903046439057944239 4315
899 8085.1935468103829407       0                      4320
900 8087.1190157718847331       0                      4324
901 8087.0102178771539911       0.00070586259085664565 4329
902 8088.2252232055643617      79.2924148938226665     4333
903 8081.9256943218169909       0                      4338
904 8081.9206495070820893       0                      4342
905 8082.7832342951969622       0                      4347
906 8087.8820477356903211       0                      4352
907 8089.3426965361632028       3.0294252519249935673  4356
908 8082.0462945494491578       0                      4362
909 8081.9444769443616678       0                      4367
910 8082.1901625482769305     332.58070078198488773    4371
911 8082.9223788947992944       0                      4376
912 8083.4293924653456997     324.22486257188961645    4380
913 8088.3413736756665458     111.11675832725286739    4385
914 8088.3138388602483246     111.14183705929168866    4389
915 8086.5793926007672781       0                      4394
916 8082.9235310366757403       0                      4399
917 8082.7545906771165392       0                      4403
918 8082.7587413767250837       0                      4408
919 8082.9225979244611153       0                      4413
920 8087.0113825504004126       0                      4417
921 8089.3072340288526902       3.0868645239698393468  4422
922 8082.0036956308704248       0                      4426
923 8081.9175917182537887       0                      4431
924 8086.7711453480496857       0                      4436
925 8094.5489306754998324     107.21317743346357076    4441
926 8087.1921411393323069     377.4245514228355205     4445
927 8081.9973591352600124       0                      4450
928 8082.8101169907804433       0                      4455
929 8087.8424749047926525       0                      4459
930 8088.310232042826101      111.63388668983789387    4464
931 8082.188199753396475      333.4180184888630265     4469
932 8088.3530186908064934     112.76739463000508579    4473
933 8088.3451717248262867     110.94954751527014025    4478
934 8083.0157725216304243     324.36717325179364479    4483
935 8082.4924401733615014     358.00110906883207917    4488
936 8082.9237054621353309       0                      4493
937 8086.9696590673902392       0                      4497
938 8087.1550261806150957       0.00032248189656386482 4502
939 8083.9684555230769547     324.33876134804432922    4506
940 8083.9933251506890883       0                      4511
941 8086.6553775415604832     126.97357304104284026    4515
942 8092.1322378396280328     261.7543430541569478     4520
943 8085.0486223858470112     611.77098151223333389    4525
944 8081.9234840269691631       0                      4529
945 8086.6168461448251037       0                      4534
946 8081.9155516068685756       0                      4539
947 8087.1158484330735519       0.00243675456070515436 4544
948 8087.9007420779025779       0                      4548
949 8081.9945348779774577       0                      4553
950 8083.5061484031884902       0                      4558
951 8086.4274276653313791       0                      4562
952 8081.9472534606638874       0                      4567
953 8092.281466932319745      121.59542074838152814    4572
954 8087.8982119030806643     403.6422708626757867     4576
955 8092.1224549970929729     262.17176908356719878    4581
956 8081.9822569468869915       0                      4586
957 8082.756175347176395        0                      4590
958 8082.7598466433555586       0                      4595
959 8081.9460093823599891       0                      4599
960 8081.9450563938271443       0                      4604
961 8081.9484294637741186       0                      4609
962 8086.8701019677064323       0                      4613
963 8089.4527400038787164       3.2503119000331897048  4618
964 8081.9174166122047609       0                      4623
965 8081.9203839055498975       0                      4628
966 8087.0509630062106226       0                      4632
967 8087.0729445139950258       0.00012515999653777649 4637
968 8089.0597156272951906     131.97335757712332338    4641
969 8089.0847846064825717     133.00865758124990634    4646
970 8082.4954242079702453     358.87015193794201195    4651
971 8092.6951775505158366     107.40360016996565662    4655
972 8087.7010343075344281     403.43684841170721711    4660
973 8081.9823397076206675       0                      4665
974 8086.7570769366775494     129.56331836410967639    4669
975 8082.8014668024270577       0                      4673
976 8082.8280012880959475       0                      4678
977 8085.1860617810425538       0                      4683
978 8085.9325652505403923       0.12489657936658256354 4687
979 8087.7826839293356898       0                      4692
980 8090.3643473028587323       4.5607413278490183117  4697
981 8083.9814076944394401       0                      4701
982 8081.9163619098035269       0                      4706
983 8082.1889081425924815     331.72289856819503484    4710
984 8082.998138912066679      321.30702205298746321    4714
985 8083.0338699396088487     322.4929749559092329     4718
986 8087.012270859151613        0                      4723
987 8089.1902356636783225     118.43873890065478349    4727
988 8088.3373859250605165     110.93704221120857767    4731
989 8086.6168461448114613       0                      4736
990 8088.2245471132200691       0                      4740
991 8082.7997082776137177       0                      4745
992 8084.8525272052565924       0                      4749
993 8082.1636453991786766     333.09223647733989537    4753
994 8081.9513336660083951       0                      4758
995 8086.6665441216537147       0                      4762
996 8086.949196468766786        0.00002393586776898995 4766
997 8087.1801319276983122       0.00000211314083183362 4771
998 8088.3175699302564681     110.14882465697802161    4775
999 8082.1936224607998156     330.88736440523348392    4779
1000 8082.1660826803517921     332.25535806025959573    4783
