1 9612.437711609638427      2282.3760529401229178     5
2 9856.8285406177947152     1591.1376913555520787     10
3 9420.2515783917515364     2249.0005302187491907     14
4 9222.3372175379117834     8630.2608924220130575     20
5 9216.6521516147622606     1118.5921497917092893     25
6 9256.7352539186613285     2984.1651778464379277     30
7 9258.8900459542073804     5666.6290030577820289     35
8 9309.6044963232925511     42867.159999171817617      40
9 9079.0928882202661043     6411.4105210045609056     45
10 9060.9051431421794405     2844.9697196019624243     50
11 9263.5870316711680061     18883.876099217897718      55
12 9363.2968651508381299     2920.2877694339708796     60
13 9383.58952727623182       3126.2393879348946939     65
14 9212.3939931159620755     1165.8881481525065738     70
15 9118.7135849523092475     5012.8146546880125243     75
16 9151.035483799290887      19002.327446376701118      81
17 9115.4106733714615984     14201.800315936023253      86
18 9241.6604506696021417     3199.6411103789746448     91
19 9295.1620472912418336     2782.8020101935994717     97
20 9877.9475661023698194     1167.1674649419155685     102
21 9623.4600325257542863     3292.2040474612263097     107
22 9431.374470028487849      3091.5662802747083333     113
23 9359.8780577937031921     1803.857266575883159      118
24 10445.784710013182121      4994.5669780417783841     123
25 9144.8810130037309136     2175.4123464353810959     129
26 9770.0966234259904013     3426.08020064797347       134
27 9329.7965087742250034     1816.6073042113050633     139
28 9222.9241127499790309     465.08738502802623316    145
29 9299.5404454337021889     878.48163336770028309    150
30 9740.6220922773991333     1545.3522286127365533     155
31 9488.1160079932997178     1290.237256396636667      161
32 9419.1329903269433999     1002.6366554681618481     166
33 9370.6690990617098578     1068.5555881401096485     172
34 9218.2941368602332659     907.44072491501503919    177
35 9154.2781989965696994     503.0441895401636998     183
36 9092.8923764972460049     921.34466977303463864    188
37 9226.8164074511169019     2021.7756550654321472     193
38 9423.1479578899143235     826.42323706534227767    199
39 9404.2271684429979359     395.40533949691410953    204
40 9398.3657019867951021     341.53900904715254683    210
41 9581.9772305551159661     206.43497267220223534    215
42 9243.6725550348164688     856.31394777520301886    221
43 9207.9175754991301801     931.42855583086304705    227
44 9208.9942940819273645     944.80020969269071429    232
45 10502.774244298694612        0                      237
46 10505.938517259077344        0                      243
47 14239.006084290338549      7005.7662923512834823     248
48 15074.915144613492885      17237.009080705785891      254
49 9027.2102456853190233     5191.5771054870419903     259
50 8929.5151141629539779     6288.9206026303027102     265
51 9941.1154467562409991     347.88675387929805538    270
52 9571.9657777643296868      26.878684830061601474   276
53 10013.719818226614734      129.34574367632961867    281
54 10709.790914536795754       73.112739376540474723   286
55 10335.437161997180738        0                      292
56 11148.594839887100534      339.82026064523171272    297
57 10132.072982491135917        0.16865352273144104678 303
58 10160.013634016302603        0                      308
59 9598.0154864018768421      57.564776119083603589   313
60 10240.848282314527751      23226.413289796826575      319
61 8495.9843995605951932     850.86871283925972875    324
62 8520.844949168691528      4855.1622694523084647     330
63 8501.6186225540295709     1515.7099964941389771     335
64 8495.2885699717990065     868.96211651951807653    341
65 11147.590550231449015      341.83432287725423748    346
66 9758.7881338833358313      43.074911960478686979   352
67 9258.4681271356002981     16181.716453176801224      357
68 9560.4144427270039159     283.49708173655562859    363
69 10025.254300883643737      12796.729976899881876      368
70 14795.245603979736188      19019.089915398013545      373
71 9213.602570716981063      478.40978667777625333    379
72 9406.0616418955869449      49.525982583687557792   384
73 8924.5431217421137262     185.08100323591878578    390
74 9393.4264219591968867     14895.163983377755358      395
75 9572.7715460713698121      32.446193606612908411   401
76 9826.5892574927656824     704.07976304326325589    406
77 13958.403199909731484      4803.9612642342826803     411
78 10719.148099965286747      827.63209632351538403    417
79 14532.870604909581743      30956.38127914701181       422
80 15497.743053301041073      57142.789497866469901      428
81 9803.0539716713446978     153.6271547754679716     433
82 9908.3373752100196725       0.49709317328718810591 438
83 9857.9314605290564941     11358.6382175702729        444
84 9913.7858515956468182       9.2967902672048605694  450
85 10358.160197781064198      110.7590543303982713     455
86 9838.4780305305794172      17.985375380509598386   461
87 9814.4043844769021234       4.5328789039975729835  466
88 8990.2956406188022811     385.76532853835027481    472
89 9112.6668762374738435     541.80318402840407543    477
90 10128.096209585110046        0.21968889635541238858 483
91 10137.893009122853982       87.390646086824986583   488
92 10171.1426204340205          0.01017086003674065944 494
93 10619.145947720278855        0                      499
94 10501.83846978926158       307.80459506791629565    505
95 9412.7819505084935372     3476.2530788898161518     510
96 10615.819328211755419      23995.473611413894105      516
97 9730.0486115727890137      32.433084403064682988   521
98 9751.8157908697066887      86.702974213388131375   527
99 10250.912719360994743        0                      532
100 10057.933027850100189        0.89981256920939001187 538
101 10155.712106683145976        0                      543
102 10142.836328329196476        0                      548
103 10546.036097602336667      302.18534786121142588    554
104 9020.0183561944540998     25991.670752411511785      559
105 10768.952188094979647      2912.1168510623251677     565
106 10401.540140955126844       77.958350535629037381   571
107 10009.227126327905353        0.00468106528367951118 577
108 11666.560991267462668        0.00008194174496914926 582
109 8686.0357497378645348     2588.37122383469341       588
110 10207.972398974312455      12279.005815047454234      593
111 8590.5995135928696982     2233.9323165509572391     598
112 8551.0366739012679318     7984.5130625482297546     604
113 10469.235779140270097       89.567729018248982698   609
114 10330.115586001316842        0                      615
115 9680.0923388595583674      28.885045459886089958   620
116 10895.904123762775271      4608.4108529448121772     626
117 12317.954214729024898      101.39917857238486931    631
118 9095.459999167260321      553.18902795349731605    637
119 9975.3409849969903007       0.0631821574082560844  642
120 9773.7720222889201978      47.659342975228433659   647
121 10371.890969293812304      523.33840756283063911    653
122 10376.272293454505416       49.69700989311351691    658
123 9689.1893274586054758     452.15965004859219789    663
124 12177.453549117781222      21884.663605174253462      669
125 11251.704708601522725      8928.6573743455282965     674
126 13078.702483088956797      496.23144645520875429    680
127 8488.253794115715209      239.04791519275434553    686
128 8485.2875789374702435     1516.9957629627892857     692
129 8488.4139457213714195     1576.191741945347303      697
130 11169.583477659130949      369.37258667501055243    703
131 9740.9417560694855638       5.8308232448800580983  709
132 10360.935784331966715       48.929909890116590532   714
133 11943.217876091288417      111.16770380420923914    720
134 9643.9704496511621983       8.7611302166640570022  725
135 9731.727859312788496      13685.266414787520262      730
136 9847.3155462357062788      54.331654996645220024   736
137 10209.569299313505326      361.4320864808235001     741
138 10071.838605725706657       89.925377677322302361   747
139 10373.710657464314863       53.3012107041931813     752
140 9973.6006057973081624     122.85928324073573492    758
141 11845.664270010540349      12891.289808135054045      763
142 12821.027705851327482      5419.0282055307616247     768
143 10104.468539211458847        0                      774
144 9898.4447215000018332       0.40444389477683867495 779
145 9923.0357950362613337      87.484666388069697973   785
146 10078.95406983097746       1932.038861870168148      790
147 10083.69420229149182        93.527252389330087112   795
148 11127.723036861603759      303.21819295212736733    801
149 9705.8038690487992426       8.385312579878299033   807
150 9784.1305264237907977     103.48386789716781209    813
151 13019.239176113660506      1910.9356820461509869     818
152 9021.7457003114977852     242.99634723777268164    823
153 9931.8338842062257754      78.520203849450936673   829
154 9643.2344076061999658     3109.9008779718496953     834
155 10336.622764093168371      274.4916002169520084     840
156 10331.867714702366357       41.05090888558783746    845
157 10679.602053925766086      406.85308765237397211    850
158 9994.2289693651637208     17206.939276203233021      856
159 10023.814159113157075       14.336098133669203492   861
160 9916.62384194495462       4803.0174991391822914     867
161 9991.7095821817401884       0.04300335741038192189 873
162 9332.8303096781892236     514.5104382631112685     878
163 9864.9154065794718917     342.65075486696036933    884
164 9724.0543375741926866      32.985394339811229258   889
165 10740.141775019477791        0                      894
166 11162.580125564642003      357.89929498157681564    900
167 9738.9792501337215072       5.9609135363402936392  905
168 9829.3502201365045039       6.7598819842030479776  910
169 9967.8966961387304764      25.512879745781994245   916
170 10127.991460900884704        0                      921
171 10112.961038459934571        0                      926
172 10116.201118121181935        2.6013988285160078995  932
173 10617.831305352523486      309.43342734377927172    937
174 10096.792471409818972        4.5268142062804619385  942
175 10079.536289887229941      154.95575332593818985    948
176 13005.724140483725932      317.31150356905874332    953
177 10571.234106180525487      137.77010815182745773    959
178 9833.9108814697738126     235.44838568371869769    964
179 9806.5470139859535266     366.33478106055844137    970
180 10454.096045804788446       76.710674855240853276   975
181 9938.9601096568894718       0                      980
182 9466.1120898310655321      81.12751254091448061    986
183 10105.471307379328209      2594.4677542593549333     991
184 8986.9331475837643666     304.10285728507949443    996
185 8801.4993579376914568     1434.6859973133007315     1002
186 10809.503289272321126      388.86778975256180502    1007
187 9952.6178424292847922       0                      1012
188 9675.2881004466071317     165.58829440477458661    1018
189 9739.2075821787329915       6.0718292301976841685  1023
190 9837.7802255145688832       1.6534154794726172444  1028
191 9940.5865744407383318       2.0715995633251162999  1034
192 10569.030524454474289        1.7500558592214636722  1039
193 9937.3553163448013947     108.86735105482109986    1045
194 9810.4450769465274789     1265.8829424600016864     1050
195 9790.3767182105093525     2657.7887676190730417     1055
196 10444.445924343030129      2333.3035266884594421     1061
197 13223.36686881654532       3395.1874833523702364     1066
198 9685.1684092454306665     103.69101424480349749    1072
199 9497.5959471798723825      73.519633938880858182   1077
200 9524.3354974154535739     4180.1864119128904349     1082
201 9533.0145968819560949     4167.1688774480708162     1088
202 10636.755666172797646      147.41620425727356292    1093
203 9904.0256477343609731       0.12603811138826848115 1098
204 10027.624096109295351        0.00302453690488437097 1104
205 9959.7035958707092504       0                      1110
206 11109.014216666335415        0                      1115
207 12324.415266561300086       51.289506445237663002   1121
208 9704.6454618682619184       9.1063327325986147542  1126
209 9857.2477721376872069       3.2205512654679138151  1131
210 10233.537980396868079        3.4672650606879455992  1137
211 9956.6355153847598558     100.59404887985702715    1142
212 9950.7032293219417625       0.00611403781756594735 1148
213 9954.71860022990586         1.1806891354619506451  1153
214 9766.2027943837747443     395.58144938870452734    1159
215 10122.181611121839524        0                      1164
216 10352.175198653829284       32.962676244921809143   1170
217 9881.4671290502428747       0.95188222830878765901 1175
218 9853.1677707491253386       1.5188367909128066557  1180
219 9855.9905761079389777       2.0359832852951766924  1186
220 9938.3380604560879874       0.0549473070471313968  1191
221 9916.470863383867254        0.01152652582541416684 1196
222 9960.1963444415778213       0                      1202
223 9917.4323458307353576      89.373103792482012864   1207
224 9953.5141953209658823       0.13176007131019801255 1213
225 9955.2620790793571359       0.22416716122923080468 1218
226 11730.611422342652077        0.00192887125611047395 1223
227 11639.852165234728091        0                      1229
228 9950.1941623869533942       0                      1234
229 9858.8273539614201582       0.90322671612064364677 1240
230 9866.8521711125449656       2.2069106400625644326  1245
231 10272.672495055730906        4.9474864280023682639  1253
232 9867.1550917478998599       1.3090337703576362394  1258
233 11676.404519171310312        0.00016725728223144831 1264
234 11668.830485297297855        1.0483722445739669382  1269
235 9934.1448967857650132       0.43873852525041640016 1275
236 9975.798772752739751        0                      1280
237 9932.9137346390616585       3.4447242886696494146  1285
238 9944.8007590279594297       0                      1291
239 9955.3525172331701469       0                      1296
240 9967.7005673348794517       0                      1302
241 9961.9444196221411403       0                      1307
242 9932.3625233912262047      94.054206177077873008   1312
243 9881.9665361262141232       0.24584229100912594057 1318
244 10001.614708312676157      137.6177180383718337     1323
245 9999.9960131238276517      91.936493553164282844   1329
246 9992.2715853489116853       0                      1334
247 9935.3738108873676538       0                      1340
248 9924.9286177847207          0.03047586530984424877 1345
249 9858.3506480239848315       2.4525089211117201415  1351
250 10187.217133091548021        0                      1356
251 9856.3993728767454741       1.2155226865779309442  1361
252 9911.5713604177508387       9.488622969149853148   1366
253 9928.2383236735422543       0.01358202225526306157 1372
254 9943.7828880360793846       0                      1377
255 9958.3922566299770551       0                      1382
256 9961.5605244252055854       0.33601118152656006544 1388
257 9977.0101428201141971       0                      1393
258 11678.005394973362854      481.98817253461623977    1398
259 9925.1704567297765607       0                      1404
260 9904.9773164732014266     2415.2976956423199226     1410
261 9759.4236119252618664      24.749278333434766353   1416
262 11150.009009308967507        0.84496192531989178232 1421
263 11147.794296598263827        0                      1427
264 10173.072274138598004        0                      1432
265 9851.3405866388056893       1.4333918925797561883  1437
266 9943.2130564128183323       0                      1443
267 11464.835295844839493        0.00022762908603362114 1448
268 11897.714526378947994        3.2513992550587933472  1453
269 9914.472762226134364      443.07217482217271254    1459
270 9938.3745475702035037       0                      1464
271 10018.99278498120475         0                      1470
272 9925.0438767154337256       0                      1475
273 9924.6678802394781087       0                      1481
274 9923.5735774481781846       0                      1486
275 9976.0885104147182574       0                      1492
276 9372.7945496769734746      67.611229768024557529   1497
277 9390.7459961776457931     285.99493063628312939    1503
278 12313.770407070198416      698.65654248241526147    1508
279 10122.984183355711139        0                      1513
280 9833.8984514844432852       2.0346338808330068915  1519
281 9946.5684117698765476       0                      1524
282 9916.9526819995808182       0.79194239345429795485 1529
283 9677.7085216266823409      61.10709631004167619    1535
284 9795.4331064231610071       2.8816408402253150811  1540
285 11966.573230618141679        0.14542604086029706223 1545
286 9645.9909360042674962      33.862402222051620981   1551
287 9920.6751060093756678       0.71582770939549811295 1556
288 9937.469380259502941        0                      1561
289 9814.6106770787519054       0.29217900081317405014 1567
290 11572.419819091257523        1.4867111513090427444  1572
291 9902.0743470508368773     1026.5115936439799498     1578
292 9920.5937046046146861       0                      1583
293 9876.2615355326470308       6.0243060209750494138  1588
294 9737.994132344276295      413.82464951715496682    1594
295 9743.2284068266126269     417.64362143218062329    1599
296 12038.352892160797637       78.593021516857632491   1605
297 12172.064053159896503      938.73724671292291077    1610
298 10084.989690640821209        0                      1616
299 9785.8928305290191929       4.0753453951680338463  1621
300 9693.9152355109181372      54.459245979955007044   1626
301 9702.2630507740450412      12.869998940268429166   1632
302 9915.4672603164854081       0                      1637
303 9900.89578524936951         0.13940650938625867572 1643
304 10027.869729733713029      180.76688364605377046    1648
305 9993.6955795907924767     150.3420915032342009     1653
306 11377.133137067279677       16.038718448994782051   1659
307 11440.058421012454346       15.140737103745610881   1664
308 10104.343750879688741        0                      1670
309 9789.5959439744419797       3.8291873956141762037  1675
310 9907.1488265876505466       5.7212604318515527524  1681
311 9839.3742206513197743       5.8867005066757105425  1686
312 9887.7354580488863576       0                      1692
313 9775.2244735337881139       4.0882343552881623694  1697
314 9339.4176776517633698       0                      1702
315 12979.234241712092626      262.73585197106820033    1708
316 8836.5850020630768995     15344.016561175541938      1713
317 8770.6579913172172382       3.5216907412149303092  1719
318 13436.898427709944372      2432.455374899380331      1725
319 10974.98395172342498        29.139506287179308686   1730
320 9782.4318994993191154      24.624016666870048198   1736
321 9933.8358596335401671       0                      1741
322 9332.883327819617989        2.4147562054103359763  1747
323 9338.4998448305741476       0                      1752
324 8771.1443094066817139       6.5952770652383163608  1758
325 8917.0173859893711779     214.65063244143667021    1763
326 11880.721329015825177      1632.542773088680633      1769
327 10505.517528428126752       10.315892484971810106   1774
328 9594.0663296515758702     598.6934933440010127     1780
329 9934.6396039125811512       0.00504941097262004771 1785
330 9037.544873485190692      1040.1983747497540662     1791
331 9206.3300431501775165     4504.1926849795017915     1796
332 9327.3687999084158946       0                      1802
333 9333.5330218438903103       0                      1807
334 8423.3960612628034141      71.8930685514187644     1813
335 9572.8625890964212886     195.93955277778570689    1818
336 9717.4317651792589459     278.7631872867428342     1824
337 9492.6836756603261165       3.395810470881278853   1829
338 9932.5849047481642629       0.00607833416658800849 1835
339 9326.1422320327255875       0                      1840
340 8431.5470027513001696      10.56449671087180775    1846
341 10171.542297611355025      105.69149277452972058    1851
342 8525.4537093538801855     334.6807384454058365     1857
343 9326.7389660462722532       0                      1862
344 9184.3923428990092361       0                      1868
345 9379.8173308558998542     881.34420063118091093    1873
346 8426.5907025797314418       1.0208035606326995026  1879
347 8425.4164741551776387       2.9041780836615758155  1885
348 10073.721902407716698      300.18437742001481183    1890
349 9575.9729317327619356     223.5006487842925651     1896
350 9164.0004702915903181       0                      1901
351 9096.6558142357444012     257.19812757543968473    1907
352 9090.999428160397656      340.60555782102693456    1912
353 9586.8141602778177912      32.433279835321627615   1918
354 9213.6981397664749238      27.152309765214909021   1923
355 8425.9896831522091816       3.7145508421141961719  1929
356 8347.8117704995001986       0                      1935
357 9057.6654332489706576     6777.0157776238838778     1940
358 8331.5723536705263541     114.73386294991308887    1946
359 8417.4252688971009775      64.301550874110901646   1951
360 8400.409170141296272       78.556830194123705269   1957
361 8788.7915616328918986      33.969310180552341194   1962
362 8903.6704915379978047     234.72437891871351212    1968
363 9418.4091329863222199       2.8490789039496413615  1973
364 8297.6141950669880316       0                      1978
365 8532.1755461874727189      63.010976831296737544   1984
366 8275.0852276477671694     143.16831491611534943    1989
367 8273.9713981420518394     159.7237176418895217     1995
368 8253.5237885955975798     194.3478191380351916     2000
369 8770.1155974026478361     144.21820133606658487    2005
370 8659.5552121618220554       8.1637605767059966411  2011
371 9157.3312512460543076       0                      2016
372 10582.596854052993876       12.027589911736717099   2022
373 11895.268403769468932      696.82732824250592785    2027
374 8288.0870398099559679     335.71681258102660195    2033
375 8374.0766819085565658       0                      2038
376 8470.8428857363396673      37.654593917954514382   2043
377 11668.024282935766678      174.03093365340586729    2049
378 9263.7754926522957248     4017.8446536393480528     2054
379 8325.6919110509243183     1617.4664769110715952     2059
380 9378.9410840687578457     19739.061668803075008      2065
381 13686.389766153784876      38035.44164129235287       2070
382 8502.7150490423500742      66.276992335450430005   2077
383 8200.1414906242625875       0                      2083
384 8148.814902618774795      1073.0255711103018257     2088
385 8137.7605577152180558     144.80535197785926016    2094
386 8139.4473643326973615     186.90579670018732372    2099
387 8198.6033674925110972       0                      2105
388 8798.7843083707175538     20174.595288804302982      2110
389 8145.9854013605472574     1148.7545940228551444     2116
390 8149.0658624925335971     334.9882176019208373     2121
391 8147.2284596635445268     204.5346715123606316     2127
392 8361.2054041214269091     4881.3836917215830908     2132
393 8254.3058007682884636      35.462895890907340402   2137
394 8890.6506222545049241       0                      2143
395 9219.3858324536904547     1004.8167448900323961     2149
396 9309.0444718270355224     176.93214785905283293    2154
397 12742.532002000711145      1120.2260894267353706     2159
398 8151.7160748506094023     1066.7233286178527578     2165
399 8256.5290996207058924     4539.3031333321659986     2170
400 8510.9091008468476502     698.66065668985379489    2176
401 8336.6207159772602608     5593.7358582599517831     2181
402 9442.9750921484628634     6521.3345177639903341     2187
403 11615.93643553387119       4774.3380889191221286     2192
404 12111.226866676386635      8908.0226240877345845     2198
405 8565.4087252600620559     5585.6780808706434982     2204
406 8187.0531961405313268     499.90641292776484761    2210
407 8392.3127143268065993     344.14045900318490112    2215
408 8390.0654507202343666     187.58567206511983727    2220
409 8300.0630148081600055       0                      2226
410 9119.6530362416051503     379.50745005687343792    2231
411 9936.671411617380727        0                      2237
412 8912.5655333250706462     384.74221761074676351    2242
413 8500.8875336002274707       3.7029523051490493835  2248
414 8531.021032921562437      195.18088933868432377    2253
415 8199.7776290271121979       0                      2259
416 8160.8831399090249761       0                      2264
417 8186.1376113362794058     3927.1616219600955446     2270
418 8144.612849644333437        0.012324203183344715   2276
419 8255.7936564330648253       4.6008020030910925513  2281
420 8181.390555359523205      251.73670636902511433    2286
421 8163.4049077860481702       0.67593072273744359002 2292
422 8181.1816506614359241     238.13165730792616159    2297
423 8555.464500623063941       21.787567105665946343   2303
424 8285.1647510860984767       0                      2308
425 9101.425566391350003      183.06464225914092481    2314
426 8500.2787601846121106     409.79590387391630202    2320
427 8226.1560548297948117     888.23990022236887398    2325
428 8183.9575309568936063     1499.80375651724421       2331
429 8237.4353121542080771       0                      2336
430 8166.8259741802712597       0                      2342
431 8981.2490601912577404     1294.8089542445582083     2347
432 12409.876560265664011      2059.2006285025140642     2353
433 11988.380204269449678      30632.93868721146282       2358
434 8188.1165970708389068     6819.9504489481187193     2364
435 8153.0318902685157809     1151.0667190542865228     2369
436 10310.94040123997911       1590.7840265041600105     2375
437 10510.041494131981381      138.81522510583459962    2380
438 8142.6385609412191116     169.01476245638127693    2386
439 8479.9073641969371238      69.743737802143371596   2391
440 11505.00865900194367        37.502863397252269806   2397
441 8145.6117362760014657       0.0709885808927656764  2402
442 8161.3171599748657172       0                      2408
443 8229.1827505326946266     1309.7310111264955594     2413
444 8213.121390223985145       70.025473361018768514   2418
445 8188.198000858841624       84.247762721605596425   2424
446 8214.4942050302779535     936.23659211206302189    2429
447 8244.4874508907651034      36.856471525564437286   2435
448 12114.21871225509858       3401.3729369135066918     2441
449 8468.145369444599055      712.96571934494136258    2446
450 8472.8594264879848197     718.59191585411485903    2452
451 11194.333522762977736      6267.5333223341394842     2457
452 11424.983538234781008      338.90954034003777906    2463
453 8130.6443281306592326     147.53339359854714985    2468
454 8479.8896270086206641      35.257627242708252879   2474
455 8186.8061403530900861       0                      2479
456 8146.9906691102551122       0                      2485
457 8130.1270931282379024       0.09309818639588338107 2491
458 8144.6484914988222954     215.89315377730605405    2496
459 10800.582866289782032      6234.3554346554847143     2502
460 8121.3196235056157093     124.68465900359616683    2507
461 8442.260820059427715       45.519654886658663884   2513
462 8147.860155543383371        0                      2518
463 8202.2720148561784299       1.0374121230224000456  2524
464 8150.3848554159430932       0                      2529
465 8197.500903477144675        0                      2534
466 8139.2010957739021251       0                      2540
467 8157.5069038366136738       0                      2545
468 8086.5944697043714768     354.09708064608571476    2551
469 10816.286871282210996      8900.8220145179493556     2556
470 10775.959772939115282      243.12845434365794972    2562
471 8129.0473280288733804     105.39355642318757589    2567
472 8444.0838581659463671      36.9491210533866834     2573
473 8201.7326809775404399       0                      2579
474 8119.0937456249512252       0                      2584
475 8396.466841760540774      412.48402775332067449    2590
476 8137.8603588759397098       0.48372215175508348484 2595
477 8130.9034483913328586       0                      2601
478 9015.2417355249890534     1894.6566138125640464     2606
479 8190.6732349740950667      93.844490325582086143   2612
480 8352.5836130747065909      77.804460181367943505   2617
481 8180.0707352049730616       0                      2622
482 8308.5996923579696158      13.928754165781592533   2628
483 8336.2315925240854995       0                      2633
484 8382.5497401481807174       0                      2639
485 8145.7757034066125925       9.5027724775298736404  2644
486 8155.2355701898804909     2399.6312718821923227     2650
487 8177.3309250777965644     195.2277758747901828     2655
488 8154.1544713951634549     1054.2277694272831923     2661
489 10768.386947749298997        0                      2666
490 12980.40068060874728       1397.619539393938112      2672
491 8166.3951665849554047     627.99819395294866808    2677
492 8190.0495977141763433     3543.5373562000295351     2683
493 8130.977384914553113      202.29421127641947464    2689
494 10775.589823189733579      215.32908514457596993    2694
495 8110.8575111594282134       0.05398666853807137372 2700
496 8116.1941723298996294       1.5144070363384785072  2705
497 8120.0779470516099536       0                      2711
498 8118.2222515344565181     316.18092893611515137    2716
499 8134.9375632319224678     1231.9231178844572696     2721
500 8127.210132925389189        0                      2727
501 8168.2934034418021838     680.64441227125462319    2732
502 8294.9441928887335962     531.26371326526032135    2737
503 10918.091832901842281       25.316870961527069284   2744
504 12509.222758056990642      306.05936769603528091    2749
505 8137.9877196138568252     133.90791016326147655    2755
506 8138.7250888288108399     133.86039643623487905    2761
507 11270.468488974749562        7.2208042420584828136  2766
508 11391.291050437575905        8.3671477405376162295  2771
509 8193.9869447748424136      74.469001639352455868   2777
510 8343.3273233439958858      91.906319609369859336   2782
511 8120.1562968706502943       0                      2788
512 8122.9045279480187673       0                      2793
513 8133.1293857608234248       0                      2799
514 8136.9075441223994858       0                      2805
515 8146.6379073929074366       0                      2810
516 8114.4422110929708651       0                      2816
517 8150.0253809049718257       4.7975640506474750424  2821
518 8216.237860199984425      211.26329006835163682    2827
519 8119.7894970505603851     208.55197668228822749    2832
520 10984.206838743930348      364.58737740776120972    2837
521 13443.954765374352064      4419.9445644589613948     2843
522 8217.8830247006480931      82.746695369024493516   2848
523 8357.8895448267703614      96.672400175034766789   2854
524 8114.3098130916305308       0                      2859
525 8207.2148011918125121       0                      2865
526 8089.8945879039938518     495.69398099290839355    2871
527 10229.427253604240832        9.2939445795605060141  2876
528 10592.175154076316176        3.2797052022715456054  2882
529 8141.6473857118753585     149.00508866056998158    2888
530 8355.7259731694866787      97.768607543463005527   2893
531 8098.5166380978480447       0                      2899
532 8116.7726492502270048       6.7298906206561692755  2905
533 8145.1685618670153417     3453.7396432014188576     2910
534 8148.0195901178203712     3459.2384108032251788     2916
535 10742.652159000333995        0                      2921
536 10403.610094682115232        0.38936842433538809694 2926
537 8346.4963794343566406     102.57419160416270643    2932
538 8106.6500991624088783       0                      2937
539 11511.125724209750842        0                      2943
540 8094.0986770449580945       0                      2949
541 8165.4363432040690896       0                      2954
542 8088.3603120801426485       0                      2960
543 9934.7042295911214751       0                      2965
544 8088.3155285919619928       0                      2970
545 8126.8994911645140746     537.90925012664149563    2976
546 9608.0996166768491094       0                      2981
547 8087.900000917894431        0                      2987
548 8171.8694385389826493     2743.7797282938631724     2992
549 8266.7066693116757961      18.760966689960188347   2998
550 8085.2201520833186805       0                      3003
551 8098.4782016195849792      65.790883107609332114   3009
552 8088.7297691094972834       0                      3014
553 9609.2635763503567432     293.47110237293287582    3019
554 8331.375853974799611       90.918955883816167329   3025
555 8507.3630213411088334     196.01671967705192401    3030
556 8116.7867020795029021     132.21460733503718643    3036
557 8130.4098780095428083       2.039061730372790926   3041
558 8101.4254296636045183     131.99070199472251375    3047
559 8111.1615743674674377      39.733137807817890064   3052
560 8798.5796777395207755     506.6712593975653931     3058
561 8109.0421205485545215     3961.1087116787703053     3063
562 8491.9681973501028551     1254.2914756096329256     3069
563 11566.502242647167805      444.82962183759809704    3074
564 11698.97681884645317       461.15997424411733618    3080
565 8206.5321276100221439     6334.9477900714400675     3085
566 8084.0748311642628323       0                      3091
567 8183.8997424089002379     231.66674880054907248    3096
568 8089.4657951102471998     165.37241409792093805    3102
569 8083.6113426970177898       0                      3108
570 8086.3012054394312145       0                      3113
571 8172.4943861332094457       0                      3119
572 9611.4918183358622628     929.39269484758767703    3124
573 10307.483764043347037      293.32871028219022946    3130
574 8140.1330637306100471      75.64521593018072565    3135
575 8331.6839637371012941      83.610133609417644607   3141
576 8088.4303675482433391       0                      3146
577 8084.8854013641939673       0                      3152
578 8119.7032735510347266       3.1500757588530365894  3157
579 8108.2053086843225174     1049.4519143805762269     3162
580 8161.932621692286375       44.387862926230710059   3168
581 8083.9773182390572401     358.57909106142295741    3174
582 8090.4730925529856904       0                      3179
583 8309.2822161385520303     134.94927404697352813    3185
584 11386.712929502520637      5018.9259414136085979     3190
585 11866.689950329795465       35.615018166366660068   3196
586 8096.2078500711295419     181.19502005849827242    3202
587 8087.9481988920852018       0                      3207
588 10304.822474280503229      6612.5847555841937719     3212
589 10432.425435916000424      4284.5263237994840892     3218
590 8091.800952067948856      236.92859419319356107    3223
591 8164.4571227343785722     117.96495216449753229    3229
592 8300.3026241819297866      92.803486826863831993   3235
593 8086.9742708658413903       0                      3240
594 12218.216520111076534      168.34547978236176391    3246
595 8093.3298215713857644      27.422453013757703388   3251
596 8088.8891215335597735     109.0884465384014419     3256
597 8083.4864764188878326       0                      3262
598 8083.2921956218769992       0                      3267
599 8083.2605489415655029       0                      3272
600 8085.7659485370495531       0                      3278
601 8084.322254328037161        0                      3283
602 9808.8187176306291803       0                      3289
603 9807.4883486445251037       0                      3295
604 8198.0579162941357936     183.13750703147394461    3300
605 8213.2890306986300857     153.62759812338848064    3306
606 8114.058399213858138        0                      3312
607 8083.4129017560999273       0                      3317
608 8083.3351762764432351       0                      3323
609 8111.3323297385568367     713.79305211854648405    3328
610 8086.2295018147669907       0                      3333
611 8088.9087327441893649       0                      3339
612 8195.6910892322302971       0                      3344
613 8103.6173517327133595     233.82005181582687214    3350
614 11269.475354723601413        4.0136962436898455664  3356
615 11932.085571635660017       66.123413676628231883   3361
616 8083.9050414721505149       0                      3367
617 8083.5085924208096912       0                      3372
618 8084.1883260572549261       0                      3378
619 10555.243373233150123       15.387050312024456389   3383
620 11736.658603793515795      613.81440672922894919    3389
621 8167.0586619734149281     162.96117704577881113    3394
622 8234.816384587340508      129.62018520623095696    3399
623 8084.36978455672579         0                      3405
624 11624.01693518673892        12.660702233454180998   3411
625 8083.4016093870886834       0                      3417
626 8085.1978322886398018       0                      3422
627 8083.428602508505719        0                      3427
628 8083.6349273890518816     337.03050076461124718    3433
629 8085.1351489024227703       0                      3438
630 8090.3921634193302452      76.64423803444711325    3444
631 8096.8884846362279859      17.88813823680397519    3449
632 11745.336402201754026       14.61886057016657503    3454
633 8093.5716694299180745      87.202703047023561567   3460
634 8088.0220683014231327       0                      3466
635 8092.0110310999716603     161.63004369195297727    3471
636 11446.235710241415291      167.31912320295535324    3477
637 11445.447205438373203      143.0571365140736475     3482
638 8268.7750041075905756      73.804495987855943895   3488
639 8133.3004159871697993       4.7258335224901859561  3493
640 8084.3907127050979398       0                      3499
641 8084.0044965903498451       0                      3504
642 8085.8571333653517286       0                      3509
643 11843.427001013647896       23.546619454182689424   3515
644 8083.2109090244548497       0                      3520
645 8084.29264489286561         0                      3525
646 8084.7275521646752168       0                      3532
647 8084.8060655725485049       0                      3537
648 11788.861377007004194      367.48944381110050017    3543
649 11949.938338328349346      2532.2388891574951231     3548
650 8217.825834048757315       68.549129788305378952   3554
651 8210.8572427493891155     136.30052539834017011    3559
652 8083.4552474043157417       0                      3565
653 8089.2528924832186021       0                      3570
654 8087.5897276041432633       0                      3576
655 8086.6350149856552889       0                      3581
656 8083.4060636173571766       0                      3586
657 8084.1325811126698682       0                      3593
658 8085.1504410120442117       0                      3598
659 8083.5642130226597146     341.83615484003183838    3604
660 11613.048192427871982        0.0000916516566984     3609
661 11762.663711132376193      245.59273223987941037    3614
662 8089.9232472772391702      99.848443621762953626   3620
663 8084.3765607849445587       0                      3625
664 11969.945373401624238        9.6290615394132057503  3631
665 8083.9579659298578918       0                      3636
666 8082.4949334841676318       0                      3642
667 8087.6000608193808148       0                      3648
668 8082.0530940807675506       0                      3653
669 8082.6491525681767598       0                      3658
670 8082.1627867435181543       0                      3664
671 8082.0530940807648221       0                      3669
672 8082.0530940807602747       0                      3675
673 8082.0530940807675506       0                      3680
674 8082.1002151027523723       0                      3686
675 8090.7535491617809384       0                      3691
676 10721.634073289940716       54.580434273207536933   3697
677 8082.1376904986018417       0                      3702
678 8082.0618592804366926       0                      3708
679 8083.0690598364899415       0                      3713
680 8085.6257955069213494       0                      3719
681 8088.2064813047127245       0                      3724
682 8089.8430530383275254       0                      3730
683 8099.8128449509767961     155.61385915519693413    3735
684 8082.9173296137059879     347.5735401753190672     3740
685 11265.533790345978559        1.2381292980141045401  3745
686 12097.500080186578998      1169.8611418692069037     3751
687 8088.6745511802891997     113.31816634010954203    3756
688 8081.9325868044588788       0                      3762
689 8089.1308242483919457       0                      3767
690 8081.9883035719394684       0                      3773
691 11257.393719833391515       55.562279422461031686   3779
692 11263.253890340782164       55.110115828330314969   3785
693 8105.7984399293100068     170.52325110293705279    3790
694 8182.9408167027268064     150.0409466374319436     3795
695 8082.275712540062159        0                      3800
696 8083.1395781002365766       0                      3806
697 8090.44812599458146         0                      3811
698 8082.9392500841740912       0                      3816
699 8087.8986178136783565       0.05622026085239456572 3822
700 8090.4202214997094416       0                      3827
701 8089.6319101059280001       1.0462145035219996281  3832
702 8094.4104927900325492     163.28479868619990611    3838
703 11489.322549349313704        0                      3843
704 11877.564779409291077       41.044746049933330312   3849
705 8081.9606765028720474       0                      3854
706 8083.8056152254193876       0                      3860
707 8081.9151187665447651       0                      3865
708 8081.9907422604701424       0                      3871
709 8081.9171294087445858       0                      3876
710 11203.056670566194953        0                      3882
711 11243.818057071464864        3.6196744775466229704  3887
712 8104.4877888432356485     158.58413651711541092    3892
713 8141.4637980029128812     214.70828215959627983    3898
714 8081.9393382369444225       0                      3903
715 8082.4357018237760713       0                      3909
716 8089.6401467014629816       0                      3914
717 8090.6560086708486779       0                      3920
718 8082.2138790876415442       0                      3925
719 8083.2423845798457478       0                      3931
720 8082.7573344911561435       0                      3936
721 8082.1613274427982105     332.23394583499276678    3941
722 11947.090643537416327       63.676251250010700744   3947
723 11432.126788608175048        0.19953307690735222479 3952
724 8082.0565088458070022       0                      3958
725 8082.0624121837081475       0                      3964
726 8087.1665596893426482       0.47234553387243777278 3969
727 8087.2367903727381417       0.94726248875379504    3975
728 11527.815178848368305        0.03226266534491849247 3980
729 8087.470474994268443      290.00404302951079671    3986
730 8083.3145955041209163       0                      3991
731 8081.9378311566788398       0                      3997
732 8082.3349362574535917       0                      4002
733 8081.9965014722474734       0                      4008
734 8082.6383444868060906       0                      4013
735 8083.4593298740956016       0                      4019
736 8082.9550831768283388       0                      4024
737 8084.228044322486312        0                      4030
738 8082.4016689078152922     320.65879827065600693    4035
739 11611.980910348171165      549.36732747378721342    4041
740 11744.840426128328545        0                      4046
741 8082.4858290078491336       0                      4052
742 8082.060354465720593        0                      4057
743 8082.1373597324600269       0                      4063
744 8083.9132164330849264     312.21082968465890417    4068
745 8082.3426471123520969       0                      4074
746 8082.0067524052610679       0                      4079
747 8082.0114490270962051       0                      4085
748 8082.1268952343943965       0                      4090
749 8082.2395219880236255       0                      4096
750 11686.88221765047092         0                      4101
751 8081.9424887633231265       0                      4106
752 8082.8215399846922082       0                      4112
753 8088.431647385069482      108.50809108498332023    4117
754 8083.655902164769941        0                      4123
755 11651.134162296621071        0                      4128
756 8082.3412442390090291     346.40996396749164887    4134
757 8082.0298962760316499       0                      4139
758 8082.0367982170228061       0                      4145
759 8083.8014922638176358     313.58313120124790885    4150
760 8083.0514505894698232       0                      4156
761 8081.9750198636475034       0                      4161
762 8082.0464291553926159       0                      4166
763 8081.9366594670918857       0                      4172
764 8081.9280113483082459       0                      4177
765 8082.8426072193851724       0                      4182
766 8084.0021683262493752       0                      4188
767 8088.3236395974745392     110.48412559570931535    4193
768 11637.741050770742731        0.12167274947206807578 4198
769 11704.0913972764356        532.48423028644435817    4204
770 8084.3769180861590939     511.04336860483761029    4209
771 8083.7156419879866007       0                      4214
772 8082.1957503036601338     329.22687037642708674    4220
773 8081.9574625372115406       0                      4225
774 8081.9475359718326217       0                      4231
775 8081.9356889849641448       0                      4236
776 8081.9193173883568306       0                      4242
777 8081.9335725211649333       0                      4247
778 8081.9888256743797683       0                      4253
779 8082.921853521356752        0                      4258
780 8082.7533523686252011       0                      4264
781 8082.1636453991632152     333.09223647733989537    4269
782 11670.81260574145017         0.00409747133672946039 4274
783 11668.265793328004293      479.41408966259717772    4280
784 8081.915516104035305        0                      4285
785 8086.0231351978300154       0.01089567320150202322 4291
786 8086.0163060684753873       0.02050742213212423601 4296
787 8082.2198600093115601     327.85386356570637645    4302
788 8081.9523531729191745       0                      4308
789 8081.9477039227140267       0                      4313
790 8081.9192505610044464       0                      4319
791 8081.9174166122020324       0                      4324
792 8081.9191705067705698       0                      4336
793 8084.0226160387064738       0                      4346
794 8082.9199913934462529       0                      4356
795 8082.7535575608653744       0                      4362
796 8093.054787407774711      329.82219143142964413    4367
797 11668.219952687242767        0.00234098703778727385 4373
798 11667.423918485139438        0.40361371006309176845 4379
799 8087.9163542006017451     924.59900522007819745    4385
800 8082.7891565198378885       0                      4390
801 8084.873982286001592        0                      4396
802 8088.3106565729167414     111.28644405862740996    4402
803 8081.9164449962108847       0                      4407
804 8081.9163619098098934       0                      4413
805 11665.089032403257079        0                      4419
806 8081.9444769443443874       0                      4424
807 8082.9494417432606497       0                      4430
808 8082.9484890411067681       0                      4435
809 8083.9899556892614783       0                      4440
810 8088.3138388602419582     111.14183705929970358    4446
811 11667.224453343636924        1.1070764092075833229  4451
812 11670.761969384087934        1.2792139316550417139  4457
813 11666.732294460192861      258.66594592657088469    4462
814 8083.5047669410532762       0                      4468
815 8085.2399555733463785       0                      4473
816 8082.2222039841008154     327.57370301102480425    4478
817 8081.9429209166783039       0                      4484
818 8081.9162248666143569       0                      4489
819 8081.915520755437683        0                      4495
820 8081.9191948144516573       0                      4501
821 8088.3112017078010467     110.63846833697694194    4506
822 11662.586141487290661        0                      4512
823 11673.107291932314183        1.1740973810288550805  4517
824 8081.9175917182537887       0                      4523
825 8081.9898539490441181       0                      4529
826 8082.8039767278078216       0                      4534
827 11661.08491112108095         0.41873590595679827109 4539
828 11663.196699167949191        0.41365429831357336532 4545
829 8082.2118047252133692     328.12568962270813699    4550
830 11663.020466579231652        0                      4555
831 11670.541178194864187        0.00197859337856842949 4561
832 11661.365785583357138        0                      4567
833 11665.47534658452787         0                      4572
834 8081.9904444413514284       0                      4578
835 8082.0172069812315385       0                      4583
836 8083.992919881871785        0                      4589
837 8086.6461067866348458     126.43516629327162093    4594
838 8082.1628865455622872     332.7873980549691737     4600
839 8082.4954242079693358     358.87015193794564993    4605
840 8089.1768535432129283     117.73378167835710428    4611
841 11664.566680873938822        0.00198368472964072446 4616
842 11669.219411172276523        1.0336099050264626609  4621
843 8084.2093303282890702       0                      4627
844 8083.6300074206328645       0                      4632
845 11655.397649291198832        0                      4638
846 8081.9195003569775508       0                      4643
847 8089.1634059399257239     116.25783969145419405    4648
848 8088.3066685867297565     111.45378998320082076    4654
849 8083.0132997880018593     322.71704709261143762    4659
850 8082.1660247780391728     330.84516020889827814    4664
851 11670.576883414536496        0.00000095736474442585 4670
852 11664.449556415438565        0.00017021484934809052 4675
853 11682.650981938992118        0                      4681
854 8081.9235196297977382       0                      4687
855 11664.455022304164231        0                      4692
856 8082.8236653431995364       0                      4698
857 8089.1544967543686653     117.61108264802173551    4703
858 8082.998138912075774      321.30702205298086938    4709
859 8088.3225361445338422     111.64644903179595303    4714
860 8082.1720281186817374     333.95146206974601455    4719
861 11666.678352406273916        0.00164437244538615966 4725
862 11675.089307331352757        0.39816195196905046494 4730
863 8081.9193024226551643       0                      4736
864 11662.552164101578455        0                      4742
865 8081.9450563938416963       0                      4748
866 8081.9469992680951691       0                      4753
867 8081.9444901388551443       0                      4759
868 8081.9164202459924127       0                      4764
869 8081.9206835495442647       0                      4769
870 8082.9225881519987524       0                      4775
871 11668.580615256090823        0.00132956667980616786 4780
872 11677.235468314433092      528.65835942659032298    4786
873 8081.9189695995737566       0                      4791
874 11688.395804527577639        0                      4797
875 8081.9563460674153248       0                      4802
876 8087.4606200460193577     132.79726261046857871    4807
877 8083.3584437521640211     347.51930247404675356    4813
878 8082.4924401733624109     358.00110906883207917    4818
879 8083.9727637076330211     552.41655442871160631    4823
880 8093.7964969378899696     365.50702969203865678    4829
881 11666.542452755193153      482.19371158684805323    4834
882 11679.331730235817304        1.0817755521731564627  4840
883 8083.9855062337210256     548.3523089886859907     4845
884 11654.915368321051574        0                      4851
885 8081.9469002222795098       0                      4856
886 8082.0200590745680529       0                      4862
887 8081.9851735521779119       0                      4867
888 8083.9861339457511349       0                      4873
889 11671.609566093269677        0                      4878
890 11669.336402645993076        1.0987121481579500415  4884
891 8082.4910330404281922     357.11141423587446297    4889
892 8081.9448984766559079       0                      4895
893 11653.614400700418628        0                      4900
894 8082.229081820063584      327.01348226364473248    4906
895 8081.9567303851445104       0                      4911
896 8081.9441515629841888       0                      4916
897 8082.9193661255776533       0                      4922
898 8082.7986017235580221       0                      4928
899 11664.605518178937928        0.00000107288657698484 4933
900 11676.55416277956283         0.00000084873863210051 4939
901 11694.521484834509465        0.00000056364478279683 4944
902 8081.9195738884627644       0                      4950
903 8081.9193024226451598       0                      4955
904 11656.248880713586914        0.00847302096715345752 4960
905 8081.950947236610773        0                      4966
906 8081.9951015863762223       0                      4971
907 8082.1660826803654345     332.25535806025618513    4976
908 8083.9978475939660711       0                      4983
909 8088.3190959501562247     110.65097358313781228    4988
910 8092.1322378396334898     261.75434305417547876    4993
911 8083.9756112238274        547.48827181239164474    4999
912 11698.521445152720844        0.00130887628681105022 5004
913 11690.526861290774832        0                      5010
914 8092.6285291783888169     5433.913480756208628      5015
915 11748.742787530421992        0.00000006176952072862 5020
916 8081.9438584510317014       0                      5026
917 8082.0157739225351179       0                      5031
918 8086.6460843988415945     126.25655311042433482    5037
919 8092.1505515320450286     262.87604937191775889    5043
920 8093.0698683399059519     331.33518891753271873    5048
921 8082.4963628036393857     359.16389207632767011    5054
922 8083.9802525684317516     552.60855529719049173    5059
923 11743.15009705486591         0                      5065
924 11757.481486011420202      598.40104135031299393    5070
925 11914.280208991656764        0                      5076
926 8081.9879530598282145       0                      5081
927 8081.9815468447695821       0                      5086
928 8081.9186758322130117       0                      5092
929 8081.9171255172241217       0                      5097
930 8081.9953417875767627       0                      5103
931 8082.755268224656902        0                      5109
932 8084.8643512088383432       0                      5115
933 11746.830178055110082        0                      5120
934 11755.265519088970905      598.49006095544314121    5125
935 8084.2078836312975909       0                      5131
936 8081.9155516068603902       0                      5136
937 11753.538158294553796        1.0970147100290725817  5142
938 8082.1625053116522395     332.53839088270393631    5147
939 8081.9845543998353605       0                      5153
940 8081.9201433881307821       0                      5158
941 11752.7869944084905          0                      5164
942 11744.70298059407105         0.00006928513746382714 5170
943 8082.1612705532816108     331.6806402587827165     5175
944 8084.0109668614495604       0                      5181
945 11729.143666638427021        0                      5186
946 11736.450580601516776      232.52006710032580372    5191
947 8082.9540600802374684       0                      5197
948 8082.9249325361206502       0                      5202
949 8083.6266521985007785       0                      5207
950 8082.7587413767359976       0                      5213
951 11747.392883630243887        1.1639836872551188041  5218
952 11751.359048477061151        0.40239258660497279063 5225
953 8082.7534164636836067       0                      5230
954 8082.7553443563438123       0                      5236
955 11756.597790460393298        0                      5241
956 11740.897471124382719        0.00128841700081122569 5247
957 8081.9206835495560881       0                      5252
958 8082.7830175613889878       0                      5258
959 8086.6729825294632974     126.40845594601120183    5263
960 8084.685609895061134      312.16588792439739564    5268
961 8089.1807516724702509     117.91883851510948489    5274
962 8082.19016254827784       332.58070078198488773    5279
963 11746.617293980270915        0.00001792013144966531 5285
964 11755.559030770655227      549.05591062347764364    5290
965 8082.4908449041131462     356.53675292935832886    5295
966 8082.7539192050371639       0                      5301
967 8083.0049185468660653     323.52065439346978337    5306
968 8088.3217551453044507     110.32796767586899023    5311
969 8089.1585425034600121     117.43899251072353707    5316
970 8088.3114969337693765     111.95921709217090267    5321
971 8083.0021041273375886     320.78370714416809051    5326
972 8082.1675192900202092     332.80885166625824922    5331
973 11750.462246953000431      235.21276515801326923    5336
974 8081.9162446564741913       0                      5342
975 8081.9922880056928989       0                      5347
976 11739.885389603912699        0                      5352
977 8083.512191595990771        0                      5357
978 8083.9971784219733308       0                      5362
979 8083.4318791422319919     325.93745783201882205    5367
980 8083.0007325325132115     322.15116088679150153    5371
981 11746.734286332950433        0.00127674868858793284 5376
982 8082.4915085665943479     357.40441088859716956    5381
983 8082.7545559941036117       0                      5386
984 8088.3236718480202398     111.97178318650823314    5391
985 8089.7735800339805792     139.95374816490144099    5396
986 8083.0137154835110778     323.54166759261113384    5400
987 11753.394404814676818        0.49742371335237567376 5405
988 11746.837047365581384      266.32133702946379117    5410
989 8082.4958025967744106     358.55485589049550299    5415
990 8082.9244004444226448       0                      5419
991 8082.8036507160431938       0                      5424
992 8084.016562533925935        0                      5428
993 8083.9933251506890883       0                      5433
994 11745.21665394935917         0.50306269714818030447 5438
995 11752.880274522212858        0                      5442
996 8081.989290927809634        0                      5447
997 8081.9929714388790671       0                      5451
998 8084.8545969758542924       0                      5456
999 8083.9926486939211827       0                      5460
1000 11748.836339709347158        0                      5465
