1 9140.0942947054045362     377.01725396892271647    4
2 9076.888805181157295       18.280998545032378644   8
3 9261.9328611310447741     155.15268529255547492    12
4 9143.4392839407719293      28.696769602765684226   16
5 9072.5882256700169819     441.1986633471319692     20
6 9075.2295535053053754     117.23705804168905331    24
7 8961.9777721928694518     696.98485275817529327    28
8 9376.4399394382544415     383.99708399440049789    32
9 9067.5768870449428505     1174.7466241667004851     37
10 9207.7949207164419931      13.126424394571570176   41
11 9087.7173124738510523     1951.1534278380224805     45
12 9005.7355618710971612     5051.6365300948800723     49
13 9678.0216299906314816      62.098984355341684704   54
14 8857.5196872586075187     177.58784628489311785    58
15 8811.5688909287382558     111.68575234947270758    62
16 8848.6148398369550705     192.88459717408983352    67
17 9271.8993612875237886     131.91988003038338206    71
18 8980.4319965427857824       0                      75
19 9228.7715366417687619     212.15746558274526024    79
20 8983.9499220188627078     291.16897863848595307    84
21 9582.2048623997870891      35.68107597951733112    88
22 8928.5211961998611514     383.30503545031439216    93
23 9463.7965166496651364     414.64608032355619116    97
24 8999.5187467926625686     296.95536118363850164    101
25 8983.6603742814950238       0                      105
26 8994.9431180738974945       9.1127820019402658858  110
27 9001.8767405976359441     248.49318434092072039    114
28 8849.6745384879250196       2.5870446348592635033  119
29 9410.5676320235779713     3921.9909202427706987     123
30 8707.1164795631739253      61.328630722556596311   128
31 9140.1616271158727614       2.8271185569563153095  132
32 9621.5202251601804164     255.05848258506944148    137
33 8926.6982920788905176       0.07751692750112940122 141
34 8994.5601920354238246       3.556884644415835961   146
35 8803.8249179761878622      87.031277886412198086   150
36 12155.884679566706836      1129.0267064061220026     155
37 9225.984496218185086      1963.6851937717840428     159
38 8927.5770931588103849      80.437317264187427668   163
39 9084.5692548524457379     1350.9298138502217626     168
40 9366.9844681368740567     1187.7135582855730718     173
41 8472.2844762827262457      19.025183141126749575   177
42 8407.3892173986932903      24.531094240847696852   182
43 9814.3035775684238615     109.2216201838127887     186
44 8772.1575490700524824       7.9494707904247441377  191
45 9085.9273869747703429     6354.799083876718214      195
46 8889.744847897451109      202.98775637308168029    200
47 8583.7115170406977995     460.77903658068163395    204
48 8600.3726501767123409      12.267745381768550672   209
49 8675.8252900143052102       6.4006300272622995706  213
50 8951.8247730176426558       0                      217
51 9192.2729891785820655     164.39773438013327223    222
52 9481.4234402174351999      89.559189674239689793   226
53 8801.878350170529302        6.0036218445737601357  231
54 9457.6327607296225324     2593.5552004670844326     236
55 8503.0466645079668524      23.465606132656972704   241
56 9528.7233404424805485      65.350288938241519077   245
57 9528.3524705330582947      82.179135751578201052   250
58 9482.2747734784734348      73.265335681972672432   254
59 8786.0641486663407704     110.80075882490677941    259
60 9618.8813982283572841     631.21821717666114182    263
61 8737.1396775281555165     4751.5055742057229509     267
62 8919.7881094902531913     329.83217519838086673    272
63 12660.759617250600058      4265.4306610141438796     276
64 8195.5340767613524804     947.42274052099583059    281
65 8781.1903539939630718     5936.9863498791182792     285
66 8872.5854650905730523     1685.9602658659161989     289
67 11711.806148022449634      14540.441110537223722      294
68 8176.1954726198673598     2516.2288731220573936     299
69 9077.1994901784910326     318.1445431107931654     303
70 9063.3341018133742182       0                      308
71 9127.964797331362206       73.345687157628276509   312
72 9596.2833895237417892     100.132444241255115      317
73 8802.3690595456337178       4.6117156481747469954  321
74 8555.3993574351152347     993.76533438448245761    326
75 8664.5009983568306779     3040.5609255376871261     330
76 8822.8924163067822519     877.20188168236586534    334
77 9228.3586540355172474       0.20292245903470459978 339
78 8730.614227378528085       25.695168412501107724   343
79 9250.6034269707088242     497.25379552286170792    348
80 10481.17217318708208       371.5730087244776314     352
81 8876.3843060122489987     1813.3056557271077054     357
82 8341.16861756254184       12132.473838872589113      361
83 10968.368042204598169      3355.4442785259770972     366
84 9403.191300789356319      6023.2967861216975507     371
85 8781.6618656964747061      33.45906988460921383    375
86 8657.8468796480046876       1.5356501605614134576  380
87 9677.7301015239081607     114.0991931611793575     384
88 8805.4147515029653732       6.3289439408995544767  389
89 8797.3993526291615126      84.346229830992243137   393
90 8699.7844805944823747      13.101245744835557261   397
91 8925.2487360311042721      64.193796475075117769   402
92 8928.3579410851780267     103.16932780489868549    406
93 9099.3921902668771509     100.58658538755642553    411
94 8857.2490968108213565     1090.7126397429913141     415
95 8844.5588988377985515     417.52983516932681596    420
96 9284.965970732158894      261.23013000302228193    424
97 8744.1806186941066699     3445.0235548602850031     428
98 9120.1647761414787965     495.03883670970731146    433
99 8805.3813014079132699     109.68893785943267005    437
100 8798.9867773542082432     190.74497856998868883    442
101 8729.3737603101217246      50.257458043485584653   447
102 8728.3435628087918303      19.025929818135718818   451
103 8807.8058685171363322     192.34013897929781933    455
104 9721.2722308265547326     111.81003786963226787    460
105 8789.9752808339217154       7.6588329368897678506  464
106 9023.948574007343268      263.74547221863002733    469
107 8879.2136562191572011     400.71074802571666851    473
108 9060.3715235131185182       0.00002487550717024647 477
109 8962.1346388183555973     491.0406747952264368     482
110 9000.1901544395987003     3052.3415794941065542     486
111 8923.2604695814115985      96.526972271991695607   491
112 8919.6889483665036096       0.58909015747914927896 495
113 9096.6805447779261158       0                      500
114 9016.7574448704726819       0.74406781969217528072 504
115 8827.2648384974945657     234.15062804885261016    509
116 8965.9084226396844315     3815.4487066661413337     514
117 9538.6076627228794678      27.906585434575923443   518
118 8914.5203455781756929      81.72374617926107021    523
119 8954.2756424643084756       1.2494180009821405086  527
120 8640.5222582130118099      15.941928326075418099   532
121 9779.998603207497581       60.757178481241759016   536
122 8877.6064351504737715       0.33548858795434716162 540
123 9114.96202443331822         0                      545
124 8887.0395376598407893       0                      549
125 8769.1784605805914907       0                      554
126 8500.1979040064106812      32.276301475061764279   558
127 9533.4920852212344471      26.764571958747946923   562
128 8769.8175911188245664     164.29674052121976047    567
129 9904.8512376214675896      17.933691942373055639   572
130 9974.3788722483550373      41.935083360915299977   576
131 8679.2036630988350225       2.431180093127522035   580
132 8740.0311425757754478       0.07692981500969273134 585
133 8767.8424992405998637       0                      589
134 8763.8424087295679783       0                      594
135 8751.9123307654790551       0                      598
136 9538.8324750548235897      27.522179529807893061   603
137 8887.4913863526198838     117.85261664926417779    608
138 8846.5127094382823998       4.6593553325278254107  612
139 9912.640689178249886       44.999347830940699566   617
140 8721.6182709372369573       1.2255347090211528016  621
141 8898.8855674586557143       0                      626
142 8878.1821789756904764       0                      630
143 9019.0043260357815598       0                      634
144 8671.3314485295850318     851.63862149990950456    639
145 8676.5725603094706457     744.10893337294169214    643
146 8752.798598056733681        0                      648
147 8750.8740273773873923       0                      652
148 8750.5450387240416603       0                      657
149 8889.584933158927015        0                      662
150 8818.4779414914937661       4.0781698916977129343  666
151 9772.5384680036331702      63.559044390069118435   671
152 8723.8298016770022514       1.2778898845919914873  675
153 8897.5168848156790773       0                      680
154 8470.820897558462093      824.03559615345602651    684
155 8537.23992787503812       394.81352782420759695    689
156 8734.2135854663501959       0                      693
157 8735.9311129931938922     171.30202897224128833    698
158 8909.0195398263567768      13.2784077800154936     702
159 8468.3141308037538693      42.054854339865755719   707
160 9771.8363312550864066      59.658561755573742857   711
161 8610.356429978270171       10.138775086601690134   716
162 8501.2181622742391482       7.8916086573760635403  720
163 8358.6688604658011172      68.479650430098928382   725
164 8551.840351577160618      508.80389233860978493    730
165 8734.4821894815340784       0.94827379444661641372 734
166 9022.3541587414765672      61.057160883696006692   739
167 9175.464779985610221        3.6462986872230116475  743
168 9496.3297018395587656      55.380232137728377495   747
169 8734.795148705761676      123.7546263972253513     752
170 8599.4842854547023308     570.64748767520666206    756
171 9778.3343728934760293     7859.1521473725051692     761
172 8369.5345166130209691      82.219746905156739558   766
173 8898.5548122824147868       0                      770
174 9902.0011622343481577      40.55737408313015635    774
175 8565.9462628577639407      15.688258530551467018   779
176 8681.3734966025549511       0                      783
177 8621.3917931692776619      30.17718253381926985    788
178 8694.7265453438485565       0                      792
179 8688.911860612770397        0.00530919625804861153 797
180 8817.8384108669997659       0                      801
181 9426.9064953948491166     135.06530344110427677    806
182 8569.4078535549288063      31.576882315196389328   810
183 8795.3255854007111338       0                      815
184 8428.0265865476176259       8.0657842688283789556  819
185 8690.193327279343066      170.86655292351187541    823
186 8696.3661336159639177       0                      828
187 8968.7209685369416547     221.42349978498575069    832
188 8633.5051106497121509     241.67810245514814937    837
189 8746.0098216539790883     425.58269189370133745    841
190 9015.6716590093055856     358.48461780869934046    846
191 9048.4745262955202634     693.71128506286390802    850
192 9086.9735611731230165     483.81053072082852395    855
193 8646.8975502119701559     727.47493925575963658    859
194 8614.287979011915013       35.303008648714246931   864
195 8668.8068841697513562     104.83546811370359819    868
196 8668.970800482775303      104.24043049987901099    873
197 9005.8315183069171326     1735.977543362739425      877
198 9558.6473577910710446      78.166268156503761588   882
199 8699.628566858904378        2.6520440622274987774  886
200 8795.8272258905108174       0                      891
201 8624.2140634726019925       0                      895
202 8504.3718099428406276      72.95116388556630227    900
203 8770.5008656260379212       0                      905
204 8729.2982791523281776       0                      909
205 8729.487448770825722        0                      913
206 8906.5267746300778526       0                      918
207 9354.8311004226379737      84.086243450540422373   922
208 8718.9127207254041423       3.9504166302120085064  927
209 8560.095376949862839       12.750446901703460512   931
210 8416.9151353691831901      34.171635510666121149   936
211 8486.5527927504899708     496.28525454946856144    940
212 8619.7438595085386623      75.9463183560197308     944
213 8619.5925077819520084       3.5788964861316898691  949
214 8621.4798233750098007       0                      953
215 8620.1894901412488252     217.21147576755075193    957
216 8734.00152786192848         0                      962
217 8480.2178736281002784       2.7546579751560953397  967
218 8481.1838664995502768      20.418210572168586481   971
219 9193.9136420382492361     148.63734245664855393    976
220 8717.8286988992003899       4.012237520090049081   980
221 8548.0356905253302102       4.0427858734604615876  985
222 8466.9661821959689405     149.73476463735093489    989
223 8546.1344343696964643     133.37756886751958518    994
224 8631.1367463805090665       0.33589396304962421125 998
225 8754.8318004749598913       0.07414095796594138976 1002
226 8610.9369410946819698       0.20159464867575382918 1007
227 8719.0125501790062117     155.32137506622333945    1011
228 8539.4080093416177988     593.57545684151511978    1016
229 9362.969589259741042       65.050802344740404237   1020
230 8877.62431772625132       157.66515536292234856    1024
231 9029.845762615728745      129.63325549235909762    1029
232 8460.0464488187390089      31.816024106639854807   1034
233 8418.4214255026399769     110.38638393250039371    1038
234 9097.8805276904986385     282.19466482941282948    1043
235 9188.9010205876547843     151.13769744786551996    1047
236 8648.9388884187683288       9.4095665066524318831  1051
237 8584.5337010342136637       0.81419684283058169072 1056
238 8677.0316653725985816       0                      1061
239 8547.8617220155920222       2.1658106944613013667  1065
240 8701.4554253740589047       1.0590468252694389406  1069
241 8579.9252926967965323     207.61947713657627901    1074
242 8625.4114273428640445       3.2211935489253189502  1078
243 8620.6160157057292963       0                      1083
244 9543.9566948693372979      28.678814912159129591   1087
245 8667.9202778506423783     123.39689685455458346    1092
246 8679.4016301873307384       1.1227453060514573924  1096
247 8579.3636071560777054       0.52551034829272036397 1101
248 8439.5576602735054621      31.81257900889785617    1105
249 9160.5519764298496739     169.41339602215907689    1110
250 8678.3487258173645387       5.296307008678182271   1114
251 8515.013574394670286        0.017752341039355541   1119
252 8610.5395482488420384      25.562738894076463936   1123
253 8514.4494481257079315      43.429147091702567707   1128
254 8610.1621434230346495     168.2247943000336079     1132
255 8620.9985957848948601       0                      1136
256 8639.097362826410972       25.594498694207249656   1141
257 8607.6630448460746265      25.070198465499693441   1146
258 8650.0262244706555066     269.50236732690746067    1150
259 9280.9207280776572588     427.07595574162246521    1155
260 8881.1543338523788407     1295.2911918831478033     1159
261 8782.0059549396792136     474.72274986544840658    1164
262 8621.9101070519100176     118.58391132846135463    1168
263 8545.6924616019350651       0.29514528006054385756 1173
264 8692.4230400140459096       0                      1177
265 9040.6067527561062889     196.40257876525026859    1182
266 8537.3931574703419756       4.2640884287066507241  1186
267 8596.1076156189938047       0                      1191
268 8541.319246558163286        6.6685593386962933593  1195
269 8477.9509366181737278     468.22026485200012758    1200
270 8487.4528121290877607     387.79176502786009451    1204
271 9114.0276751878100185      23.584604015074372541   1209
272 9146.1604162045168778     206.33584268527241079    1213
273 8628.8881714885410474       8.4799706652592536926  1218
274 8544.639505110159007        0.52354766288933551888 1222
275 8587.1834636802122986     120.36306688636678075    1227
276 8613.8788960799574852       1.3576945742497326108  1231
277 8622.3146521257276618       0                      1236
278 8561.0709910722925997     180.51155051965235998    1240
279 8572.7041648353060737       6.1455958286464831275  1244
280 8585.9567514770551497      97.004561233495962824   1249
281 8623.2573984458776977     249.80761928635013192    1253
282 9066.0978637600437651     1310.744734406196585      1258
283 9076.4910589209393947     220.75391233617537523    1262
284 8658.9900139887467958     512.65962643387342723    1267
285 8585.3339984264493978     152.20122307879907453    1271
286 8654.5744125084365805     696.97583010217260835    1276
287 8624.4130241677321465       0.25421040198457267589 1280
288 8561.9641407580929808       1.8603058559593337318  1285
289 8595.099544341366709        1.3098940147364754871  1289
290 8595.2498684294841951       0                      1294
291 8593.0832355455677316       0                      1298
292 8550.2941557595295308       0.6657188169149357293  1303
293 8662.9403125710559834       0                      1307
294 8725.7352696068428486       0.17751537445667836534 1312
295 8716.5062782918648736       0.56242881324482529859 1316
296 9197.7658367970634572     207.04723094915647152    1321
297 8641.9106710893320269       6.190276453354781161   1326
298 8551.4805384070386935       4.1747881842611063163  1330
299 8648.1929747772264818       0                      1335
300 8506.9087098194850114     157.50383463224696357    1339
301 8647.212375274655642        0                      1344
302 8465.8312674373846676      28.242947934949530264   1348
303 8590.8074838649281446       0.20926746809382631986 1353
304 8587.1488250385991705       3.2651544520863953203  1357
305 8734.174174828302057      119.00341864629487532    1362
306 8902.0694722749449284     413.92358524704548017    1366
307 9250.3440995587061479     308.22548771475476315    1370
308 8707.7648160378921602     658.72457640555728631    1375
309 8590.2472982357103319       0.00464395763372105978 1379
310 8750.8473477942916361     1458.5486938009739788     1384
311 8751.8257595572122227     1432.6064498435775931     1389
312 8474.6156937528976414     125.05178076923664321    1393
313 8512.4367066476352193     122.09818701101939098    1398
314 8984.6888028772937105     264.67483632525255643    1402
315 8521.1851505726681353       5.3219557111985205111  1406
316 8582.6855638990218722       0.77232338127998290123 1411
317 8651.3640268680064764       0                      1415
318 8591.7026835566957743       0.56542503610233618705 1420
319 8593.5332044884071365      95.554811173369301969   1424
320 8594.8835664289308625       0.14151259831892745722 1429
321 8639.675592147246789        0.70511249988337676431 1433
322 8575.3428110078311875       1.0538681741734616804  1437
323 8599.3670643361037946       0.0326752287620802398  1442
324 9098.2730555655725766       0.00879983964803839058 1446
325 9024.2198791447481199       6.3060856491754959663  1451
326 8593.5329834432232019       0                      1456
327 8588.4097468919389939       6.1067922583942202408  1460
328 8589.4412639245983883       6.0666684172548510645  1465
329 8785.7196821635443484     593.3871073983846145     1469
330 8534.4266754068939917       4.8890348777229686306  1474
331 8606.1130229053669609     602.39208917093276341    1478
332 8578.4767935549916729     661.12058716018657378    1482
333 8570.6881433802846004       0.02564422610363315327 1487
334 8579.3759101043287956       0                      1491
335 8540.4273889288288046       0.48040450610100898787 1496
336 8510.7988301906134438       0.00010804174229139039 1501
337 8520.5995339913497446       0                      1505
338 8380.5465575913221983     1048.331500934491487      1509
339 8499.2559220467355772       1.3995974412882699056  1514
340 8507.2103321437843988       1.016881055478121354   1519
341 8963.6843303898567683      32.440876710376777226   1523
342 8963.6780064273443713      32.173337098250016197   1528
343 9061.0813541652605636     217.31628208316863038    1532
344 8602.9780577794263081       5.5393391867272496754  1537
345 8461.0197842325724196      46.782002204334190765   1541
346 8501.607964862974768      1292.3880155584699878     1545
347 8571.7541806930021266       0                      1550
348 8469.8301653819507919       0.36505106343835991289 1554
349 8488.8503211131483113       1.3389451979230155843  1559
350 8511.510628782252752       50.291029266745930215   1563
351 8518.7779019881818385       0                      1568
352 8514.1709427056721324      10.072996986369188832   1572
353 8498.0907649157743435       5.1714664699224766053  1577
354 8425.810199674393516       17.062234967414049436   1581
355 8983.2173505772443605      47.587362317868283412   1585
356 9008.9130218233749474      16.887804062989111742   1590
357 9011.2190253771823336     418.98784721733113656    1594
358 8595.3520077197026694       6.7187573473417767644  1599
359 8563.5556150607371819       0                      1603
360 8574.7333036421441648       0                      1607
361 8469.5235442311895895      13.159945151862643797   1612
362 8517.6114415840329457       3.0938236963129672752  1616
363 8516.6731880780207575       8.176862750596868068   1621
364 8575.809170413074753       18.276215546828545655   1625
365 8519.4858525131603528     101.49782944656784878    1630
366 8519.4653278881924052      85.936444502903484022   1634
367 9096.7116309440843906     444.99702514452826563    1638
368 9034.3355768924557196     336.22624409435974258    1643
369 8455.2368520017644187     1816.7135211329150479     1647
370 8474.2354618954232137     103.89783616712745129    1652
371 8473.2425609899255505     103.94790009199894598    1657
372 8678.7192776383089949     1129.4713438144767679     1661
373 8512.4431117335570889       2.9902004328849347559  1665
374 8538.6137537804352178       0                      1670
375 8499.3657345969459129       0.0709574429056916145  1674
376 8500.852705044699178        0.12867275282503423672 1679
377 8539.5802100035125477       0                      1683
378 8508.8331321706755261     112.76973114634040485    1687
379 8512.6833846481931687       2.2584778254602824177  1692
380 8515.2396299286410795     733.1058665562115948     1696
381 8518.2970473437126202       0.09320225632006856609 1700
382 9090.2875349455534888     320.40893303258309288    1704
383 9036.1176035248572589     755.93112226205028037    1709
384 8535.5325443062447448     943.45776637420067345    1713
385 8499.3696381948484486      39.534066946599871528   1718
386 8663.1014147078731185     1278.1615431771804197     1723
387 8508.4608755491244665       3.1384518262159413204  1727
388 8509.8076077203586465       0.02260212169639351162 1731
389 8528.4773585463699419       0                      1736
390 8517.940067840156189        0                      1740
391 8515.7750969450044067       0                      1745
392 8512.4220882448043994       0.09237751759328712009 1749
393 8992.3191595182652236       2.7917296140292919837  1754
394 8992.7394329613034643       2.7556031189274965421  1759
395 8380.7212389658379834     131.95996086923128132    1763
396 8381.4900570518511813     131.79011594547264963    1768
397 8605.4139361197267135     2617.3387850915405579     1772
398 8518.5384807919035666       1.2710021355346001748  1776
399 8531.75825859507313         0                      1781
400 8531.2366451890320604       0                      1785
401 8461.9617050893757551     1146.1590314783470603     1790
402 8462.191053568983989        1.194545489162568197   1794
403 8507.6953885198345233      10.613552854802152936   1799
404 8507.7980996220812813     109.22751699765605338    1803
405 8509.9002629343995068      78.951479778538569576   1808
406 8513.3758113091262203       0.84480348566230822893 1812
407 8951.2216822003501875       0                      1816
408 9178.2741881940946769       0.05184143017459674763 1821
409 8517.7893866027243348      18.663828762802602057   1825
410 8945.5265758041005029       6.32846594855646849    1830
411 8949.8991963433236378       3.6085345903047145733  1835
412 8475.1852030857880891       3.4532600173480090255  1839
413 8635.1950760379368148     1354.1477735352186755     1844
414 8502.2140569741022773       3.7248136797463766712  1848
415 8493.8744108045684698       4.2218452469643503733  1852
416 8509.0282644787002937       0.00495374174998077475 1857
417 8515.7479252467801416       0                      1861
418 8516.6219328009228775      26.454967324735175538   1866
419 8454.7503871607495967      27.339030655546121551   1871
420 8485.6196105917824752       0.00011062166052858074 1875
421 8953.8748652820850111     460.39645345665763898    1880
422 8958.6038143298537761     455.75025270215087403    1885
423 8630.9184504854856641     1368.2709435667281923     1889
424 8501.4613704926523496       3.8307932917429878827  1894
425 8498.1804499802346982       0                      1899
426 8448.1613690326412325       0.83939639313955061173 1903
427 8502.8504194903362077       0                      1908
428 8975.9311063956865837     423.54854485315979673    1913
429 8987.7877305186448211     420.26593067684819971    1917
430 8615.3962123447872727     1391.8684149048185645     1922
431 8497.4634848969944869       4.181886883107031494   1926
432 8483.972877495969442        0.80672270236635057472 1931
433 8488.8597084819357406       0.1683154184208610904  1935
434 8507.653098174412662        0                      1940
435 8548.6980471203733032       0                      1945
436 8468.2795107604742952     115.98935601355657354    1950
437 8485.8095173377460014       0.7719830179680743365  1954
438 8504.4186326442068093      81.785921529564120647   1959
439 8482.3743578058456478     1642.3305866188404707     1963
440 8995.2830727897089673     242.87005357805696804    1968
441 9135.77311685591485       1276.1751592715995685     1972
442 8454.3296563801541197       5.3493895706676832802  1977
443 8444.0476600794536353       0.51183969824887021183 1982
444 8444.7740682607727649       0.47394678278128732352 1986
445 8927.4145015850972413       0                      1991
446 8611.8391289308638079     1397.7582696923582262     1995
447 8496.2411726372829435       4.2430647266347234492  2000
448 8482.6565985447505227       0.15509816864257819358 2004
449 8491.2530213673853723       0.00699350685188951035 2009
450 8498.9073052093626757       0.29591801804861916914 2013
451 8499.5272176082071383       0                      2018
452 8506.2361479245082592       0.00036934878554062813 2022
453 8479.4253192323958501       0.08240708221177756032 2027
454 8498.8995052412301447       6.2358725092248743493  2031
455 8499.3364330701697327     1122.586012295845876      2036
456 9064.298436414284879        9.5248460972242821043  2040
457 9058.4186868838078226      98.427428255068235785   2045
458 8531.832738773930032        0.29725724384186935634 2050
459 8513.6449902853983076       0.57114644157968263993 2055
460 8520.253133497937597      1606.2005770668929472     2059
461 8508.6445753672287537       0.4378380885749182938  2064
462 8494.6429994228292344       0.00703236887127111146 2068
463 8489.8100349024771276       0.00938591055761633063 2073
464 8499.9457090573014284      98.184506531800508355   2077
465 8500.9579133768893371       0                      2082
466 8487.7491326171257242      71.036553290453284148   2086
467 8497.2064064304377098       0.8460992829547412386  2091
468 8504.1870846891615656      87.414472339257997646   2095
469 8511.5734590716328967     104.69093890332520402    2100
470 9062.767887233521833        1.8637764837168893095  2104
471 9058.3804202793653531       0                      2109
472 8499.2586267002952809     1603.3819480812132952     2114
473 8503.947702934328845      1586.5530709186059539     2118
474 8539.4814592717139021     1618.2030074927376972     2123
475 8495.6751590601652424       0.86010630500064977344 2128
476 8499.6374416782455228       0                      2132
477 8499.1210760568501428       0                      2137
478 8503.3605141846855986       0                      2141
479 8496.2498286308909883       0                      2146
480 8490.4906832906472118       0.01336873137715212725 2151
481 8479.6229989162475249       0.00282896583035381491 2155
482 8528.9193104473906715     1640.1845956728095643     2160
483 8495.2706160917041416       0.83239212103654103281 2164
484 8496.7375208581306651       0                      2169
485 8491.3543903271965974       0.00763080677385367164 2173
486 8491.3192582388692244       2.823106826341292841   2178
487 8493.2343796474360715      90.044768396363892293   2183
488 8496.0428243459518853      63.408005058901814266   2187
489 8497.4264046006192075      98.895749884392117224   2192
490 8502.3893345256255998       0                      2196
491 8496.9965810925987171       0                      2201
492 9049.5671700183502253     276.52939136408667764    2205
493 9076.865734011395034      761.28382354808877608    2210
494 8497.1760146727065148     1082.2045899133918283     2215
495 8491.2294722109891154       0.5962265380200251208  2219
496 8512.2050352228652628     1754.9681363049221545     2224
497 8495.7153389467839588       2.4161661376040832749  2229
498 8497.0402147781587701       0                      2233
499 8497.1882749073793093       0                      2238
500 8493.296857699402608        0.00264914162974445692 2242
501 8494.2776638672676199       0.43572419102404030822 2247
502 8496.2513273316435516       1.4761250586116081429  2251
503 8495.0686668705438933      90.990319373856891616   2256
504 8496.304022077785703        0.88753866451063956333 2260
505 8496.6241516302816308       0                      2265
506 9060.029542127125751        2.5618852269174570147  2269
507 9062.3193395516536839      70.996131127679433348   2274
508 8496.982749647962919       11.427874468261450147   2279
509 8509.3272761101798096     1761.6843766719428004     2283
510 8495.7153389467894158       2.4161661376040832749  2288
511 8494.6097535760600294       0.09703124570198989884 2292
512 8495.3128592047578422       0.00028247647093776609 2297
513 8495.2865623393117858       0.00011595761007152918 2302
514 8495.9424540750242159       0                      2306
515 8495.0526960214301653       0                      2311
516 8492.6747165935375961       0                      2316
517 8488.1625467180892883       0                      2320
518 8498.2252625902201544       0                      2325
519 9056.1106086700565356       0.00870559788968330688 2330
520 8526.9171784370792011       0                      2334
521 8526.9622694500121725       0                      2339
522 8521.0383691520746652     1692.5025070467640944     2343
523 8497.3664489481707278       2.1249910821759541157  2348
524 8477.1491698004156206       0                      2352
525 8445.0621693505127041       0.32857235742350809904 2357
526 9055.1469393113093247       0.00405478137464847406 2362
527 8442.0917856296127866       0.97465761570097475541 2366
528 8448.7508830797050905      49.407062509625056634   2371
529 8516.170912138379208      1681.250677375894611      2375
530 8496.5594524312200519       2.0599321818896698666  2380
531 8499.6256763369474356       0                      2385
532 8478.1009399688300618       0                      2389
533 8464.1806780257211358       0.15372220225454752418 2394
534 8472.6398889317824796      92.291530576943060282   2398
535 8529.8538710794819053       0                      2403
536 8475.1935459083397291       0.33811629981202995232 2407
537 8475.1528160741600004       0.79826536986160812059 2412
538 8489.2090716400634847     1037.373355169414026      2416
539 9037.5339879431194277       0.38955233939289568568 2421
540 9083.6613083556712809       6.0730261374902214655  2425
541 8409.4242951578962675       0.56292442577453360997 2430
542 9051.3343882789831696       1.9164216629639683198  2435
543 8449.2334230350606958      85.766907484032671505   2439
544 8463.102584961525281        3.4368973496335040174  2444
545 9050.6699144114045339      15.13540635176565452    2449
546 8511.9547052518773853     1669.7030910023515844     2453
547 8495.0161341869934404       2.0735003107476379647  2458
548 8454.1202297717682086      88.030853284055012864   2462
549 8459.9397792933687015      87.182505325380859063   2467
550 8472.0831479479675181     1110.3397475528404357     2471
551 8472.2880253138282569       0.41952273388265254317 2476
552 8476.2381997593965934       0.77724657268330787918 2480
553 8483.753530437254085      1070.4669754421590824     2485
554 8484.6982095469284104       0                      2490
555 8489.822703204350546       98.717150466387522556   2494
556 9076.6247838483322994       2.7449281658835191777  2499
557 9044.6104674570651696       1.3128673112978974657  2504
558 8490.2487184075052937     117.97135997671834673    2509
559 8476.1489321466233378       0                      2514
560 8473.1563885686555295       0                      2518
561 8464.2523399631772918       0.02674956204151532693 2523
562 9030.3740238588561624       1.5429801359998815968  2528
563 8480.933127987131229      1767.0618799005972051     2532
564 8475.8500596519497776     1695.7070293442466209     2537
565 8485.4323080924077658       0.36296925628261650365 2542
566 8479.7673509089345316       0                      2547
567 8451.8962688354185957       2.7209725791955072793  2552
568 8478.2012389193860145       0                      2556
569 8477.1984943481838854       0.29417543730625850262 2561
570 8450.4937439670011372       5.0936444865056911269  2565
571 8466.4458491894965846       2.1858776878407750743  2570
572 8465.0015347891403508       8.1943370849681507195  2575
573 8470.0994917181524215      90.285909398970943585   2579
574 9064.6529236777460028     258.74510916250108039    2584
575 9061.4749715617672337     850.73433266767881378    2588
576 8515.8513935777082224     1552.5009059791975687     2593
577 8459.4682381086367968       0                      2598
578 8422.93008272082443       195.78640725402942735    2603
579 9053.1407236092909443       0.00784922150733960607 2608
580 8464.4362419181434234       0.64975318105952861725 2613
581 9054.1276769307587529       2.1879773827202928516  2618
582 8525.3434001304831327     1413.7311737258437461     2622
583 8464.2824542616472172       6.6050968907428542209  2627
584 8455.7269158250092005       0                      2631
585 8444.6222221753541817       0                      2636
586 8412.3844780937470205       0.07817837613458916701 2640
587 9046.5180471902895079       0.49219602315282484639 2645
588 8413.2956337135747162       0.06391509791355087788 2650
589 8515.0705594796982041     1476.5064615429919286     2655
590 8462.3930474322551163       6.5231244769285865459  2659
591 8435.8812827382735122       0                      2664
592 8410.5546701875427971       0.24118131300931103245 2668
593 9073.7970045743750234       6.1437039518961942264  2673
594 8412.2858468335689395      38.079796217075745801   2678
595 8411.462498928020068       38.124870116771177209   2682
596 8505.9741791634496622     1592.7503138655310977     2687
597 8459.5282259058658383       6.359368445419499416   2691
598 8432.8100333345464605       2.5754424077057782583  2696
599 8433.5078680942242499       1.6121925833594041855  2700
600 8439.3144622568561317       1.4077833901848126885  2705
601 8437.0461814355294337      93.837978151852340147   2709
602 8465.8023991412646865     165.20026550623259709    2714
603 8486.6197531150519353       0.46194374298214807562 2718
604 8433.2689602658138028      15.818069389376976375   2723
605 8444.0700318401904951     904.37724142951310569    2728
606 9051.7424479904493637       1.4559619279223505739  2732
607 9069.5020407267347764      28.271642023777982189   2737
608 8363.3262458263288863     955.79864975233272162    2741
609 9041.5770989026623283       7.3430840109530777227  2746
610 9040.3647979142897384       0                      2751
611 8412.9722398728317785     101.54631645247842187    2755
612 8435.8806350266058871       0                      2760
613 8435.91123046964276         0                      2765
614 9042.343084654867198        0.39669821297287599648 2770
615 8418.3012517430288426      20.243958082706097201   2774
616 8417.6026280163769115     114.62088347101581576    2784
617 8472.2777432326074631     1264.0651788444711201     2803
618 8461.3651513903514569       0.05237330076639384879 2819
619 8436.0824950630612875       0.89396516538825687714 2829
620 8436.7053312378939154       0                      2834
621 8445.5719736697537883       0                      2838
622 8455.9159356144664343       0.03955180344855634134 2843
623 8434.5340293822282547       0.40123410860526143029 2848
624 8434.1711451174305694       1.4878465933658038267  2852
625 8443.1928420574968186     1271.7086083876113207     2857
626 8447.0694654674880439     1845.3675728661050925     2861
627 9056.3092579518906859     294.21146618278606866    2866
628 9069.1248025500372023     728.48692997323928466    2870
629 8413.7944997069898818     121.15962119947600684    2875
630 9032.2989514911951119       0                      2880
631 8467.3841197138062853     740.16818620749165802    2885
632 8463.8686740878383716     1279.2010094310990098     2889
633 8458.5781937089614075       0.09121289115619980736 2894
634 8429.8035723034554394       0.93697990696512412079 2898
635 8434.6092472889286          0.41083768538371845391 2903
636 8437.6504051961455843       0                      2907
637 8438.5053918272024021      50.624314897023332094   2912
638 8445.3857283890683902       0.00120768614419786472 2916
639 8435.432288784893899       97.571766594793530203   2921
640 8438.4131400627975381       0                      2925
641 8436.059091817429362        1.5705085820185205048  2930
642 9045.7523319623942371       0                      2934
643 9076.5718295111801126      66.732972905745015169   2939
644 8441.6570625465428748     1370.3704221860925827     2944
645 9044.9931759620922094       0                      2949
646 9045.333204572167233        0                      2953
647 8427.9705883718652331       6.9352736620152573011  2958
648 8446.8641827798765007     1257.5745876833750572     2962
649 8439.4682320672582136       1.5256981127439468438  2967
650 8431.2208461840691598       0                      2972
651 8417.4320705934424041       0.00870111692639625664 2976
652 9038.8978548120394407       0.05614612383668547702 2981
653 8441.1152928806259297       5.4702420944572143213  2986
654 8445.0519711549895874     1261.3690559871195092     2991
655 8424.7685746127717721       0                      2995
656 8405.8163921289469727       0.25926747932207666603 3000
657 9034.0612525934629957       0                      3005
658 8405.662077018087075      130.54125907463370027    3009
659 8442.2991696691024117     1268.3559077469435579     3014
660 8438.5196443199129135       1.4846717677267353697  3018
661 8406.4864945031185925       0.18538259849216945363 3023
662 8426.4784315546112339       0                      3028
663 8420.7306810946647602       0.86958157840372740655 3032
664 8426.5936854332685471       0.74532708549430848333 3037
665 8422.6026695193686464       2.3743191747704037731  3041
666 8423.424110277202999       92.344581057970771099   3046
667 8424.073000431064429        1.2224670775801806943  3050
668 8425.0739285861673125      30.515051165258022081   3055
669 9036.8066777577496396       0.30984198477076352329 3059
670 9084.316510996544821        6.0285135854863511895  3064
671 8428.8032814004691318     120.40461335354586936    3069
672 9037.6648987806256628       0                      3074
673 8404.7170865607313317      22.141672611480604616   3078
674 8408.3634771187280421     104.12462504092268034    3083
675 8442.4758995987485832     1313.9604356259324049     3088
676 8426.6270722605531773       0                      3092
677 8422.0650151437112072       0                      3097
678 8414.0218537998498505       0.04795604486570123615 3101
679 8425.7020111153105972       0                      3107
680 8426.5523799209859135       0                      3111
681 9054.7926862954100216       0                      3115
682 8445.4113723291375209     1201.9484944859912048     3120
683 8428.4157513223563001       0                      3124
684 8410.7563208787796611      86.806880679122897959   3129
685 8420.1815308859131619       0.00030689112188309877 3133
686 8430.2846202322598401       0                      3138
687 8404.1359362375933415      84.899345343821167376   3143
688 8415.2845798253383691       1.1230365614371362604  3148
689 8415.8442805753820721       1.0559879836302878964  3152
690 8419.4325019955067546       0.85986386448672402771 3157
691 8431.9363633412394847      95.572357843489470497   3161
692 9048.9200399228939204       0.40930586651130862474 3166
693 9072.0188477623469225       6.0983719567019694097  3170
694 8437.2175360048258881     1328.3017940938871106     3175
695 9031.678442279686351        0                      3180
696 9032.6991243468291941       0                      3185
697 8427.9657780795660074       1.4302029234614459519  3189
698 8456.8100769093180133     1287.7380847565823387     3194
699 8416.4030894687093678       0.01243321762642794065 3198
700 8412.0194920985723002       0.07302132505165971621 3203
701 8418.9558403081427969       0.96705936222712451933 3208
702 8421.9919832030573161       0                      3213
703 8421.8053048120200401       0                      3217
704 8421.537031648287666        0                      3222
705 8423.3582112086660345       0                      3226
706 9043.9456739902580011       0                      3231
707 9042.8093697657368466       0                      3236
708 8430.8991809382023348       0.52356703729627784849 3240
709 8454.6564347645980888     1285.9315667793414377     3245
710 8416.3381414302275516       0.00895978954094457311 3249
711 8419.9246895789747214       0                      3254
712 8451.478723898420867        0                      3258
713 9052.1857269002684916       0                      3263
714 9053.1511740418754925       0                      3268
715 8395.2774381350554904       0.71355011563983938849 3272
716 8395.2661365403237141       0.68785207682309601473 3277
717 8415.5443833375593385     1356.7077627914950426     3281
718 8402.7188845082710031       0.24013714928491816658 3286
719 8440.3602055942174047       0                      3291
720 8418.8590496904307656       0                      3295
721 8415.7903363839814119       0                      3300
722 8407.7381192373013619       0.18466775351716302467 3304
723 8493.4640197817770968       0.77991043972872153844 3309
724 9059.684517870999116        0.00002067306785759439 3313
725 9057.7668839006910275       0.00001037043557868274 3318
726 8423.4538527478289325       0                      3322
727 8416.6358631169186992       0                      3329
728 9058.6834013217539905       0                      3333
729 8514.471765182683157        0.77215083752591529009 3338
730 8419.8092429587886727     2055.3409465125391762     3342
731 8523.0667734689814097       0                      3347
732 8350.8219229439437186      11.181676977187317235   3351
733 8420.0329122102484689       0                      3356
734 8414.1078151875881304       0.44063771322004496866 3360
735 8357.2010972703010339      25.729479731731895953   3365
736 8414.5568540301628673       0.83140932508096510034 3370
737 8415.9281872254323389       0.4296687048997911984  3374
738 8513.5205285189367714       0.7726738410457630879  3379
739 8414.4763212908019341      91.736675300016074175   3383
740 9117.1726142843235721       1.7047053678822730038  3388
741 9058.2430391224661435       1.9280411654053075665  3393
742 9053.3045949855568324       0                      3397
743 9056.9007345695008553       0                      3403
744 8453.7251392730559019       0.20767732192296267657 3407
745 8454.6132905684517027       0.18392475895858190205 3411
746 8510.1060405499301851     1036.6064846112287796     3416
747 8429.0527594815448538       0                      3420
748 8427.5931988444790477       0                      3425
749 8467.2742600366818806       0                      3430
750 8370.2958489098582504       1.8431175548966129973  3434
751 8406.7492520057276124      19.859210547808856973   3439
752 8411.2354406054255378       0.00142515742288158677 3443
753 8414.9801052042348601       0.41727047750070100918 3448
754 8399.622643371913           2.7585934799164539832  3452
755 8403.7863505407894991     1376.9589115448673056     3457
756 9034.7925118825187383       0                      3461
757 9084.9092474424269312       0.00005143574284592153 3466
758 8473.016862217185917       90.223535866139997097   3470
759 9034.111530635453164        1.8168488123749109153  3475
760 9035.5630537715514947       1.8453180517277123496  3480
761 8388.328146945390472       25.317379095859017468   3484
762 8451.0756736629973602     1272.496142370303005      3489
763 8414.2825671817699913       0.00958510856010143936 3493
764 8437.2077703473314614       0                      3498
765 8412.2425055133735441       0.00039621320407817539 3502
766 8393.1310144436247356      77.665152893763291786   3507
767 8412.2556919077233033       0.46631508217217110257 3512
768 8414.8650071725169255       0                      3516
769 8412.1464082624261209       0                      3521
770 8428.8099374602388707       0                      3525
771 9050.8377251177171274       0                      3530
772 9052.770103563385419        0                      3534
773 8416.8061219350638567       0                      3539
774 8501.3494592624956567     1098.4722856667503947     3543
775 8401.5251137092527642       0.49894149334042919852 3548
776 8466.3529967017639137       0                      3552
777 8412.1121233213780215       0                      3557
778 8412.0132846816159145       0                      3561
779 8411.7529097893548169       0                      3566
780 8411.2969353195985605       0.0489621652231858745  3570
781 8475.6234105920266302       0.17871352573898077742 3575
782 8484.8210497514446615       0.17734403002606027866 3580
783 8953.1529549434580986       2.358632373399308424   3584
784 8428.9331171731737413     2527.8581541018311327     3589
785 8408.618225121346768       12.862765392444478252   3593
786 8303.8725269675542222      50.144700106349198165   3598
787 8386.2556227883687825       0.51358035211262542674 3602
788 8429.3506655376077106       0.00485394615299520639 3607
789 8418.6964139472911484       0.42715371283163622307 3611
790 8390.9452961434744793       0.7149627152630758653  3616
791 8446.8055487222263764     111.15400972198722229    3620
792 8454.7303699293242971     103.82714997259746781    3625
793 8274.4242036857867788     1409.6781035525136758     3629
794 8968.2174210702978598       1.954327299778266358   3634
795 9155.6666611697310145       0.00298215954346156206 3638
796 8392.1640732507094071     2147.9039889608184239     3643
797 8269.2316245510246517      20.280511490155021193   3648
798 8324.5499511537873332      31.231246207897836342   3653
799 8445.9144196834186005     2483.7077524130590973     3657
800 8449.8111667970606504       7.5124592406935581934  3662
801 8407.5432547982945835       0.00484091177510150451 3667
802 8376.4616087241029163       0.76456969790504536455 3671
803 8375.4158626410680881       1.6998076200965528404  3675
804 8375.2711427828508022      75.920196437522875499   3680
805 8397.3399314173057064     1439.5209621491808321     3684
806 8406.3069875789551588       0.4430615994382176015  3689
807 8408.6780477824213449       0.83448377075685387094 3694
808 8431.5418118566703924       1.3878298206443140383  3698
809 9085.3205333666446677       0                      3703
810 9030.8349128231202485       0.00000935797390382594 3707
811 8953.7778623400517972       0.04046763743271977742 3712
812 8412.7214173669526645       0                      3717
813 8418.182654300433569        0                      3721
814 9005.1683792582261958       0                      3726
815 8443.612922294110831      2491.5498211371059369     3731
816 8450.8015239007781929       7.4003997317982896931  3735
817 8355.9752913150932727       3.7269591312352359225  3740
818 8361.2817790832650644      65.892007099302773554   3744
819 8369.8683072936291865       2.210989513154177466   3749
820 8396.0886204013040697      80.385310236413573648   3753
821 8419.9936277740744117       0.04931598979610585243 3757
822 8418.6940295586173306       0.32395471616672461002 3762
823 8407.449952220040359        0.33331568799905730849 3766
824 8411.0723524741679284     949.64427626831752605    3771
825 9025.2573530589033908     219.6355800624230028     3775
826 9044.1909054499246849     826.16854378864377395    3780
827 8470.5516581154261075     302.01732894667952678    3785
828 8399.5041807988436631       2.6611313102824025734  3789
829 8400.5040498064317944       2.6053160919934015283  3794
830 9005.8077058045491867       1.0909291902831430576  3799
831 8431.6695290308780386       0                      3803
832 8410.2823281983237393       0                      3808
833 8406.0808660666807555       0.01895870167133962073 3812
834 8400.6019224587998906       0.0891779926860367389  3817
835 8408.5265754765332531       0.0103291728000699818  3822
836 9026.7758708394758287       0.38981712982273519774 3826
837 8443.1381837843309768     2491.6825974634580234     3831
838 8449.7391799662600533       7.471608635144493249   3835
839 8432.5920095928195224       0                      3840
840 8417.9914570717974129       0.00007420602191916961 3844
841 8429.8724552685380331       0                      3849
842 8406.3947080769612512      89.034599817061547355   3853
843 8408.536813680348132        0.40260310829289430723 3858
844 8407.2985533012233645       0.98438575620324708648 3862
845 8408.7772926435172849       0.37137423571349115203 3867
846 8451.3212092158973974     107.7086363349550453     3871
847 9020.2537632818457496     1360.7076436982642917     3876
848 9050.7295999925445358     260.80722897868668042    3880
849 8393.1258286108477478       3.4611633733727464879  3885
850 8432.628085443890086        0                      3890
851 8983.6388142278410669       3.4663463541620118669  3894
852 8984.7143613468415424       3.4385120145815299963  3899
853 8409.4307336097481311     2806.4906900692531053     3903
854 8437.9405168543362379       8.6651846388968856161  3908
855 8407.2068156818240823       0.04024464738283106691 3912
856 8395.9951032581084291       3.0644243065571439288  3917
857 8391.2484244129918807      49.033303992477769384   3921
858 8405.5187542702733481       1.0418738265965110656  3926
859 8402.3356753517546167       2.6580385025290409473  3930
860 8411.9389174849766277      55.109271284122776535   3935
861 8412.303655004949178       55.6560240297794806     3940
862 8408.9565657655275572      91.426750691999714604   3944
863 9016.9753533867042279      11.006391521265541655   3949
864 9046.433530589511065       97.277735698524722352   3953
865 8432.0352143466916459       0.0093704424053350794  3958
866 8408.3165371828999923       0.01047418542453339499 3963
867 8995.5563662885033409       3.3566197225183191932  3967
868 9019.937933637007518        0.12804874815992617343 3972
869 8466.5269489228703605     1206.7269153921561156     3976
870 8395.552274410991231        0.27570751550781080752 3981
871 8404.0082288704907114       0.0561211791597915205  3985
872 8407.5721753255566          0.00376628873479655998 3990
873 8399.6574471209751209     101.50475381543535036    3994
874 8408.6429602632288152       0.39639365603122306281 3999
875 8415.504145601305936        0                      4003
876 8408.872512080868546        0.87143508396767799251 4008
877 8410.0485313186618441       2.2163050328328441907  4012
878 8416.914525770534965      1341.2666290781965017     4017
879 9029.1522886854036187     248.38486738556196087    4021
880 9037.922739866808115      827.72240897394203785    4026
881 8418.2449465532990871     103.56090609219684495    4030
882 8403.0011570927345019      11.406069245517883815   4035
883 8408.1265507543739659     950.37360793670177372    4040
884 8430.9829856438518618     1302.9002943817013147     4044
885 8412.0351780362980207       0                      4049
886 8412.1786654430434282       0                      4054
887 8411.1244493873273314       0                      4058
888 8412.0814899367996986       0                      4063
889 8408.54612455311144         0.00014399393621428034 4067
890 8406.8385942347922537      78.083412397029206886   4072
891 8410.177336231827212       85.810122844189749003   4076
892 8410.5848585750300117     124.90736275463913785    4081
893 8411.1356028399004572       2.1252446438849306176  4085
894 9030.5543503388453246       0.13665417067285279273 4090
895 9032.5889497082880553      84.821174007523353566   4094
896 8413.1950345640325395     892.05527354614559954    4099
897 8410.7730670432720217      10.782665567863549683   4104
898 8432.2998682869729237     1856.0275159761843042     4108
899 8410.2459238691644714       0.34519364921803935564 4113
900 8411.2274932481468568       0                      4117
901 8409.4381690497630188      98.245280365962017299   4122
902 8410.3395262618796551       0                      4126
903 8409.4135367789331212       0                      4131
904 8406.8154385660454864       0.00509141953054025216 4135
905 8404.1686469746873627       0.56831508424288046388 4140
906 8409.3716378192548291       0                      4144
907 8409.2857478222213103       0.00108063440009521479 4149
908 8405.0721608270450815       0.019173088329297934   4154
909 8409.5000406210347137       0                      4158
910 9031.0650277129370807      10.901853827073850312   4163
911 8441.766679894995832      1332.5334189721734219     4167
912 8404.0941889563782752       0.28969418210858827178 4172
913 8406.677014389051692        0.00877746488825854876 4176
914 8407.6947436141308572       0.00270954437269149868 4181
915 8408.4072967363208591       0.00281115881260214726 4185
916 8405.045156986461734        0.02075907709793163927 4190
917 8407.6290774688786769       0.44577672204888396656 4194
918 8407.7259355896549096       0.26153687711828532692 4199
919 8408.0427134424880933      90.788330494053909092   4203
920 8409.0891874636581633       0.87306102976372768065 4208
921 9030.0550935736537213       0.43029154971577593392 4212
922 9031.7362524289092107       7.104129184694413901   4217
923 8411.2278259083086596       0                      4221
924 8401.5047332897138403       3.1742092024620212065  4226
925 9029.3721888930231216       0.0008682167645229636  4231
926 8435.3641360105175409     1348.5614170197322892     4235
927 8401.4861494752185536       0.3571228756028513307  4240
928 8408.4673102554916113       0.00150070532736234987 4244
929 8409.4007747993964585       0                      4249
930 8410.2048823543627805       0                      4253
931 8404.169033089221557        2.9380097362453430065  4258
932 8406.7614500425133883       0.47332994882422518845 4262
933 8408.1494559254952037       0.92395462984462850553 4267
934 8407.7911836651383055       0.25626333650302035583 4271
935 8416.1037486455043108     1343.4683003181633012     4276
936 9024.4060834407555376       3.2032076949257333176  4280
937 9038.8852101761931408      72.198304210432354466   4285
938 8411.9781931974957843       2.060992031160040483   4289
939 9029.8159354335803073       0.39014823045029067838 4295
940 8422.6667040231695864     1879.2629823213458167     4299
941 8407.6391997420923872       0.42702044662556959409 4304
942 8406.7937444786639389       0.4820467119713404136  4308
943 8407.8196985595532169       0.26143543909593036645 4313
944 8409.3017659570396063      91.182407536904847234   4317
945 8410.2410719504496228       0                      4322
946 8410.3107700314922113       0                      4326
947 8410.269524230123352        0                      4331
948 8411.0706360747826693      19.843979446732905814   4336
949 9032.202681389717327      392.97024593133210146    4340
950 9033.2608954233037366     316.41609201824184083    4344
951 8407.5704420149286307       0.00591850518786437695 4349
952 8406.3209210806453484       1.0140346461700746605  4354
953 8410.2123277773971495       0                      4358
954 8409.9607716970476758       0.83552256724092699436 4363
955 8411.1400127590859483       0                      4368
956 8407.2426881660958315       0.97898288686911971723 4372
957 8408.6593146400173282       0.24479200006972412496 4377
958 8412.8359058493570046      55.564350526865318614   4381
959 9034.3408924020459381       0.185444213433295646   4386
960 9028.0579247950863646      16.567219428026241701   4390
961 8422.6667040231714054     1879.2629823213574127     4395
962 8407.6391997420905682       0.42702044662483129578 4400
963 8408.4385129471011169       0.00126989560435612032 4404
964 8408.5324429868305742       0.00047550867220060814 4409
965 8408.5035827151205012       0.00046279070325140023 4413
966 8405.6371127246911783      61.713576677447029795   4418
967 8408.94269466345213        91.152461341180625709   4422
968 8410.2255657693513058       2.1713742956088966096  4427
969 9030.501529897122964        2.7539768331199985241  4431
970 9031.5270698591593828       1.6809741290494513155  4436
971 8425.3095657748581289     2039.0557909308831768     4441
972 8405.3553748934282339       2.7483544687502798887  4446
973 8408.47513374625305         0.00034201734922092964 4450
974 9032.4163255401253991     326.33651706655638236    4455
975 9033.8482614589775039     665.55800383544942633    4459
976 8411.1812171408746508       0                      4464
977 8401.9371658538857446       4.1816038829176314096  4469
978 8410.233682864025468        0                      4473
979 8407.8360196105986688       2.8222864134670837544  4478
980 8411.1643991381570231       2.1005010588475343525  4482
981 8407.5703245128515846       2.9840433567481383648  4487
982 8412.7377486103032425      72.585147104364807547   4491
983 8413.0822305917063204      40.991342030458419288   4495
984 9031.1671531229949323       0.00001074178726588762 4500
985 9030.5086480395766557       0.00000806856594666167 4504
986 9029.5657076764473459       0.00000476903592591463 4508
987 9027.0595932998730859       0.00000004176689430495 4513
988 9022.4461734640135546       0                      4517
989 9028.4236755003275903       0.00002440112820335811 4522
990 9032.7001172646996565      84.530631006491958601   4526
991 8418.742958533235651      1336.0639049180017537     4531
992 8400.3107346464348666       0.19159022757320587349 4535
993 8407.7000482174826175       0.43711190154890705584 4540
994 8407.6966709752359748      78.19185588152048183    4544
995 8407.0866964477227157      95.699343107009440246   4548
996 8408.5036228719345672       2.9636745442954972596  4552
997 9025.449213074405634        0                      4556
998 9028.6791999631059298       0.0000266300671690848  4561
999 9023.9934353241787903       0                      4566
1000 8396.308771662581421        4.8493990127319301919  4570
