1 9572.2141994552730466     60859.014700085957884      5
2 9670.5619390756874054     53741.437951476305898      10
3 9723.0838822985097067     62050.28304447937262       16
4 9643.7500959264270932     61344.505944070398982      21
5 9739.5528125235814514     62193.298222126286419      26
6 9504.3870508281070215     31490.119000166418118      32
7 9437.1943600766826421     1138.4303079961580352     37
8 9481.6521809464702528     10577.140655762976166      42
9 9451.3153327526670182     5234.6134327557147117     48
10 9122.5022325930804072     1110.7163902181282538     53
11 8600.2643293599430763     3228.2688294893878265     58
12 9153.7223851861454023     642.32992166858423388    64
13 8986.7380633926659357     2143.7365551407929161     69
14 9083.493642036411984      562.88812320727345195    75
15 8959.8539191612853756     1471.855022992943077      80
16 8928.0528567224282597     3844.2024901822874199     85
17 9085.116855083975679      1699.0498996071078182     91
18 8971.0142052806113497     3618.3730472940919753     96
19 9471.4911116067887633     76489.982085929004825      102
20 8970.5422539536139084     5944.7702372287258186     107
21 9175.4366362522778218     211.44591939110136991    112
22 9826.0322399622818921     589.31610540691258393    118
23 9147.2276766686954943     1606.5052232146381357     124
24 9157.8767883661203086     1546.1089342030963962     129
25 8968.5506943768141355     6130.5553674114089517     135
26 9813.5447416919741954     498.6656569606536209     140
27 9406.4632819640537491     1612.5349220071616401     146
28 9267.5697092294612958     634.74121086833440586    151
29 9446.4401041540877486     168.41886421631733128    157
30 9619.577224648281117      228.27422476752101943    162
31 9221.2581677244252205     10918.033510109469717      168
32 9042.6618573964369716     1945.5313390967819487     173
33 9639.5352563173946692     5791.225407850938609      179
34 10021.795941669290187      14689.687524328262953      184
35 10372.844755699687084      1122.7989791385389253     189
36 9183.6844130329063773     1917.8182107811953756     195
37 9619.6547200369932398     120847.8987050135911        200
38 9796.1433349972739961     3154.0455736232315758     206
39 10592.990436451274945      881.23738209660598386    211
40 9139.1263170960228308     1068.1892393756020283     217
41 10004.330100098042749      2194.78565908867904       222
42 9304.3254596040333126     348.59032036309008618    228
43 9111.3208441302158462     1171.8999522120248002     233
44 9171.5538589275802224     105.06879771620683073    239
45 8504.7627958415887406     4575.8286707378110805     245
46 10058.85452174697275       1688.0197959631268532     250
47 9174.0705809412575036     438.74979156542241299    256
48 9764.5934211640105787     456.14472707179027111    261
49 8684.981918168017728      1051.808480980715558      266
50 9191.0523555834915896     2571.9244123996859344     272
51 9181.3332672474080027     1968.1466498190391121     277
52 9184.515171161856415      12139.272965229882175      283
53 9246.1662683664781071     1885.4500590166258007     288
54 9340.3201549608656933     71815.885968105416396      293
55 9952.7757069578055962     456.27610925222643345    299
56 9256.7357084871127881     3360.3246052685949508     305
57 9739.7292529312289844     609.05747185326686122    311
58 9599.6651051919834572     294.64835494790906978    316
59 9114.6208946988608659     733.08063291766768543    322
60 9016.7411658354558313     168.43123124136877777    327
61 9179.9328151922418328     445.61213114960855819    332
62 9179.5066253858803975     1742.6100576558997091     338
63 9720.7468674667034065     709.62951468830101476    343
64 9338.3325286737217539     2995.1022895552878254     348
65 9192.0869995950833982     2186.1958829073641937     354
66 9187.511586414915655      1552.8205060718919412     360
67 9111.9123401325687155     607.55929150899510205    366
68 9150.0925052132097335     176.46273453302984535    371
69 9167.5550923971622979     850.71737966352884541    377
70 9424.1663003791491064     537.06055487584740149    382
71 9177.236327549589987      1889.998620223540911      388
72 9148.6437055276728643      60.084189147646661411   393
73 9126.4302047301389393     119.63276116265241455    399
74 8886.4221871732206637     3657.8741782987922306     405
75 9157.3920226823938719     654.69757903752361017    410
76 9339.4727647877007257     898.95321189394553585    415
77 9134.3019546834602806     484.03032748043727906    421
78 9167.3058904178378725     569.42617126230550184    426
79 9404.9417352586388006     249.75812565575918711    432
80 9207.3251791692491679     1017.335452585211101      437
81 9221.6560446167204645      64.502223642823565797   443
82 9148.2592099131943542     159.29614950433253284    448
83 9161.3622941553985584     2171.9315281490830785     454
84 9299.02363405126016       619.39809188493904912    459
85 9169.0573430082586128     378.38198131647061473    465
86 9083.5979011489325785     121.39038557761764991    470
87 9118.5092171005780983     187.33857099721026884    476
88 9123.5739241149858572     530.34232605303316177    481
89 9262.109562849298527      613.97562614424953154    487
90 9087.621307621780943      427.82343744268035834    493
91 9096.6392204834210133     989.29263701047693758    498
92 9137.4594884713224019     1065.5703694752871797     503
93 9214.519487014706101      1041.1158731221623839     509
94 9216.8890994489484001     881.61450133647440452    514
95 9149.3498186229771818     127.21107724285027984    520
96 9149.5880278748045384      43.640517547096933981   525
97 9221.3254336625795986     1174.9790132352677574     531
98 9115.4958395600915537     530.17964882049943753    536
99 9155.3705975550019502     215.55278216097781296    542
100 9080.2872992394513858     281.13897515677945194    547
101 9191.341762530257256      569.68084645844066927    553
102 9275.6339505446376279     508.34469743531110453    558
103 9078.9527827703223011      44.20646702873314382    564
104 9119.6762858912625234      42.631818931041507881   569
105 9096.2694367079366202      42.132218520602009448   575
106 9056.5287379010787845      42.299909693472685035   580
107 9088.4745689163464704      30.449285539825815761   586
108 9223.4715336028475576     944.64384408594855813    591
109 9035.7116531604169722     535.95534724822528005    596
110 9092.8636376164577086     457.20151625380941596    602
111 9313.9965197308356437     406.76124026868797046    608
112 9178.1335076485502213       8.2541335896953373918  613
113 9208.9288780513143138     304.36151463634007541    619
114 9188.5848802488217189     146.72966400801286113    624
115 8938.1715240947542043       6.9905957384593966353  629
116 8574.911996186041506      235.24816853138918304    635
117 9184.009700117414468        0                      640
118 9644.6846618412237149     205.78687270470246062    645
119 9504.5243735398253193     1070.7718438521606004     651
120 9338.0212777124816057     474.24862114181519246    657
121 9089.8447861940494477     365.46610962278111856    663
122 8402.6802375954866875     470.92888955715284283    668
123 8672.4109771273724618      15.695661575347500616   674
124 8903.0615351854339679       2.7563518304893817046  679
125 8841.299575827215449        6.2271506436830037501  685
126 8736.0650590703135094       1.2921215541893120715  691
127 8883.6919432907543523       0.00089835088797256203 696
128 9219.2520672334176197      82.430776940379473672   702
129 8668.2535264721118438       7.7966330461783828198  707
130 9034.8596504026609182     254.29668318434744378    713
131 8938.7370158804478706     213.29560987141366013    718
132 8482.3127645454496815     118.34305655591170137    724
133 10842.57562107367994        23.495182541565338141   729
134 8449.9216178985516308     3502.1243032804363793     735
135 9149.2183150770360953       0                      740
136 9323.7707341023706249       0                      745
137 11740.744081544900837       15.434088068668293303   751
138 8642.4191527536786452       0                      756
139 8902.5383688031542988     8619.9260675691875804     762
140 9031.4091649384445191       0                      768
141 8837.5810049990141124       0.05272981772072844742 773
142 9198.0850249777868157       0                      779
143 9043.6371395343594486       0                      784
144 8583.8017136555863544       0                      789
145 8493.9048405304783955       7.8483612797413320195  795
146 8995.8525530201404763       0                      801
147 8937.5887379598916596     165.68389319871508292    806
148 8942.9886497885054268      56.507333349302868442   812
149 9033.2102982689484634       0                      817
150 8344.4502860217762645       0                      822
151 8837.3303649549980037     850.46753759717967114    828
152 9351.8558921720068611       0                      833
153 9244.8709959049756435       0                      839
154 8476.6051944822029327      20.05065398631422724    844
155 8949.9562897260475438       0                      850
156 8343.1446602084397455      19.68977965442113387    855
157 8652.8802174069915054     1534.3634615868527362     860
158 9645.5042265444681107      48.523654917014269472   866
159 8649.6428126454211451     391.0270661894139721     871
160 9887.5524960882430605     358.18256543390782554    877
161 8506.3789035840090946     139.38751646869619094    882
162 8523.5716397609994601     23772.416116980799416      887
163 8514.0973190416189027     1696.1011168575716965     893
164 9716.1102754288112919     1546.5592113146003612     898
165 10294.933001892251923      2407.2282839728018189     904
166 8544.8509241365209164       0                      910
167 9370.7587775705123931       0                      916
168 9271.8135544444376137       0                      921
169 8513.1151921098444291       0                      926
170 8557.9415472757627867       0                      932
171 8245.0016955726296146      51.14174594600732604    937
172 8258.6849867528417235      11.540081905019903274   942
173 8486.5236320311942109     1024.8339170335473227     948
174 8495.792097495881535        0                      953
175 8766.9911799655674258      33.498858003354769153   958
176 8475.8897509155594889       3.9167161293400964972  964
177 8504.8514787121730478      35.781202771645759242   970
178 8490.9528071142212866      12.290443736724194324   975
179 8173.5336530515905906     277.00654466842638612    980
180 11341.135391227575383      452.61607121038457535    986
181 8347.0449818805554969     149.25160984278525689    991
182 8339.8035433501881926       6.4511678038618214259  997
183 8724.9951097670764284       0                      1002
184 8724.8844232290648506       0                      1008
185 8456.7946810324301623      51.125658970062694664   1013
186 8630.1082198193817021      66.99388063844948249    1018
187 8418.9866208870917035       0                      1025
188 8353.1218148713414848       1.0022500068685518126  1031
189 8474.7194807428277272       2.4759733547426279188  1036
190 8295.9271207913152466       0                      1041
191 8302.1871202147740405     440.71300443972882022    1047
192 8537.0108788653196825       9.8002801959586030023  1053
193 8787.8095693452341948       2.5230619635348481289  1058
194 8457.2581614737409836      90.270687381566673935   1063
195 8545.3090545492377714     102.74348911070048018    1069
196 8135.8732025674489705     170.46820843541379986    1074
197 8523.432276690400613       10.979852637248296077   1080
198 8295.4973368309456419     174.07865916834063569    1085
199 8325.1475224259702372      10.148994213629036309   1091
200 8302.8899309212738444     996.99826110324090678    1096
201 8313.8605946045190649       0                      1101
202 8521.0790397916662187       0                      1107
203 8582.7857961015542969      21.804075429201969172   1112
204 9871.71752347193069       138.09046917147946942    1117
205 9052.6837551785847609       0                      1123
206 8452.8422187620089971       0                      1128
207 8406.6556860252749175      13.237655824236451707   1134
208 9250.2297241521519027     386.70787606180226703    1139
209 8442.687482988130796       89.945284730935654238   1145
210 8607.9739366929825337      60.904167718653646091   1150
211 8220.526926008724331      229.08520073053117017    1156
212 8293.2229157151414256       0                      1161
213 8551.9615107443860325      47.327130911779413225   1169
214 9981.7161213142207998       9.7371511143664086774  1174
215 8266.8004250594276527       0                      1180
216 9105.0356853534722177     350.36185450473266201    1185
217 8312.8186693346451648       0                      1191
218 8670.0828949973929411      66.348859378779408758   1197
219 8388.6698981477165944      89.231451085915736599   1202
220 8441.7321977029350819      72.631787687397007858   1207
221 8496.4560300019893475      61.061732911267100121   1213
222 8177.702962789875528      399.12598591065210485    1218
223 8189.0935072110369219       0                      1223
224 8692.4877968728069391      36.346466189593300555   1229
225 8611.352527954200923       19.301144102236808209   1235
226 8989.8384093367640162      14.561232261595714377   1240
227 8933.7068224703361921      31.661349889778826139   1245
228 8283.6198040590024902      73.426983706911727268   1251
229 8163.4125310071485728       0                      1256
230 8167.2411671622276117       0                      1262
231 8574.8798424291326228       0                      1268
232 8888.7839127171700966       0                      1273
233 8201.835880924922094       28.609549297120903333   1278
234 8467.7458976152847754      44.69212956791238156    1284
235 8164.5163431835235315       0                      1289
236 8245.5383685611250257       0                      1295
237 8470.736053352982708        6.9630389930210991878  1300
238 8500.577502368047135       45.060817964218180975   1305
239 8230.2279770316781651      50.693593741922249762   1311
240 8254.6587775304578827       0                      1316
241 8838.9476433121235459     247.09958327926580068    1321
242 8256.9247814580630802     215.35035440133697193    1327
243 9253.4100050078159256       0                      1332
244 10383.320709534327762      1091.9619398541144619     1337
245 8162.4807098120963929       0                      1343
246 8346.80355669153505         0.00076756715773406402 1349
247 9521.332073958205001      603.46488806284901329    1354
248 8413.3388273652708449       7.0294095441193249485  1360
249 9102.1276800937048392       0                      1366
250 8115.9081290719768731      71.509695693991005783   1371
251 8111.4521918509526586       3.0091178485098053486  1376
252 8116.0695836500262885       0                      1382
253 8112.6351275022771006     132.4658508411984883     1387
254 8461.5468067491929105      31.278097335613907148   1393
255 8441.4386608343702392       0                      1398
256 8118.8328085494904371      99.899582073191425025   1404
257 8364.3309575147923169       0                      1409
258 8435.356659428214698        0                      1414
259 8481.3955394939202961       9.7935015052756568821  1420
260 8494.5226156880999042       0.10130269305639932886 1425
261 9014.0741501226184482     165.9946131549321251     1430
262 8117.5637737746919811     361.80288850947420087    1436
263 8131.9434304815531505      77.629647940852521515   1441
264 8137.0044069800196667     134.04072395930765538    1446
265 8211.6202728738935548       0                      1452
266 10470.853791184217698      4054.4771949344985842     1457
267 8130.6444608801248251      10.409936820116294953   1463
268 8859.9545195829105069      17.984924757016059971   1469
269 8493.9991200117874541       0                      1474
270 8481.1231253322694101      16.060974667725897547   1480
271 8163.4467720063075831       0                      1485
272 8480.366678258700631        0                      1490
273 8258.8004311960812629       0.01854717678484455942 1496
274 8121.1464309101202161     100.68790422938501194    1501
275 8189.5498951060435502       0                      1507
276 8638.1260471227251401       3.8410651137627409568  1512
277 8479.5361375817992666      15.675550150886500944   1517
278 8412.5594951548901008     200.80542854844063072    1523
279 8762.205899314938506       17.506942187688064649   1528
280 8515.6224843532090745     242.37053715900796647    1534
281 8150.4248148619626591       0                      1539
282 8306.5322520705394709       0                      1545
283 8292.2439365209502284       0                      1551
284 8441.0640870963179623       1.3349661078265093739  1556
285 8092.4326430251931015       0                      1561
286 8521.7629499172035139     793.74718006829243677    1567
287 8209.588978212854272        0                      1573
288 8208.0752025289002631       0                      1578
289 8705.3682962007005699      14.9795753902512363     1583
290 8153.2937036717157753      99.162952414826861514   1589
291 8386.3598033279631636      37.219360192705153167   1594
292 8091.5986422175392363       0                      1600
293 8115.4994550938063185     1143.3681990790241798     1605
294 8250.4100799368789012       0                      1611
295 8252.0093777071651857       0.17600190129647724779 1616
296 8428.5878475161152892       0.4304427960119816543  1622
297 8167.0544309592587524      60.558123331499295716   1628
298 8189.7932205312745282       1.4572889335936851651  1633
299 8506.1079131559781672      23.976040239906001972   1639
300 8094.8392948201935724     102.45051135688180466    1644
301 8106.4286680620698462       0                      1650
302 8199.7606066488879151     144.81445234074072914    1655
303 8091.7554466155997943     362.96974477430075012    1661
304 8249.4150641682481364       0                      1666
305 8951.8545689143920754      25.57987994600217263    1671
306 8265.7789525548832898     1604.5705834728858008     1677
307 8868.7376209277463204     150.93090170005376649    1682
308 8467.2738739731848909     616.91431310551126899    1688
309 8194.3069078285352589       0                      1694
310 8156.695130245972905        0                      1699
311 8123.1359765943170714       0                      1705
312 8103.4980088377651555       0                      1710
313 8190.1092373735018555      67.735099700825898594   1715
314 8255.0196655770978396       0                      1721
315 8091.2582677902428259       0                      1727
316 8146.1494884686671867     2194.5291650871017737     1732
317 8187.9027015029696486       0                      1738
318 8176.293067990790405        0                      1743
319 8229.7840193823121808       0                      1749
320 8106.6022783029675338       0                      1754
321 8089.1385536139441683       0                      1760
322 8150.9684001401446949       0.19572009111067198428 1765
323 8317.8120686871261569      12.834287814348977363   1771
324 8329.8121005150751444       0.38157518083135383291 1776
325 8217.8693537012914021       0                      1782
326 8260.0270127660023718     110.72222434293242088    1787
327 8317.6930241196369025      51.350532369014295853   1793
328 8094.2920444740357198       0                      1798
329 8094.8468736290797096       0                      1804
330 8114.4600467056880007       0                      1809
331 8157.7871352915526586       1.9121744934900999358  1815
332 8090.9728831190095661       0                      1821
333 8148.3924055599618441       3.4376270004749689413  1826
334 8286.3969448398456734       1.5740158018283947339  1832
335 8373.1515318483143346     458.42042019561347388    1837
336 8102.9781836300262512     270.20326032948952388    1843
337 8732.8749236141629808      77.561044717204040921   1848
338 8107.4593311751559668       0                      1854
339 8111.0050559373776196       0                      1859
340 8134.6339679425946088       0                      1865
341 8175.0893153514462028       0                      1870
342 8260.9774672050498339     125.63008563549101382    1876
343 8280.0870711912793922      53.780105658669697277   1881
344 8089.2026798957158462       0                      1887
345 8089.9670626853330759       0                      1892
346 8101.3010251459218125       0                      1898
347 8090.7052628772253229       0                      1903
348 8086.8610313797535127       0                      1908
349 8108.3896259642797304     877.65506237173610771    1914
350 8117.9797563878346409       0                      1920
351 8388.9498047818196937       0                      1925
352 8116.1905937633418944       0                      1931
353 8237.2798226858849375     157.08895864466012426    1936
354 8278.7632679052967433      54.302559940559781637   1942
355 8087.9045091796378983       0                      1947
356 8111.3026339520010879       0                      1953
357 8153.2739009214556063       0                      1958
358 8086.9892325974542473     338.45206243871660945    1963
359 8086.9011102522099463       0                      1969
360 8088.0875519014371093       0                      1974
361 8105.9787895990357356       0                      1980
362 8117.0353480120029417      21.758551365372042596   1985
363 8310.4752840578294126     123.20542364976779481    1993
364 8570.3786302526368672     927.46930288660746555    1998
365 8140.5834391467888054     191.38066429777103394    2004
366 8100.6760967885538776       0.00288311062579304838 2010
367 8101.866360680890466        0.01516572089517423047 2015
368 8163.8753549918292265     1696.5822002131926638     2021
369 8172.6541672042731079       0                      2026
370 8422.3958637285431905     257.83034563160771313    2032
371 8361.2171859298978234      76.816115511563793916   2037
372 8100.6853960613889285       0                      2042
373 8087.2500776805682108       0                      2048
374 8087.3978050316027293       0                      2053
375 8087.3115089799812267       0                      2059
376 8099.7001964218279682       1.8930772413024452572  2065
377 8100.8203844898444004       0                      2070
378 8090.9778826362135078     132.1701680733184503     2075
379 8102.4618319724186222     123.32364341699302202    2081
380 8213.3354297611876973     177.56602694954409571    2086
381 8544.3571977050178248     756.82631758567981706    2092
382 8092.1210920105204423     257.0883455390124368     2097
383 8091.635275012985403        0                      2103
384 8089.3428274401130693       0                      2109
385 8140.2985489796647016       0                      2114
386 8140.1435642375117823       0                      2120
387 8150.4932466224345262     160.53085281347151181    2125
388 8114.4620713101794536       0.14270727071015054666 2131
389 8090.070427338780064        0                      2136
390 8086.4839302955660969       0                      2142
391 8093.9241513140077586       0                      2147
392 8089.1302113595347691       0                      2153
393 8091.0983852949930224       0                      2159
394 8131.7635011755337473       0                      2164
395 8125.9202398227389494       0                      2169
396 8137.1174732276913346     116.81421138941492188    2175
397 8119.0427751565166545     178.16298643499590071    2180
398 8087.505847259915754        0                      2186
399 8086.7948693988764717       0                      2191
400 8088.6151875935065618       0                      2197
401 8094.2050492341841164       0                      2202
402 8087.5187528154110623       0                      2208
403 8092.8058837559065068     115.73486180091903464    2213
404 8087.6879496139772527       0                      2219
405 8092.8837676771545375       0                      2224
406 8352.0885068980860524       2.1158900014952664037  2230
407 8343.1919920010623173       0                      2236
408 8089.5460759429570317     338.34969651392310652    2241
409 8088.6999674797298212       0                      2247
410 8217.0639100476164458       0                      2253
411 8095.007538167270468        0                      2258
412 8094.635834893712854        0                      2263
413 8223.023065691399097      171.21776330419339729    2269
414 8153.3948491590808771     136.93498142705871601    2274
415 8090.1086564194865787       0.01715666609770733278 2280
416 8087.8396264359689667       0                      2285
417 8087.5533272911370659       0                      2291
418 8086.4166104457035544       0                      2296
419 8086.462776405571276        0                      2302
420 8463.8567097691557137       9.2689873317244479978  2308
421 8090.2908064567400288       0                      2313
422 8639.9070055679312645     712.9834423088108224     2318
423 8154.8969869301508879     135.05763486614304725    2324
424 8090.2094465951840903       0.04557078159784563876 2329
425 8086.8088272773302378       0                      2335
426 8086.5263275755951327       0                      2340
427 8085.1412710779413828       0                      2346
428 8092.6356237546324337       0                      2351
429 8088.1243392010683237       0                      2357
430 8088.2403796274629713       0                      2362
431 8628.4354926733431057       2.8826514869322239498  2368
432 8597.6993833083542995      53.965466030010823317   2373
433 8104.4732056404573086     186.57408628872647682    2379
434 8189.8014055320709303      95.034991096008340605   2384
435 8091.3330665397033954     108.82612264658452261    2390
436 8088.1489491146503497       0                      2395
437 8084.8905656443084808       0                      2401
438 8087.76426440994328         0                      2407
439 8084.3762926203016832       0                      2412
440 8179.8133037698517001     129.42564422880721509    2418
441 8084.8246492636044422       0                      2424
442 8100.5668309906004652       0                      2429
443 8088.7868397391121107       0                      2435
444 8094.2761796287968536       0                      2440
445 8180.7398502103669671     105.26577948831589993    2445
446 8286.7219117997010471      50.584886109703845136   2451
447 8116.3014781239135118       0                      2456
448 8095.6523496394129324       0                      2462
449 8098.9503759815779631       0                      2467
450 8087.6814687210735428       0                      2472
451 8088.3439528613089351       0                      2478
452 8092.0725512554654415       0                      2484
453 8093.5027809573603008       0                      2489
454 8095.6503765955430936      91.146739058251000642   2495
455 8221.1566231162505574       0                      2500
456 8525.5430339658360026     222.2944030356586893     2506
457 8117.2112133401078609     211.81921463648959048    2511
458 8192.4030676447036967      93.89938208296301525    2517
459 8083.132176413394518        0                      2523
460 8128.0086336999283958     309.52753209815898572    2528
461 8085.9468226292810868       0                      2534
462 8105.5780083476283835       0                      2539
463 8194.1314649464129616     109.96149176291513072    2545
464 8279.2454188304291165      77.527967465306488748   2550
465 8095.9645576479379088       0                      2556
466 8265.23613593801565         0                      2561
467 8113.3811298582286327       0                      2567
468 8085.1581337194502339       0                      2572
469 8085.4679231143172728       0.08758053117143040078 2578
470 8087.5583228490822876       0                      2584
471 8132.0789968732433408       0                      2589
472 8086.4101025700674654       0                      2595
473 8090.2800413829891113     129.79870213345333241    2600
474 8580.6017028873975505      43.077632734987744811   2605
475 8085.7691619338493183       0.1770033145935640817  2611
476 8117.2183211334404405     262.51720943039293843    2617
477 8084.66912042520471         0                      2622
478 8084.6679227925160376       0                      2628
479 8197.0659465907519916      14.836935763938845056   2634
480 8201.4407117400205607     191.80445348410319184    2639
481 8258.9466785833028553      59.144421201521680587   2645
482 8127.5750236613039306       8.7395752269145177138  2650
483 8088.9152601847326878       0                      2655
484 8085.0515996718750102       0                      2661
485 8089.4739773277760833       0.24488092984177642353 2666
486 8083.2284581011717819     316.52150689965566244    2672
487 8083.7214577157674285       0                      2677
488 8083.6786824409973633       0                      2683
489 8083.7155467366528683       0                      2688
490 8090.6453592402704089     222.4461486650936024     2694
491 8359.5572883353834186       0.71190941991519440801 2699
492 8362.0169977316654695       0.28084255763127369265 2705
493 8113.3565094637697257       0                      2711
494 8088.8547185323377562       0                      2717
495 8206.1516832397592225     237.57084376764106537    2722
496 8094.3132249201853483     245.42001553065071562    2728
497 8084.366635501224664        0                      2734
498 8084.3719870174509197       0                      2739
499 8084.8473753238667996       0                      2745
500 8082.4066294541835305       0                      2750
501 8081.9275100331478825       0                      2756
502 8089.6946219029641725       0.56970414697905114032 2761
503 8190.7580106934865398       0                      2767
504 8190.7775898490181135       0                      2773
505 8085.5477644546017473       0                      2778
506 8085.7287057877256302       0                      2783
507 8286.4907229320124316      59.566684627457917145   2789
508 8121.867678287138915        5.9815185142593607637  2795
509 8088.9269659744177261       0                      2801
510 8082.21247741942625         0                      2806
511 8082.6564523652132266       0                      2812
512 8089.6400385647020812       0                      2817
513 8083.1224305469295359       0                      2823
514 8088.1000714077745215     294.77386930432368217    2829
515 8092.9193198709654098      95.832444943436527751   2834
516 8121.8209974226074337       0                      2839
517 8339.8411352517141495       0                      2845
518 8356.8173564129519946      41.314874853079224692   2850
519 8084.6358940761238046       0                      2856
520 8088.360755133474413        0.13859836751186174753 2862
521 8087.0016426849360869       0                      2867
522 8082.1013300373397215       0                      2873
523 8345.2819408433897479       8.7461714173856908161  2878
524 8349.9320752792355051       7.0878179045436304762  2884
525 8248.1024638937524287      56.928068782316366025   2889
526 8486.0478446573397378     554.90557780146241385    2894
527 8082.2782236381790426       0                      2900
528 8081.9711825926433448       0                      2905
529 8082.2096710030336908     338.91646533081768666    2911
530 8082.4422697862328278       0                      2916
531 8086.6339761495537459       0                      2922
532 8083.5022883583969815       0                      2927
533 8082.9384253744465241       0                      2933
534 8085.0459335444502358       0                      2938
535 8355.5147149460844958     104.71144785814975364    2944
536 8350.0201249548990745     437.75220851152784007    2949
537 8084.3088550083866721       0                      2955
538 8086.1781389652696816     259.30912931429537593    2960
539 8086.0744852401621756     260.85374660748573206    2966
540 8331.7949973679515097       0                      2971
541 8091.9939346584105806     294.53581947429978527    2977
542 8084.2184383372177763       0                      2982
543 8082.2238715632074673       0                      2988
544 8081.9981855803316648       0                      2994
545 8082.8633370482220926       0                      2999
546 8082.3505399601608588       0                      3004
547 8082.3322713474117336       0                      3010
548 8082.9937244023358289       0                      3015
549 8083.1530468521686998       0                      3021
550 8088.4082543645781698     112.86400069989704775    3026
551 8342.927143302771583       91.250931828352477737   3032
552 8358.0108872513374081     396.50639851641790301    3037
553 8082.6724625947581444       0                      3043
554 8084.0633013229125936       0                      3049
555 8083.7000449445395134       0                      3054
556 8365.3039218350095325       0                      3059
557 8091.2179743426913774     298.85084673103955311    3065
558 8084.3194980146672606       0                      3070
559 8081.9561980128146388       0                      3076
560 8081.9774696234180738       0                      3081
561 8082.0106572130862332       0                      3087
562 8082.9282194359311688       0                      3092
563 8081.928305316560909        0                      3098
564 8082.1794961160221646     335.2874765746495882     3103
565 8082.7954514076955093       0                      3109
566 8084.0097636778164087       0                      3114
567 8343.4029101094056387      89.117697012025956838   3120
568 8359.3179325350429281     410.08742737462659989    3125
569 8086.6581924955353315     124.53929301127381279    3131
570 8094.0626093279088309     188.55684957633690146    3136
571 8082.2664725917275064     338.83234263465482172    3142
572 8081.9435539060023075       0                      3147
573 8082.7586518404023082       0                      3153
574 8081.9302842774868623       0                      3158
575 8081.9482651707003242       0                      3164
576 8081.923754422005004        0                      3169
577 8081.9223597294612773       0                      3175
578 8082.0069370723649627       0                      3180
579 8083.4073394509014179       0                      3186
580 8082.2270825959249123     334.60441449719218099    3191
581 8081.943666352092805        0                      3196
582 8081.9688943417022529       0                      3202
583 8081.9251842932926593       0                      3207
584 8081.9275590463548724       0                      3213
585 8081.94890186210705         0                      3218
586 8082.1704434548855716     333.057266298768468      3224
587 8082.8258668171220052       0                      3229
588 8082.7600757872942268       0                      3235
589 8084.1563295876703705       0                      3240
590 8347.8917593260612193     382.87192705548164895    3245
591 8360.1540311454846233      73.219313512182665704   3251
592 8081.9372548824549085       0                      3256
593 8081.9978799913469629       0                      3262
594 8084.088155958875177        0                      3267
595 8082.1879022740458822     335.65117820807182625    3273
596 8081.9278156039663372       0                      3278
597 8081.9260978356242049       0                      3283
598 8081.9329116275994238       0                      3289
599 8082.1705124496838835     333.89473909028407661    3294
600 8083.9953911360162238       0                      3300
601 8082.0019793339379248       0                      3305
602 8082.7607131310860495       0                      3310
603 8082.985382002481856        0                      3316
604 8350.4780808452269412       1.1676448914434149895  3321
605 8344.652827301146317        0                      3327
606 8081.9581649078227201       0                      3333
607 8081.9778840238832345       0                      3338
608 8081.9223597294567298       0                      3344
609 8081.9223597294558203       0                      3349
610 8081.9223597294485444       0                      3354
611 8081.9223597294530919       0                      3360
612 8082.0961968656656609       0                      3365
613 8082.2299942843719691       0                      3371
614 8082.2169671185620246     335.94350731677820932    3376
615 8081.9448302513519593       0                      3382
616 8081.9182201605790397       0                      3387
617 8081.9421759543902226       0                      3393
618 8083.6941260711382711       0                      3399
619 8082.2152981133731373     335.10382507253308404    3404
620 8081.9448302513228555       0                      3410
621 8081.9325615497955368       0                      3415
622 8082.7568483439581541       0                      3420
623 8081.9202143683096438       0                      3426
624 8081.9343289171465585       0                      3431
625 8081.948901862108869        0                      3437
626 8082.172014959873195      332.22067608558791107    3442
627 8082.9246467390485122       0                      3448
628 8083.980684151524656        0                      3453
629 8346.8702454173107981       0.00125510208537194835 3459
630 8347.2475022824182815       0.00214428080086240215 3464
631 8088.3101539460212734     113.41666132197424588    3470
632 8088.4033832734512544     114.41601374050020468    3476
633 8082.2152981133740468     335.10382507252973028    3481
634 8081.9201429423656009       0                      3487
635 8081.9232918639072523       0                      3492
636 8081.9460475012965617       0                      3498
637 8081.917729645891086        0                      3503
638 8081.925277589282814        0                      3509
639 8083.6741737826660028       0                      3514
640 8082.2418193480061746     335.96513381784529884    3520
641 8081.9252157764040021       0                      3525
642 8081.9467157991539352       0                      3531
643 8081.9212586271778491       0                      3536
644 8082.0049219017455471       0                      3541
645 8082.7557501437313476       0                      3547
646 8082.9265485542155147       0                      3552
647 8083.9828830055248545       0                      3558
648 8088.3051144644559827     111.96952452672036316    3563
649 8344.6539334654917184       0.45015896711702263477 3569
650 8351.7905181143742084      28.630828202696559259   3574
651 8081.9201429423737864       0                      3580
652 8085.9909274290494068       0.09239418932360270176 3586
653 8082.183231818466993      335.30906984083401312    3591
654 8081.9164530493508209       0                      3596
655 8081.9224936411919771       0                      3602
656 8081.9394923169302274       0                      3607
657 8081.9228712807307602       0                      3612
658 8082.1705124496993449     333.89473909029095466    3618
659 8081.918405026700384        0                      3623
660 8081.9206506800455827       0                      3629
661 8081.9162586047232253       0                      3635
662 8081.9246942478057463       0                      3640
663 8081.928566463046991        0                      3646
664 8343.3528213455374498       0                      3651
665 8345.6131820597147453       0                      3657
666 8082.1705124496957069     333.89473909029447896    3662
667 8081.9214506986809283       0                      3667
668 8082.7553606170868079       0                      3673
669 8081.9228707309985111       0                      3678
670 8081.9452364257558656       0                      3684
671 8081.9203794707837005       0                      3689
672 8082.1804506609259988     333.38400756577499351    3695
673 8081.9993606999514668       0                      3701
674 8082.9197071597036484       0                      3706
675 8345.7768669512315682      67.150246863543117115   3712
676 8355.6452530987553473     349.07186129875015013    3717
677 8092.1596810333167014     137.82488174614522336    3722
678 8082.9260677926358767       0                      3728
679 8085.981589598221035        0.08457899704781721151 3734
680 8345.6131820597202022       0                      3739
681 8344.2956988960431772       0                      3744
682 8082.1664517032786534     334.17885437352015288    3750
683 8081.9164530493426355       0                      3756
684 8081.9171287848039356       0                      3761
685 8081.9154192493651863       0                      3767
686 8081.9227725220271168       0                      3772
687 8081.9997902212680856       0                      3778
688 8081.9997902212571717       0                      3784
689 8345.5205784191057319       2.6606144629756594     3789
690 8346.0265871604660788       2.7471705828451442599  3794
691 8082.1621840138304833     333.62475919998877316    3800
692 8081.9191948144507478       0                      3805
693 8081.9428681556437368       0                      3811
694 8082.0049219017391806       0                      3817
695 8081.9899584987388153       0                      3822
696 8082.0018877256161431       0                      3828
697 8082.1675192900283946     332.80885166625824922    3833
698 8082.7539192050271595       0                      3839
699 8082.920219934857414        0                      3845
700 8347.7777682314917911      83.720578423481825325   3850
701 8352.1764107983053691     368.7298005184781573     3855
702 8081.9238556177615465       0                      3861
703 8081.9232068114870344       0                      3867
704 8348.8070193764651776       1.1786690936448320777  3872
705 8082.1687471243776599     335.32362760160043536    3878
706 8081.916453049339907        0                      3883
707 8081.9932133078846164       0                      3889
708 8082.7577255126752789       0                      3894
709 8082.756175347174576        0                      3900
710 8081.9162248666279993       0                      3905
711 8081.9432299018026242       0                      3911
712 8081.9155207554531444       0                      3916
713 8083.6294847057542938       0                      3921
714 8088.3104717646374411     111.30921465429506156    3927
715 8346.2134475194288825       0                      3933
716 8347.8944842989185418       0.98908089196408277566 3938
717 8081.920563433177449        0                      3944
718 8343.2103333831073542       0                      3950
719 8343.8657551313463046       0                      3955
720 8082.1720482335822453     335.03912000887265776    3961
721 8081.9963644690187721       0                      3966
722 8081.9964873423859899       0                      3971
723 8082.8066464870689742       0                      3977
724 8083.9859596901687837       0                      3982
725 8084.0148496456431531       0                      3987
726 8083.9888614348865303       0                      3993
727 8346.7422827539849095       0.00039943267224243871 3998
728 8346.5909493916242354       0                      4004
729 8081.9590547832203811       0                      4010
730 8347.600830958921506      121.46026131189228181    4015
731 8081.9787653297980796       0                      4020
732 8081.9174005135373591       0                      4026
733 8081.9168212659114943       0                      4031
734 8083.4606648546787255     297.94204918646738633    4036
735 8082.1690044053348174     331.09392433110394904    4042
736 8083.9861339457593203       0                      4047
737 8345.8776727185922937      88.721538583978158954   4053
738 8353.3058852369613305     388.40708068975101241    4058
739 8082.8019485329887175       0                      4064
740 8347.6277738690641854       2.8972250737184617186  4070
741 8081.9514904483830833       0                      4075
742 8082.9243041907993756       0                      4081
743 8081.9448984766613648       0                      4086
744 8082.9495086482684201       0                      4091
745 8082.9528777068044292       0                      4097
746 8347.5733021899759478       0.1127529099127321105  4102
747 8346.6864235766952334       0.00015054916162948517 4107
748 8346.5513343282545975       0                      4113
749 8081.9332671049669443       0                      4119
750 8340.4661885045279632       0.27188707727860439434 4125
751 8081.9296437372568107       0                      4130
752 8081.9434730164439316       0                      4136
753 8082.5483978537758958     357.51368493820001504    4141
754 8083.4625580414085562     298.81010018026483976    4147
755 8085.2139057019194297       0                      4152
756 8086.7088718298364256     127.59961991101010881    4157
757 8346.0264271837586421       0                      4163
758 8348.1158649488970696       0.11481973709282998486 4168
759 8081.9925406826623657       0                      4174
760 8349.2644845781323966       3.9964038170983209319  4179
761 8081.9195003569802793       0                      4185
762 8082.78221192761157         0                      4190
763 8082.7542157239631706       0                      4196
764 8083.9809942730416878       0                      4201
765 8344.507000179399256       89.5598875776930754     4207
766 8354.5653897417432745     389.4686183882045043     4212
767 8082.0187180667826397       0                      4219
768 8343.8657551313481235       0                      4225
769 8082.8029234429477583       0                      4230
770 8083.9862395699337867     343.25545802221870417    4235
771 8092.1261813237551905     137.01832495083709773    4241
772 8086.6468671088141491     126.61396049690118559    4252
773 8083.9588659387491134     323.2129813385450916     4262
774 8346.7093669034875347       1.0097186280616676779  4272
775 8349.7536583881446859      29.54610689488968589    4278
776 8083.9860435933605913       0                      4284
777 8082.7626878848213892       0                      4289
778 8342.6287210784685158       0                      4295
779 8082.1662878288416323     333.64622800430112193    4301
780 8082.0224283730785828       0                      4307
781 8082.1652295206831695     331.9509201403240013     4312
782 8083.9895338561073004       0                      4318
783 8088.3078040217133093     110.80546265374479731    4323
784 8092.1517387846524798     137.21286476709934732    4329
785 8082.5210466427379288     358.04502071481181247    4335
786 8344.3480961509703775     108.43953665878224513    4340
787 8354.7732535649993224     435.17404917049759661    4345
788 8087.1258820066768749     142.04811035465701252    4351
789 8082.7552682246505356       0                      4357
790 8082.8186927435908729       0                      4362
791 8082.1628865455541018     332.78739805498304349    4368
792 8345.4608834121736436      97.381207328973360404   4373
793 8353.7930032327058143     408.2730780129028858     4379
794 8082.1648761327533066     331.39796647914954519    4384
795 8081.9562786747228529       0                      4390
796 8344.5046623246471427       0                      4396
797 8081.9444901388505968       0                      4401
798 8081.948373033169446        0                      4406
799 8086.6892989672196563     127.81981471853738697    4412
800 8082.5091313809462008     360.04359987554823874    4417
801 8092.132213279134703      137.65879400651164133    4423
802 8084.0226802097176915     344.6251811759190673     4428
803 8346.1291591724475438      76.955038970227860773   4434
804 8357.7432028665607504     524.75216851516393035    4439
805 8086.6715275637534432     127.69279431441955808    4445
806 8083.6931939252872326       0                      4451
807 8346.304487509863975        0                      4456
808 8081.9151187665493126       0                      4461
809 8081.9186172812878795       0                      4467
810 8082.7682493167285429       0                      4473
811 8082.8082704517282764       0                      4478
812 8340.5773288561267691       0                      4483
813 8081.9480346852324146       0                      4489
814 8081.9171294087445858       0                      4494
815 8081.9175675008182225       0                      4500
816 8081.9174166122047609       0                      4505
817 8081.9888256743861348       0                      4510
818 8082.7535575608608269       0                      4516
819 8083.634666397512774        0                      4521
820 8082.1636453991786766     333.09223647733989537    4527
821 8345.3513208966214734       0.45688746105086713856 4532
822 8349.8510967507681926      29.496167765351334111   4537
823 8081.9194838771300056       0                      4543
824 8081.9331464044225868       0                      4549
825 8341.813788527961151        0.32045039964849275638 4554
826 8341.3866663067892659       0                      4559
827 8082.161327442802758      332.23394583500663657    4565
828 8082.7586357894087996       0                      4570
829 8082.7576786691161033       0                      4575
830 8082.9227970572601407       0                      4581
831 8081.9163619098035269       0                      4586
832 8081.9429209166828514       0                      4591
833 8081.9871185375950517       0                      4597
834 8083.9899556892496548       0                      4603
835 8088.3138388602483246     111.14183705929168866    4608
836 8346.1805095799027185      76.8207727595438854     4613
837 8357.6881175409871503     524.35233241188893771    4619
838 8081.9206495070911842       0                      4625
839 8081.9171255172268502       0                      4630
840 8081.915516104035305        0                      4636
841 8081.9191705067687508       0                      4641
842 8082.9234475227231087       0                      4646
843 8082.9497577617958086       0                      4652
844 8081.9438694486516397       0                      4657
845 8082.78521707735581         0                      4663
846 8347.4552029933875019       0.10261831365909963865 4669
847 8082.7587772263877923       0                      4675
848 8082.0159328048575844       0                      4680
849 8081.9904444413541569       0                      4685
850 8082.0199838555035967       0                      4691
851 8082.9199913934398865       0                      4696
852 8083.9884955984316548       0                      4701
853 8084.0183672156708781       0                      4707
854 8083.9929198818872464       0                      4712
855 8081.9887097762302801       0                      4718
856 8081.9175917182537887       0                      4724
857 8081.9472932199550996       0                      4729
858 8081.9460093823490752       0                      4734
859 8081.9233698682837712       0                      4740
860 8081.9484294637768471       0                      4745
861 8081.9205344467882242       0                      4750
862 8345.8263394771202002      88.865438660693044426   4756
863 8353.2454109260143014     388.07703758954630757    4761
864 8081.9205344467809482       0                      4766
865 8341.3866663068038179       0                      4772
866 8082.7958251769123308       0                      4778
867 8082.8030234908374041       0                      4783
868 8083.9843793784175432       0                      4789
869 8083.9971784219869733       0                      4794
870 8083.9591498011404838     323.49210067072436914    4800
871 8086.6461067866357553     126.43516629327585576    4805
872 8344.5035011775544262     108.39872372481724483    4810
873 8354.6206967610978609     435.09679489173777256    4816
874 8089.7561586657138832     160.06487765915383648    4821
875 8083.5489717176951672       0                      4827
876 8341.0183535739724903     110.05281403245525951    4832
877 8082.1581563444033236     332.51700487527193673    4838
878 8082.9484890410913067       0                      4844
879 8082.9494417432724731       0                      4849
880 8084.0049111026946775     342.56675872423966211    4855
881 8093.07346602938469       171.28685345995234002    4860
882 8346.0080435866839252       0                      4866
883 8349.2565576701672398       1.0366781203033410552  4871
884 8088.3223852268274641     112.46588875373876704    4877
885 8342.2481734429129574       0                      4882
886 8342.8528260329985642       0                      4888
887 8082.1901625482769305     332.58070078198488773    4893
888 8084.013266126596136      341.52362102258609866    4899
889 8092.1337129187822939     137.22791651817487946    4904
890 8093.0866239844472148     171.36655905716798998    4910
891 8083.9783152727914057     343.38869864967551848    4915
892 8082.5000498271510878     359.74007184602783127    4920
893 8087.2247714903514861     149.91103612327174233    4925
894 8343.6956184591726924      89.945253947928790694   4931
895 8355.8851191071371431     391.00087709699027982    4936
896 8082.7979317021618044       0                      4942
897 8082.7960415638308405       0                      4948
898 8081.9847604919104924       0                      4953
899 8086.6483658166189343     126.95975836857290631    4959
900 8082.1660826803517921     332.25535806025959573    4964
901 8088.3190959501444013     110.65097358313781228    4970
902 8347.3478407594902819       0.00094757228155931757 4975
903 8088.3877584370338809     1726.5234857525354073     4981
904 8083.5004202832024021       0                      4987
905 8342.2481734429184144       0                      4992
906 8082.1675192900211186     332.80885166627200533    4997
907 8081.9151187665438556       0                      5003
908 8083.4846197665392538       0                      5009
909 8083.4846534286198221       0                      5014
910 8342.8528260330040212       0                      5020
911 8081.9191705067642033       0                      5025
912 8081.9155207554440494       0                      5031
913 8081.9429966318448351       0                      5036
914 8081.915516104035305        0                      5041
915 8081.9888256744043247       0                      5047
916 8082.1636453991804956     333.09223647733637108    5052
917 8082.7803778779625645       0                      5058
918 8082.9482133359424552       0                      5063
919 8346.1666165420047037       0.48499798166685531564 5068
920 8350.3296384048862819      36.622862820802573935   5074
921 8081.9193173883668351       0                      5080
922 8342.5459584561795054       0                      5086
923 8345.9389753211562493       0                      5091
924 8081.9206835495497216       0                      5097
925 8081.9162248666279993       0                      5102
926 8081.9438694486489112       0                      5108
927 8081.9163619098026174       0                      5113
928 8082.7535575608690124       0                      5119
929 8082.9190409795291998       0                      5124
930 8083.9899556892423789       0                      5129
931 8088.3138388602428677     111.14183705929970358    5135
932 8347.9320981031451083       0.96257110086065467147 5141
933 8083.6752833762175214       0                      5147
934 8342.5459584561795054       0                      5152
935 8081.9171294087427668       0                      5158
936 8081.9887097762493795       0                      5163
937 8082.0197573026271129       0                      5168
938 8082.9494417432697446       0                      5174
939 8085.2161552559773554       0                      5179
940 8085.1967691812715202       0                      5184
941 8347.191682294696875        0.00148925585811075659 5190
942 8082.8373888992109642       0                      5196
943 8083.52069464230226         0                      5201
944 8343.2028776438510249       0                      5206
945 8081.9233698682828617       0                      5212
946 8081.9164449962108847       0                      5217
947 8081.9429209166837609       0                      5222
948 8082.9199913934398865       0                      5227
949 8081.9193024226487978       0                      5232
950 8347.1456002962313505      71.593102746225383726   5237
951 8353.3794804480639868     346.37594473063677469    5243
952 8342.3958340576355113       0                      5248
953 8082.1936224607698023     330.88736440524371574    5253
954 8088.3175699302737485     110.14882465697995428    5258
955 8088.3225361445311137     111.64644903179595303    5263
956 8082.197481635490476      333.43943852941754358    5268
957 8082.1594189824782006     333.07080908923359175    5273
958 8088.3064839327389564     111.12929748926995899    5278
959 8347.1508598548298323      87.991395170756661059   5283
960 8352.4326581917830481     387.3087481385533124     5288
961 8083.476253327028644        0                      5294
962 8082.1648761327551256     331.3979664791633013     5299
963 8082.9202199348519571       0                      5303
964 8081.9155516068749421       0                      5308
965 8082.9191081757935535       0                      5313
966 8082.1666969831558163     334.48448687743746177    5317
967 8088.3114969337857474     111.95921709217090267    5322
968 8089.0570496759319212     132.32695756909470219    5327
969 8349.0375871361356985      29.548734300408366238   5331
970 8081.9172030415002155       0                      5336
971 8342.1973759886168409       0                      5341
972 8081.944327614215581        0                      5346
973 8081.9507148661978135       0                      5350
974 8081.9194838771200011       0                      5355
975 8082.1874404054278784     333.1131076523386696     5359
976 8088.3066685867242995     111.4537899831987886     5364
977 8348.137441683871657        0                      5368
978 8346.2572883908469521       0.86931270809664651367 5372
979 8083.6393191864253822       0                      5378
980 8083.4804071328408099       0                      5382
981 8342.8997618793146103       0                      5387
982 8342.7954302628313599       0                      5391
983 8082.7553443563374458       0                      5395
984 8083.6249177550225795       0                      5400
985 8346.129895033496723        0                      5404
986 8348.5226537031794578       0.13756320990299744644 5408
987 8082.7877636575503857       0                      5414
988 8081.9929714388863431       0                      5418
989 8082.9225979244693008       0                      5422
990 8083.9926486939302777       0                      5427
991 8085.1908267250710196       0                      5431
992 8348.2186261423830729     101.33884652824107775    5435
993 8350.9635756915704405     416.30086405429364049    5439
994 8081.9164449962072467       0                      5444
995 8083.6420503868375818       0                      5448
996 8343.4057616357185907       0                      5453
997 8344.7738364473170805       0                      5457
998 8081.9912796823018653       0                      5461
999 8082.1720281186881039     333.95146206974601455    5465
1000 8082.4915085666043524     357.40441088859716956    5469
