1 131222.40962285076967       6099.4789856072811745     7
2 131183.29904698595055       6393.8552006745776453     12
3 131200.57005778272287       6176.4765274881947335     17
4 131192.399845607928         6178.7553301289362935     22
5 131201.47218174216687       6174.8817777885351461     27
6 131314.75165125355124       6402.5712444897008027     32
7 131207.03794078048668       6254.2869024435294705     37
8 131184.55431360713555       6174.4583663014545891     42
9 131186.52975870235241       6234.9325507410349019     46
10 131184.24551716764108       6643.9901838721943932     51
11 131204.63087747461395       6073.9269975582355983     56
12 131201.48408462142106       5986.6474079996569344     61
13 131413.92243154655444       5855.7565484817932884     67
14 131426.57567016984103       6096.7671854552800141     72
15 131441.79633023578208       5887.6940397436537751     77
16 131434.6013441059913        5888.4741468426273059     82
17 131442.62459659363958       5887.5105759074258458     87
18 131740.20598635461647       5953.0690913698590521     92
19 131500.36015620338731       5915.4405296242139229     97
20 131427.75202394640655       5878.8539319535311733     102
21 131429.67328498966526       5935.4136510988046211     107
22 131427.79071432512137       6335.3659770257954733     112
23 131534.98837751781684       5848.0793490286341694     117
24 131776.32963233423652       5804.0608882306532905     122
25 131400.30064953671535       5865.0678287775053832     128
26 131455.02232244974584       5861.3016937735610554     133
27 131571.53041413985193       5882.3286343848731121     138
28 131435.4106776820845        6252.9336662786226952     143
29 131429.64228192868177       6327.6580307127924243     147
30 131428.26132334180875       5868.3929085132112959     152
31 131408.32082614663523       5902.5765510098763116     157
32 131409.39582729426911       5889.9374330688142436     162
33 131482.65030136075802       5870.9203526655755923     167
34 131489.78963323388598       5875.3438506103238979     172
35 131441.00616561149945       5864.7721851857058937     176
36 131420.40897115581902       5864.6781062922791534     182
37 131420.67120959074236       5864.7352567810848996     186
38 131493.73216982014128       5870.3330290246613004     193
39 131510.4639640711539        5869.0172936438975739     198
40 131446.42283952177968       5862.6000679440721797     203
41 131722.20085798361106       5890.8723535369199453     207
42 131442.44315151090268       5870.5959082181225313     212
43 131493.78131417726399       5865.4821050750733775     217
44 131442.88740553916432       5868.8739287688940749     222
45 131433.37254670762923       6410.6152867354949194     227
46 131431.02230449451599       5898.680004708211527      232
47 131447.76023590937257       5862.9412877434651818     237
48 131714.97122734211734       5910.6007079884666382     242
49 131474.60337534750579       5736.714829800460393      247
50 131721.66229931119597       5736.0210413762406461     252
51 131875.74802665426978       4956.3852297907651518     257
52 131470.73011680101627       5676.7931290748656465     262
53 131471.71914717517211       5677.6890795461677044     267
54 131473.98228887363803       6138.6923235947378998     272
55 131451.9625410005101        5885.4883831702982206     277
56 131768.69082275795517       6014.7253109059192866     282
57 131465.68621621181956       5372.9417137187929256     287
58 131434.03227929747663       5832.1038999670945486     292
59 131430.00565561803523       6284.1918916958375121     297
60 131419.29781834952882       5926.0253167099526763     302
61 131421.88660075061489       5648.5589577725731942     307
62 131456.05303289782023       5652.435577278945857      312
63 131406.57012180233141       5640.5249139530060347     318
64 131473.1814316814125        5047.3497974569208964     323
65 131523.21623333916068       4865.8920806687219738     328
66 131505.2688861489878        5271.2934443535632454     333
67 131519.72392235160805       5077.0066655946820902     338
68 131512.8907670621993        5077.7323204115673434     343
69 131520.509814209654         5076.8339903712485466     348
70 131887.70316070923582       5140.8735427415422237     353
71 131597.88456434817635       5102.7827484455337981     358
72 131506.38604533314356       5068.8035910222215534     363
73 131508.20842083968455       5121.344246516219755      368
74 131506.42038762732409       5493.3219303898204089     373
75 131185.59053847633186       5142.9646207024698015     379
76 131629.21966328565031       5040.5570306172376149     384
77 131923.0686813465727        4999.9850957222370198     389
78 131514.61164938530419       5061.6579066758786212     394
79 131650.04080969825736       5072.149305976062351      399
80 131513.62186157066026       5420.1695921005757555     404
81 131508.20714680175297       5485.9955065671665579     409
82 131506.89656442662817       5058.9541371179311682     414
83 131487.9466654068674        5090.7716963157099599     419
84 131488.95465044211596       5078.9467888666695217     424
85 131561.06488129546051       5061.2885311537711459     429
86 131586.44519792729989       5065.0003248747943871     434
87 131520.02002914290642       5055.3515512530148044     440
88 131499.46580562688177       5055.2568902588473065     445
89 131499.71190571886837       5055.3139357548152475     450
90 131590.67189398052869       5060.0344549466735771     455
91 131606.50561194709735       5058.7777927260713113     459
92 131524.19403185462579       5053.2667344922429038     464
93 131862.13021140202181       5069.8463711623662675     469
94 131871.40210344846128       5077.9718792554776883     474
95 131520.09993566290359       5061.9898914741816043     479
96 131525.96387150819646       5051.7274770254989562     484
97 131520.53229643352097       5060.3527143462106324     489
98 131511.74275750364177       5563.0026135429507121     494
99 131510.04990808453294       5084.2958210912520371     501
100 131526.52883600853966       5052.4392216374126292     505
101 131870.28796428750502       5090.2780231132064728     511
102 131555.06564631868969       4936.0423484094071682     516
103 131802.2458348259679        4935.3940611187126706     520
104 132036.50780745194061       4214.1532355556573748     525
105 131551.95469701383263       4880.768230438815408      530
106 131552.95952650441905       4881.2681705413006057     535
107 131555.19703612945159       5307.4663858743479068     540
108 131534.60217900542193       5067.3945366508423831     545
109 131948.53957524601719       5145.5843365814434947     550
110 131553.88037009417894       4601.1572085981142664     555
111 131522.52685241706786       5034.6514971339402109     561
112 131519.4166931079817        5454.4794801266680224     566
113 131509.23488110903418       5122.2953779533045235     571
114 131520.29442208385444       4868.4451768778626501     576
115 131553.72656674310565       4871.7912302595404981     581
116 131514.59633956730249       5087.1680297566826994     585
117 131531.513196657761         5051.5399640399382406     591
118 131549.54332137468737       44598.746470134836272      595
119 131594.88737663571374       33683.25434958544065       600
120 131606.48619578633225       93368.976543635755661      605
121 131492.91107252845541       16540.430123021797044      610
122 131471.79621533333557       5047.4753139700433167     615
123 131834.1044351622113        438285.73532539483858       620
124 131922.24699614843121       647911.19965499732643       626
125 131711.49007960699964       333471.72041396953864       631
126 131886.65780052274931       947093.13950136525091       636
127 131502.25340024213074       12373.040639861421369      641
128 131481.2266721224878        5392.7671165353476681     646
129 131462.4648716589727        11162.310724114329787      651
130 131672.19206719961949       63412.17330116489029       656
131 131677.41506453722832       25863.890814380229131      661
132 131792.87018391073798       201366.21448738712934       666
133 131887.5171402260894        972765.13586627494078       671
134 131815.75024304777617       774794.09030606632587       677
135 131669.3168984556105        20846.778376315560308      682
136 131585.44577111827675       5066.2758910036345696     687
137 131510.84820198803209       5929.1753680524188894     693
138 131574.40264975413447       49580.372652014462801      697
139 132833.72907343547558       5258343.2566008633003        702
140 132428.56071240833262       2461161.8351227398962        707
141 133652.51918037672294       11144892.716452984139         712
142 131620.6464019237319        212115.51415682522929       717
143 131611.87512549373787       217502.3201974479889        722
144 131608.89319751650328       323373.05170937551884       727
145 131535.74979515618179       538279.04082221759018       732
146 131479.72835883492371       5048.7456163672541152     737
147 131642.04474344325718       176586.05984783679014       743
148 131519.42880383087322       6977.3394974416023615     748
149 131533.86037932068575       20918.713892051651783      753
150 131632.26991035975516       157024.82804469126859       758
151 131530.10669547741418       84227.417546335753286      763
152 131631.41110751844826       206707.62249545330997       768
153 131539.69593483171775       16048.448256053339719      773
154 131477.28149282344384       43080.827601153498108      778
155 131482.22383836377412       6645.5852300295564419     783
156 131538.16027311992366       77521.412308059530915      788
157 131619.74676368874498       5232.8988295767085219     793
158 131582.11449760705          35162.02837328545138       798
159 131563.98122497004806       158783.54278274753597       803
160 131494.47720971991657       5045.6895433436275198     809
161 131601.89599536731839       109593.38591796442051       814
162 131622.0323440139764        115797.93044237459253       818
163 131710.22443680927972       361548.36957531567896       823
164 131866.22976688330527       585705.28919998172205       828
165 131572.68454339221353       24566.202548984445457      833
166 131791.18950998259243       207047.43111623841105       838
167 131559.37699483305914       27777.688916082966898      843
168 131666.51763143058633       36481.829318053474708      848
169 131633.01424174866406       19730.122558732527978      852
170 131527.24639598920476       27676.012348289721558      857
171 137277.81144409996341       2018230.1571177314036        863
172 131537.17487510759383       43017.609139292551845      869
173 131526.29286162450444       5269.5979265162150114     875
174 131540.75860608107178       5075.3427790595669649     879
175 131533.92038999230135       5076.0683197031976306     884
176 131541.54509046967723       5075.1701669404519635     889
177 131907.76483413571259       5139.1606602391848355     894
178 131618.64516730883042       5101.1158592424699236     899
179 131527.41084762456012       5067.1410029424705499     904
180 131529.23460244678427       5119.672863922111901      909
181 131527.44524727546377       5491.5909139430441428     914
182 131208.15380443955655       5141.2773677242157646     919
183 131650.02621242968598       5038.8949320376459582     924
184 131943.14074965351028       4998.328736965252574      930
185 131535.643013165507         5059.9939593164108373     935
186 131671.06729792046826       5070.4842550427920287     940
187 131534.65251785216969       5418.4003617914422648     945
188 131529.23295901960228       5484.2679696564882761     949
189 131527.92139331554063       5057.295292810544197      954
190 131508.95763728034217       5089.1066994800867178     959
191 131509.96655527013354       5077.284984679583431      965
192 131582.09274290155736       5059.6294498087090687     969
193 131607.21802250255132       5063.3478606016533377     975
194 131541.03961300029187       5053.6970211630750782     979
195 131520.48479311086703       5053.6024968505062134     984
196 131520.73111604186124       5053.659467420296096      991
197 131611.44092609334621       5058.3879154783835475     996
198 131627.28720641796826       5057.1319856772288404     1000
199 131545.23102871113224       5051.6135919338576059     1005
200 131882.16252976458054       5068.2273026299499179     1010
201 131891.4404910330486        5076.343617995707973      1015
202 131541.13800722814631       5060.3140140142895689     1020
203 131547.00544327916577       5050.0573856504424839     1025
204 131541.57055315247271       5058.6777663155880873     1030
205 131532.77091071580071       5561.2628004948610396     1035
206 131531.06900665021385       5082.6665510768270906     1040
207 131547.55170958410599       5050.7944628671521059     1045
208 131890.24761856114492       5088.7568286659834484     1050
209 131576.05382746044779       4934.3191731005126712     1056
210 131823.23224366025534       4933.6705287227287045     1060
211 132056.26250651967712       4212.0931037573782305     1065
212 131572.92829514507321       4879.0198450888028674     1070
213 131573.93249886838021       4879.5224855340720751     1075
214 131576.16979344171705       5305.6741754297236184     1080
215 131554.08362079039216       5065.8009882646565529     1085
216 131967.87003286747495       5144.2201231384469793     1090
217 131574.79381678963546       4599.5485141441313317     1095
218 131543.43193315717508       5032.9686950405366588     1100
219 131540.31823295465438       5452.7279098096723828     1105
220 131530.1248185376171        5120.5979980705087655     1110
221 131541.19696137058781       4866.7903834195276431     1116
222 131574.63667903357418       4870.1358844435380888     1121
223 131544.11298861104297       4864.2377203032556281     1126
224 131535.62730808818014       5085.5018465514531272     1131
225 131552.55591505547636       5049.8890204629933578     1136
226 131570.89497881341958       44593.810502654385346      1141
227 131616.27214577118866       33678.96958556836762       1146
228 131627.8794335485145        93361.830628830575733      1150
229 131514.2211754215823        16537.406778515818587      1155
230 131493.09097857461893       5045.8150430980749661     1160
231 131855.66318720951676       438270.1820059963502        1166
232 131943.86971507262206       647892.44917682243977       1171
233 131732.95990588181303       333458.19897392316489       1176
234 131908.25405893643619       947070.13521943159867       1181
235 131523.56926247422234       12369.640135410094445      1186
236 131502.52848255555728       5391.0027421670838521     1191
237 131483.75214392086491       11159.777762487845393      1196
238 131693.63290583167691       63406.150525156612275      1201
239 131698.85981975190225       25860.023399414887535      1206
240 131814.39817760442384       201356.06341512536164       1211
241 131909.11652986900299       972741.1498390842462        1216
242 131837.29631476037321       774773.42813511122949       1221
243 131690.75625153223518       20843.411294693440141      1226
244 131606.82329915414448       5064.6092898690149013     1231
245 131532.17111747339368       5927.378984297970419      1237
246 131595.77535503738909       49577.141019102928112      1242
247 132856.00425486668246       5258291.3581147259101        1247
248 132450.5491109037539        2461124.336779487785         1252
249 133675.36621471357648       11144810.18256412074          1257
250 131642.05246255797101       212104.54303181244177       1262
251 131633.27280614580377       217491.2149000405916        1267
252 131630.28859877557261       323359.97712182527175       1272
253 131557.0913033807883        538249.70156961714383       1277
254 131501.02956911188085       5047.0834547483000279     1282
255 131663.45303795987274       176579.53720207780134       1287
256 131540.7583537978353        6974.840209724125998      1292
257 131555.20008787087863       20914.380821985498187      1298
258 131653.68187314097304       157019.89595134442789       1303
259 131551.44959921922418       84233.206932420725934      1308
260 131652.81737738847733       206684.98329581390135       1312
261 131553.67261323367711       16051.288330702351232      1317
262 131498.64531980929314       43072.148775059853506      1322
263 131503.52824039873667       6645.503149770544951      1328
264 131559.51561923653935       77520.86385783564765       1332
265 131641.18424916919321       5231.3033149232160213     1337
266 131603.51808326606988       35157.78460346441716       1342
267 131585.35563088962226       165692.88107996055624       1347
268 131583.15173521696124       70818.465364554387634      1352
269 131643.48774810659233       125615.50314692653774       1358
270 131731.77280882257037       361534.68091255245963       1363
271 131887.93966844590614       585688.2923227873398        1368
272 131594.08740535716061       24562.57381940113919       1373
273 131812.82217995467363       207037.19665850882302       1378
274 131580.76562373182969       27773.824903829518007      1382
275 131688.02007916307775       36477.455626582843252      1387
276 131654.42697059956845       19726.759054873247806      1392
277 131548.57899825862842       27674.211750303678855      1397
278 131516.22455099999206       5159.2417627741097021     1402
279 137314.31131435901625       1809283.2034083046019        1407
280 131745.06095775394351       4868.3931270992725331     1412
281 131513.0118218739517        45080.817747161781881      1419
282 131598.70179064234253       4694.2797686161684396     1424
283 131577.55964452930493       5086.7406690856150817     1429
284 131591.84625441147364       4895.9152492588782479     1434
285 131585.09269727178616       4896.628150138678393      1439
286 131592.62283346912591       4895.7451800349217592     1443
287 131975.12985869147815       4959.3327206941548866     1448
288 131674.31790872092824       4921.2318446997323917     1453
289 131578.66378108703066       4887.8611529449408408     1458
290 131580.4644290797587        4939.4606041475171878     1463
291 131578.69719384546624       5304.8901614104488544     1468
292 131233.67703509898274       4960.8529352848881899     1473
293 131704.92935023564496       4860.1958372663229966     1479
294 132010.33014383073896       4820.4254358229345598     1484
295 131586.78569323261036       4880.8777190414302822     1489
296 131722.29166135023115       4891.1722451621853907     1494
297 131585.80701315496117       5233.7933188636870909     1499
298 131580.46936894755345       5297.6581441659736811     1504
299 131579.1742568637128        4878.1596384472304635     1510
300 131560.44246759428643       4909.4207758929924239     1514
301 131561.43589993187925       4897.7895209811231325     1519
302 131633.29516181003419       4880.449057969110072      1524
303 131662.68775377614656       4884.0101377319888343     1529
304 131592.38079487381037       4874.5699782996753129     1534
305 131571.83596560391015       4874.4754599137177138     1540
306 131572.07855375803774       4874.532329275043594      1545
307 131666.97471787405084       4879.0666314812106066     1550
308 131682.61095391854178       4877.825060471363031      1555
309 131596.28106066351756       4872.5080890958479358     1559
310 131950.02464994171169       4888.3589722558399444     1564
311 131959.19962850681623       4896.4410576099771788     1569
312 131592.16544925520429       4881.3525453256252149     1574
313 131597.97541393956635       4871.2243664227598856     1579
314 131510.72790885355789       4883.292628790190065      1584
315 131583.96134281845298       5373.2794218012377314     1589
316 131582.40520962010487       4902.4386156062446389     1594
317 131598.81890373898204       4871.4419792191774832     1600
318 131959.34388894846779       4907.2511992720701528     1605
319 131627.66491145506734       4757.2532353475980926     1610
320 131874.87130322039593       4756.6153674753895757     1615
321 132126.36786569911055       4048.695008983322623      1620
322 131624.70710425905418       4703.0347867431373743     1625
323 131625.71372222198988       4703.4530658300645882     1630
324 131627.94326460367301       5121.5707911850149685     1635
325 131606.20677062417963       4884.828721082904849      1640
326 132042.23607450391864       4952.4632900347232862     1645
327 131628.10063756315503       4429.1988970961965606     1650
328 131596.80885447212495       4856.5798961887558107     1655
329 131593.89596255280776       5268.8877154740039259     1661
330 131583.8257391101215        4942.7656998901429688     1666
331 131629.97666366276098       4697.5055181414463732     1671
332 131599.74361148197204       4691.8184848871314898     1676
333 131586.77699061378371       4905.9026425398114952     1681
334 131603.51074560018606       4870.7889253379962611     1686
335 131616.67990298988298       44058.774198640792747      1691
336 131661.50308987341123       33214.120445191954786      1695
337 131672.96875148557592       92587.003324827441247      1700
338 131560.7013902857434        16212.503896220037859      1705
339 131539.82770647012512       4866.9136411271065299     1709
340 131897.9835468956735        436590.63524814444827       1715
341 131985.11988788950839       645847.12466557335574       1720
342 131776.76788822663366       331992.65582840918796       1725
343 131949.94756278974819       944602.95302259293385       1730
344 131569.95402106206166       12101.755444795899166      1734
345 131549.14718782971613       5206.8425609788628208     1739
346 131530.61484016667237       10894.031961081032932      1743
347 131737.92625050040078       62770.188623944668507      1748
348 131743.08755227192887       25454.814983134889189      1753
349 131857.23421449429588       200211.54123136165435       1758
350 131950.7563172938244        970251.77713774912991       1762
351 131879.82842933025677       772539.40153369738255       1767
352 131735.07385440927465       20477.988988561202859      1772
353 131652.17498944609542       4885.4161119153623076     1776
354 131578.43691250073607       5733.2917698826713604     1781
355 131641.20798194018425       48980.105002136289841      1787
356 132886.33561653195648       5252433.4480834165588        1791
357 132485.67915487577557       2457151.3958253422752        1796
358 133696.12818222725764       11136395.487216325477         1800
359 131686.92623856841237       210939.10107911616797       1805
360 131678.28705061873188       216311.02680611654068       1810
361 131675.34132591472007       321912.78393657732522       1815
362 131603.04318838616018       536594.60485996922944       1820
363 131470.72650840604911       4869.5639734311625944     1824
364 131708.28465050915838       175458.79502033715835       1829
365 131586.91314701034571       6773.1151452113854248     1834
366 131601.18545069167158       20564.086479317364137      1839
367 131698.45997145041474       155943.24778414514731       1843
368 131597.38576247534365       83289.574728631487233      1849
369 131697.64938388962764       205738.33733467734419       1853
370 131599.93020012776833       15621.717094918560178      1858
371 131544.40288319173851       42617.015896469500149      1863
372 131550.10980289700092       6411.7173054652184874     1868
373 131605.2838033013395        76720.964628501023981      1873
374 131685.63901490459102       5048.4272155190410558     1878
375 131648.52332014945569       34682.488252739203745      1882
376 131630.77875664885505       164462.62550977640785       1887
377 131562.71387211044203       4942.4394488301277306     1892
378 131629.33463056851178       71092.751194370008307      1897
379 131687.07073302200297       127193.10594156241859       1901
380 131774.63181294262176       361230.21337161335396       1906
381 131928.96006509696599       591282.81300638092216       1911
382 131638.95297569013201       24162.335507639956631      1916
383 131847.45997102890396       204012.87430857005529       1921
384 131687.5503611076565        28420.302124377612927      1926
385 131729.92452932722517       37215.589375461924647      1930
386 131699.19016586581711       19372.807821358954243      1935
387 131594.67463458346901       27217.591530829464318      1940
388 137532.06199513128377       1837288.0512153706513        1945
389 131817.87355421198299       5097.0594014885682554     1950
390 141331.72654362820322       3277450.8621149500832        1956
391 131276.6074088740861        5048.8478420219544205     1961
392 131661.55833943025209       4845.7319522130037512     1966
393 131637.65321181647596       5076.3057508986221364     1971
394 131651.76326143130427       4885.6757305923001695     1976
395 131645.09314688268933       4886.3881860223018521     1981
396 131652.53008110445808       4885.505310143737006      1986
397 132051.09033675078535       4949.75320115796967       1991
398 131738.7541116666398        4910.9686763421186697     1996
399 131638.74369816284161       4877.6313943368322725     2001
400 131640.52158320596209       4929.1797782156263565     2006
401 131638.77615052973852       5294.2357501805081483     2011
402 131268.3941647609463        4950.7183125450928856     2016
403 131768.60736628167797       4850.0700875427010033     2021
404 132086.11821403587237       4810.4094135860777897     2026
405 131646.75712914194446       4870.6907632193415338     2032
406 131782.34356092408416       4880.9661456071926295     2037
407 131645.79010434215888       5224.0349883007211247     2042
408 131640.53286284313072       5286.9767492990686151     2047
409 131639.25396310418728       4867.9087951216779402     2052
410 131620.75087830272969       4899.15418661473268       2057
411 131621.72911907650996       4887.5151370898447567     2062
412 131693.32559398724698       4870.1927577671540348     2067
413 131726.9239402692765        4873.6605731258568994     2072
414 131652.5474372546887        4864.2679415682241597     2078
415 131632.01243067640462       4864.1718633623231653     2082
416 131632.25135354365921       4864.2295767114219416     2087
417 131731.27311512961751       4868.6511424743875978     2092
418 131746.70235853988561       4867.402903091448934      2098
419 131656.16058604139835       4862.1927329586096675     2103
420 132026.47366943879751       4877.5679874778024896     2108
421 132035.54672916856362       4885.7506057037426217     2113
422 131652.02437470119912       4871.3232411342723935     2118
423 131657.7773457391304        4861.1516390177257563     2123
424 131652.4510603583185        4869.7004333585164204     2128
425 131643.97946916986257       5362.4665969301277073     2134
426 131642.56404257801478       4891.5322972819003553     2139
427 131658.90660272893729       4860.8704065209567489     2144
428 132036.97308512407471       4895.188890744051605      2149
429 131688.07520842278609       4746.9950287489036782     2154
430 131935.30904449225636       4746.3569188924693663     2159
431 132204.91137479129247       4039.3277877881359927     2164
432 131685.27943790011341       4692.9129499108421442     2169
433 131686.28803823929047       4693.2565449096473458     2174
434 131688.50939861923689       5110.4981339826335898     2179
435 131667.11508833005792       4872.9109107519152531     2184
436 132124.91336280468386       4931.2376550486587803     2190
437 131689.89353461976862       4419.3434173398209168     2195
438 131656.41748154931702       5258.6984295694946923     2200
439 131646.45613698201487       4933.3411560954891684     2205
440 131660.81581388082122       4686.5029234854127935     2210
441 131691.96831988063059       4689.6830505516627454     2215
442 131661.95102281012805       4684.076453189577478      2221
443 131646.7551748494152        4895.6619813411507494     2226
444 131663.29652693483513       4860.4503199111277354     2231
445 131671.3704076060676        44028.036157365291729      2236
446 131715.64757692930289       33187.343722278725181      2241
447 131726.97364827780984       92542.495326767500956      2246
448 131616.07714045408648       16194.143785389142067      2251
449 131595.45633181050653       4856.7030282168398116     2256
450 131949.25929325079778       436495.0726252013701        2261
451 132035.34089501807466       645728.02709391305689       2266
452 131829.50990361699951       331908.5973913357011        2271
453 132000.60524660762167       944464.88588876568247       2276
454 131625.23524383205222       12098.254042293823659      2282
455 131604.65953962737694       5197.0850176219882997     2287
456 131586.36736409115838       10879.838348977700662      2292
457 131791.14649756881408       62735.806930842903967      2297
458 131796.2431731132092        25433.274430926110654      2302
459 131909.01786869275384       200140.28636310456204       2307
460 132001.36202938607312       970122.82506106770597       2312
461 131931.3131275458727        772411.89393900649156       2317
462 131788.31825629802188       20456.892545401529787      2322
463 131706.43835794564802       4875.2295380808263872     2327
464 131633.6011627453845        5722.1586909560037384     2333
465 131695.55217782343971       48915.611029637868342      2338
466 132925.79570291639538       5252066.0562873864546        2344
467 132529.86896700790385       2456933.8350017517805        2349
468 133726.15717496437719       11135973.322198146954         2355
469 131740.71968214755179       210875.12101025445736       2360
470 131732.21818320039893       216246.23084988060873       2365
471 131729.31032044591848       321826.01660867314786       2370
472 131657.8943186646793        536698.19280782656278       2376
473 131603.18060690199491       4857.9944908084007693     2381
474 131762.03080744860927       175345.17864992874092       2387
475 131641.96816503739683       6769.5738311952409276     2392
476 131656.07331835941295       20558.01662142281566       2397
477 131752.15763422203599       155815.67530202987837       2403
478 131652.22700653050561       83022.978390346805099      2408
479 131751.39017824654002       205897.45705645269481       2413
480 131655.05538672866533       15487.507608861205881      2418
481 131599.07853263334255       42660.863395853957627      2424
482 131605.58613346045604       6370.6093656463808657     2429
483 131659.96024527170812       76582.178003282606369      2434
484 131739.02951896371087       5037.3381218247250217     2439
485 131702.45432478218572       34654.828783062948787      2445
486 131685.10007100354414       164317.2995635678235        2450
487 131618.13377869685064       4880.8741421299364447     2456
488 131684.18800694367383       72887.446291025931714      2464
489 131740.31755240802886       129408.65584742781357       2471
490 131822.21950055425987       358094.15426020231098       2477
491 131976.474071358738         595295.74400737590622       2483
492 131692.7080375184305        24136.286012622818816      2488
493 131897.76150307766511       204494.0913560729241        2493
494 131679.36982713814359       28362.714663251052116      2499
495 131781.98886155569926       37160.323204370375606      2504
496 131752.87367657708819       19353.775036054685188      2509
497 131649.65495975973317       27157.245095986811066      2514
498 131914.17380633525318       5073.2517536714549351     2519
499 141862.62421713181539       3334546.5989010124467        2527
500 131735.2038645381399        4632.0302126215347016     2532
501 131706.10738887111074       4902.3940435550020993     2537
502 131720.04223518518847       4715.0871858629679991     2542
503 131713.45492217876017       4715.7873907374687406     2547
504 131720.79937402985524       4714.9192496148853024     2553
505 132135.28949096467113       4778.7507465611806765     2558
506 131811.51754306774819       4739.9381789970366299     2563
507 131707.18433010843          4707.1859020522761057     2568
508 131708.93963877670467       4757.8307545904854123     2573
509 131707.21584160326165       5116.5999766537161122     2578
510 131311.66413652003394       4779.1562816546584145     2584
511 131840.61878913990222       4680.1845257001168648     2589
512 132170.14697315747617       4641.2932577565889005     2594
513 131715.09029853387619       4700.402304965004987      2599
514 131850.75653044652427       4710.4883634978932605     2604
515 131714.13484913020511       5048.3976297368017185     2610
516 131708.95706286511268       5109.4303139963276408     2615
517 131707.69424612628063       4697.6042157726997175     2620
518 131689.41817798645934       4728.3157084874728753     2625
519 131690.3814141638577        4716.8620047939693904     2630
520 131761.71741939900676       4699.8448370563346543     2635
521 131799.48896623001201       4703.1641938027514698     2641
522 131721.0738768291194        4693.9739269379388134     2646
523 131700.54859350854531       4693.8779263237966006     2652
524 131700.78389481041813       4693.9355024227361355     2657
525 131803.898960640101         4698.1737506087847578     2662
526 131819.12283508776454       4696.939754388811707      2667
527 131724.40196689980803       4691.9202416765519956     2672
528 132111.15622348483885       4706.5766479914009324     2677
529 132120.12773651332827       4714.7214473531366821     2683
530 131720.24695297548897       4701.1779220164389699     2688
531 131725.94302582609816       4691.1331097425290864     2693
532 131720.67066922248341       4699.5752768941092654     2698
533 131712.35860582406167       5183.5928225268635288     2703
534 131711.07989113358781       4720.1967954981619187     2710
535 131727.34880201716442       4690.3706586866965154     2715
536 132122.79116031224839       4722.6671779558591879     2720
537 131756.82153769111028       4578.7097777795734146     2725
538 132004.08248063694919       4578.0821969991256992     2730
539 132291.55828044121154       3884.3252683723876544     2736
540 131754.18335971125634       4525.6755013814372433     2741
541 131755.1935397690977        4525.9403993183905186     2746
542 131757.40625330951298       4935.4134652406464738     2751
543 131736.34910326779936       4700.8985375791617116     2756
544 132215.59816976866568       4749.2010711044767959     2761
545 131760.2264330489852        4257.5716381040965643     2766
546 131731.94351212517358       4678.1083636931598448     2772
547 131726.99739675823366       5083.8481284095969386     2777
548 131717.15721300517907       4764.3015241649527525     2783
549 131764.19908160966588       4525.6061469440883229     2788
550 131734.45910190616269       4520.201596751746365      2793
551 131715.094889579952         4724.9067243582012452     2798
552 131731.44497270433931       4690.1841557733796435     2804
553 131734.46306458837353       43512.893966956551594      2809
554 131778.19841411587549       32740.207050724337023      2814
555 131789.38596865633735       91795.016899232883588      2819
556 131679.84972409892362       15882.59800878770875       2825
557 131659.4798948186799        4686.6238846951273445     2830
558 132008.96345354960067       434871.01152070710668       2836
559 132093.99848956230562       643749.52730489021633       2841
560 131890.6690883168485        330491.8781664261478        2847
561 132059.69588284537895       942077.71953982778359       2852
562 131688.91359121899586       11840.977955260108502      2857
563 131668.5677749667957        5021.8811399759479173     2862
564 131650.51361800456652       10625.592399594808739      2868
565 131852.78008532090462       62122.877497865170881      2873
566 131857.81267372259754       25043.90925420305939       2878
567 131969.22568070376292       199034.5659665807907        2883
568 132060.40204996598186       967714.39939514384605       2889
569 131991.22486999077955       770250.59728434600402       2894
570 131849.97605437209131       20106.093161518434499      2899
571 131769.10703589682817       4704.8657882814213735     2904
572 131697.16371486638673       5537.3678062614271767     2909
573 131758.30210438842187       48341.122259845382359      2914
574 132973.77604315907229       5246393.1055839285254        2919
575 132582.54268650332233       2453087.7195826014504        2924
576 133764.77967134781647       11127824.184943785891         2930
577 131802.9231483071926        209749.17784993341775       2935
578 131794.55753214721335       215106.02631884487346       2940
579 131791.68717456929153       320427.03207751107402       2945
580 131721.14263347437372       535110.81354869366623       2950
581 131667.09897556091892       4687.9153902320977068     2955
582 131824.18174827078474       174265.29574888537172       2960
583 131705.42249447351787       6576.5673350135648434     2965
584 131719.36162953733583       20220.737607965529605      2970
585 131814.26462077759788       154776.72463231009897       2976
586 131715.47089665709063       82074.053968522406649      2981
587 131813.53046734962845       205026.09172295194003       2986
588 131718.54961673513753       15060.658067794194722      2991
589 131662.16852642977028       42231.28201417659875       2996
590 131669.45919925361522       6145.3487764553765373     3001
591 131723.0413610690739        75799.686390575952828      3006
592 131800.84297064939165       4863.4112497189544229     3011
593 131764.80210652406095       34197.601537413938786      3016
594 131747.81450419142493       163003.57372210387257       3021
595 131681.98365943075623       4702.551794946627524      3026
596 131747.49722928038682       73333.358304125649738      3032
597 131801.19663086067885       130805.08128144204966       3037
598 131882.54321746743517       357712.07589374220697       3042
599 132034.91170276410412       600769.43062398792244       3047
600 131754.9300756159937        23751.564197905201581      3052
601 131950.15144107941887       201503.11107987593277       3058
602 131741.33042787248269       28980.043920535597863      3063
603 131841.40309743845137       37876.657566930334724      3068
604 131814.96713025541976       19014.072898148777313      3073
605 131713.01959054049803       26716.138707439731661      3078
606 137068.21341646712972       1784652.9880675221793        3083
607 131997.95693438142189       5322.2638711411254917     3088
608 142139.73762124031782       3357065.019500402268         3096
609 131234.9144382752711        4875.8487541277736455     3101
610 131811.93781972472789       4669.1161515955054711     3106
611 131781.63715273322305       4893.8124064530802571     3111
612 131795.39857409216347       4706.6689105978439329     3117
613 131788.8932224274613        4707.368789031614142      3122
614 131796.14613386982819       4706.5006109916212154     3127
615 132226.40442952665035       4770.9819921770940709     3132
616 131891.31281599157955       4731.5008875618186721     3137
617 131782.70068652930786       4698.7759913791305735     3142
618 131784.43365941915545       4749.378430098521676      3147
619 131782.73127865811693       5107.834746048458328      3152
620 131362.26256000631838       4770.8474962700247488     3158
621 131919.67003212345298       4671.8716637336638087     3163
622 132261.0939229290816        4633.0821371641313817     3168
623 131790.50046509166714       4692.0327702211261567     3173
624 131926.24564274796285       4702.1017338726969683     3178
625 131789.55648314437713       5040.4913612176342212     3183
626 131784.45702133793384       5100.6379685650508691     3188
627 131783.21011969074607       4689.1725555875927967     3193
628 131765.158832549816         4719.8729949004837181     3198
629 131766.10728530853521       4708.4101923973048542     3203
630 131837.1857570791326        4691.4080978258334653     3208
631 131879.08791890920838       4694.6381391997310857     3213
632 131796.67492258088896       4685.4922992288247769     3218
633 131776.15924030018505       4685.3947827582314858     3223
634 131776.39097208064049       4685.4531797654881302     3228
635 131883.5572185193887        4689.5834859256437994     3234
636 131898.57784100755816       4688.3428842689818339     3239
637 131799.7207017178298        4683.4254868834550507     3245
638 132202.74829210608732       4697.6259715398746266     3250
639 132211.61888302062289       4705.8688014612598636     3255
640 131795.54868858819827       4692.9604164105485324     3260
641 131801.18810385552933       4682.8724144969864938     3265
642 131795.96941153472289       4691.350827534893142      3270
643 131787.81391949456884       5174.6845195220985261     3275
644 131786.66767157847062       4711.1367644275305793     3280
645 131802.86067349434597       4681.6296830683850203     3285
646 132215.47228969895514       4712.4955795141859198     3290
647 131832.61881878750864       4570.2626574743526362     3295
648 132079.90646966017084       4569.6348031920570065     3300
649 132384.98315844641184       3876.6808143131702309     3306
650 131830.13351276351023       4517.3563374984578331     3311
651 131831.14487865459523       4517.5490915293703438     3316
652 131833.34851864472148       4926.2300949942828083     3321
653 131812.62278728903038       4690.8606976017863417     3326
654 132312.95739720991696       4730.2269487200237563     3331
655 131837.31682208681013       4249.4851953038732972     3336
656 131804.77590074203908       5075.5658938521537493     3341
657 131795.04360995016759       4756.7231766064596741     3346
658 131812.56292698849575       4617.048424047876324      3351
659 131841.44085737963906       4519.545099310956175      3356
660 131811.90767562505789       4514.2191451577546104     3361
661 131790.51138631254435       4716.4886899912844456     3366
662 131806.6718034024816        4681.666767690467168      3371
663 131804.68574527511373       43487.301321611012099      3376
664 131847.88477580988547       32717.920358249513811      3382
665 131858.93522013674374       91757.895480464270804      3387
666 131750.74537856905954       15867.414923670468852      3392
667 131730.6240280912607        4678.2292216937239573     3397
668 132075.83204811328324       434791.28719921567244       3402
669 132159.83120736811543       643649.6927949169185        3407
670 131958.97796278900933       330421.66129695932614       3412
671 132125.95697248241049       941962.84948634635657       3418
672 131759.71553816040978       11839.216776545055836      3425
673 131739.59780264657456       5013.9716701795696281     3431
674 131721.77894547974574       10614.009966631650968      3438
675 131921.55839690763969       62094.566651489833021      3445
676 131926.5275904237933        25026.280760088688112      3451
677 132036.59246837440878       198974.18453488423256       3456
678 132126.61397816948011       967608.9234190370189        3462
679 132058.29917202016804       770144.11660926486365       3468
680 131918.77856759965653       20088.558464793568419      3475
681 131838.90991774416761       4696.4967180032053875     3480
682 131767.85131686500972       5528.193897281070349      3486
683 131828.18644080022932       48283.283313043262751      3492
684 133029.04082931857556       5246080.7319402331486        3500
685 132642.45321731848526       2452907.3035409054719        3515
686 133810.78234953072388       11127480.403057800606         3521
687 131872.2666219760431        209696.20228413614677       3527
688 131864.03477421749267       215052.39794340089429       3534
689 131861.20147722450201       320353.94390842696885       3541
690 131791.51585527585121       535239.80953205947299       3548
691 131738.13922337561962       4679.5422346054119771     3554
692 131893.46775318030268       174165.6155664731923        3560
693 131776.00313795928378       6574.3569286578249375     3566
694 131789.77778963046148       20216.9612391429946        3573
695 131883.51120125994203       154661.10559031710727       3579
696 131785.84490573231596       81781.428820286120754      3586
697 131882.80100068598404       205233.38838128073257       3594
698 131789.14140202384442       14917.099209293344757      3601
699 131732.40060724748764       42287.119466941723658      3607
700 131740.45497648284072       6104.3039679875191723     3614
701 131793.25500702956924       75658.841592763244989      3621
702 131869.80999927391531       4854.1682757767448493     3630
703 131834.29606798436726       34174.562897614494432      3637
704 131817.65162486900226       162741.77024547150359       3643
705 131752.98765940213343       4678.4635757012101749     3650
706 131817.70987365246401       75155.099846536759287      3656
707 131869.99581983196549       132872.44680458103539       3663
708 131945.92209251064924       354596.52859875460854       3671
709 132098.19194374067592       604705.65575089433696       3677
710 131824.26139320124639       23729.243541606290819      3683
711 132016.25812396040419       201932.95168673616718       3691
712 131810.94224314752501       28935.893271921093401      3698
713 131909.13166924452526       37824.368059784712386      3706
714 131884.20080031399266       18998.476586560249416      3714
715 131783.49664943484822       26658.433342930915387      3720
716 136845.03780161129544       1762879.0580510422587        3728
717 132123.02977255283622       4063.0327415307579031     3734
718 142419.08890668966342       3384346.5455851075239        3744
719 131203.53580156952376       4871.4825317900649679     3751
720 132249.23047341874917       3925.1632640577786333     3760
721 132189.86047637637239       4264.2395471009731409     3765
722 132202.94675699493382       4089.6611026167943237     3771
723 132196.7604819770786        4090.3146225420296105     3776
724 132203.65705908980453       4089.5023449177838302     3781
725 132695.30070417560637       4152.2160128644054566     3787
726 132316.14164854289265       4112.8238615541122272     3793
727 132190.8718168149353        4082.3087612341632848     3798
728 132192.51794588012854       4129.4942370887611105     3803
729 132190.89894406791427       4464.1810851046402604     3808
730 131673.40218032250414       4150.1050599632653757     3814
731 132341.60566026004381       4057.5009254463675461     3820
732 132729.34267135156551       4021.6066866528844912     3825
733 132198.2599340720335        4076.1485358228014775     3830
734 132334.31202312128153       4085.5042650728605622     3835
735 132197.36068602954037       4404.171838315187415      3840
736 132192.56304867408471       4457.3311787199218088     3845
737 132191.37805985865998       4073.2469133568856705     3850
738 132174.20249190408504       4101.9234463258935648     3855
739 132175.09404580062255       4091.167281397116767      3860
740 132245.17272232100368       4075.3188007978797032     3865
741 132303.1531373206526        4078.0158773069310882     3870
742 132205.17338589471183       4069.6227379109409412     3875
743 132184.69485666271066       4069.5260295588227564     3881
744 132184.91283769265283       4069.583626922629719      3886
745 132307.84478748813854       4073.054965054202512      3891
746 132322.07446595083456       4071.8706083266188216     3897
747 132207.11875180946663       4067.6420094170757693     3902
748 132673.48906135611469       4079.2690854562720233     3907
749 132681.96286493964726       4087.3354691459348942     3912
750 132202.89592591841938       4077.5684848659166164     3917
751 132208.31156575906789       4067.9765749290390886     3922
752 132203.30448150192387       4076.0378102903941908     3928
753 132195.74586477861158       4526.3827174545185699     3933
754 132195.08823633752763       4091.5092508482921403     3938
755 132210.95716351005831       4065.0719147782156142     3945
756 132690.1212139823183        4088.7503766971931327     3950
757 132241.67914184404071       3962.0599244368127074     3956
758 132489.0695979152224        3961.4724370258782074     3961
759 132861.80604677041993       3318.9161210608572219     3966
760 132239.75968985082          3913.1133452084472992     3972
761 132240.77213130614837       3913.0305105231313973     3977
762 132242.9356307676353        4292.4544090492317991     3982
763 132223.47864839396789       4068.9860174526093033     3987
764 132804.50958342992817       4073.4472577101896604     3992
765 132252.01730659016175       3665.8776744438091555     3997
766 132226.78351261006901       4063.2390633924487702     4003
767 132220.33902909135213       4442.3944061647871422     4008
768 132211.07735664054053       4145.4457109561089965     4014
769 132234.47877315507503       3923.8670907144401099     4019
770 132262.77793064090656       3926.4679816884704451     4024
771 132198.29408053890802       4098.8478341617083061     4029
772 132213.71291859610938       4065.9149994006725137     4034
773 132192.24882842309307       41567.566636180454225      4039
774 132233.35998806107091       31055.311192894256237      4044
775 132243.87667054613121       88959.71887846844038       4049
776 132140.92784837959334       14717.428936893331411      4054
777 132121.7742694572953        4063.1454003094850123     4059
778 132450.33788005888346       428678.90798248798819       4064
779 132530.30501836870098       636196.98238935414702       4070
780 132339.09101715683937       325093.15951865434181       4075
781 132498.09581319690915       932965.55362556269392       4080
782 132149.52913997363066       10888.139946983308619      4086
783 132130.30432466973434       4379.2954255878612457     4091
784 132113.39859804426669       9680.5352575711240206     4096
785 132303.4975273697637        59805.111937526562542      4101
786 132308.22032440541079       23581.9888064381812        4107
787 132413.03446525102481       194821.23429348718491       4112
788 132498.57038259474211       958532.94216273736674       4117
789 132433.60803248028969       762000.54331159265712       4122
790 132300.8141699314001        18790.202292848742218      4127
791 132224.83756286240532       4080.3232385443734529     4133
792 132157.22241772292182       4857.5004210739489281     4138
793 132214.44110154069494       46143.858509959667572      4144
794 133358.38285380421439       5224656.7451809095219        4149
795 132989.88109335605986       2438393.9191466225311        4154
796 134104.07425806461833       11096702.529875699431         4159
797 132256.41606706904713       205467.14450337720336       4164
798 132248.69798641488887       210769.59274161339272       4170
799 132246.00837164284894       315092.1739623490721        4175
800 132179.63381867465796       529353.70728883869015       4180
801 132128.88733235522523       4064.4518364294676758     4185
802 132277.34192798016011       170128.28694035601802       4190
803 132164.95940084016183       5867.3728976687125396     4196
804 132178.09228631504811       18962.423683921504562      4202
805 132267.27051011388539       150766.82063399165054       4207
806 132174.01273134740768       77976.504477186725126      4212
807 132266.57373411525623       202250.26080422816449       4217
808 132177.88728263566736       13249.858816356692842      4222
809 132120.11787145480048       40744.576933194221056      4227
810 132131.03345756218187       5269.9787864076497499     4232
811 132180.80597408092581       72657.541963527502958      4238
812 132252.58449208686943       4224.591164706111158      4243
813 132219.10327432586928       32474.0164608838204        4248
814 132203.61652250538464       156963.84676642966224       4253
815 132143.87490440899273       4197.848759154997424      4259
816 132205.06560432130937       76807.59397919960611       4264
817 132248.56233641895233       125954.81147658308328       4270
818 132323.21680072019808       352325.25232846423751       4275
819 132467.53867828194052       601850.71461850870401       4280
820 132208.65501222014427       22301.366752709978755      4285
821 132394.22156403691042       218260.32662038857234       4290
822 132194.50418166263262       26057.565984864540951      4295
823 132251.58988951900392       35053.008132234310324      4300
824 132267.91416461419431       17741.95140473610445       4306
825 132171.91853400616674       25006.659374888364255      4311
826 136044.32123451447114       1632154.4268431642558        4316
827 132641.71174993485329       4099.0532288289532517     4322
828 143313.43901965836994       3447460.5108257206157        4331
829 131179.7513674912625        4391.0505826517819514     4336
830 132367.73853178555146       3858.9762199084507301     4342
831 132312.46609869934036       4160.7969985641320818     4347
832 132325.39651089010295       3988.3692029169819762     4352
833 132319.28390285413479       3989.0150099692673393     4357
834 132326.09823417363805       3988.2120656760930615     4362
835 132831.91383746900829       4050.6278148197966402     4367
836 132442.5808809970913        4011.2585581714506588     4372
837 132313.46539904875681       3981.1097171874216656     4378
838 132315.09158258026582       4027.710011411953019      4383
839 132313.4918558037607        4358.3274654402239321     4388
840 131773.56576579855755       4048.0425021138794364     4393
841 132467.38006467919331       3956.6739049178017922     4398
842 132865.81245354827843       3921.3103731747310121     4403
843 132320.76018000679323       3975.0507153679031944     4409
844 132456.88271263992647       3984.2841383354725622     4414
845 132319.87136252329219       4299.5332260888553719     4419
846 132315.14035427669296       4351.540129197578608      4424
847 132313.96963690925622       3972.1435586065590542     4429
848 132296.99598647197126       4000.4788762617617977     4434
849 132297.87421062320936       3989.8412466878644409     4440
850 132367.72272196062841       3974.1881976846839279     4445
851 132429.41217466938542       3976.8035937695913162     4450
852 132327.83948969183257       3968.5270040095169861     4456
853 132307.36945311940508       3968.4304364143727071     4461
854 132307.5843149839784        3968.4879012679912194     4466
855 132434.15224664643756       3971.8577220870333804     4471
856 132448.19968973263167       3970.6822404811077831     4476
857 132329.53058007807704       3966.559869018576137      4481
858 132810.51581269866438       3977.7918622782467537     4486
859 132818.89511291251983       3985.8291864537236506     4491
860 132325.31049389403779       3976.5685836343254778     4497
861 132330.67155702225864       3967.0559734324342571     4502
862 132325.71577359232469       3975.0505269176173897     4508
863 132318.29933792445809       4419.6744110982272105     4513
864 132317.76118023731397       3989.5628606812374528     4518
865 132333.56178231490776       3963.6844222175282084     4524
866 132827.939544667257         3986.4595713513767805     4529
867 132613.15985419420758       3858.3770255183771951     4534
868 133003.05391768104164       3207.6565136768435877     4539
869 132363.25716746895341       3809.5100785998215542     4545
870 132364.17127294250531       3809.5843571402042471     4550
871 132366.17569870734587       4185.343690149815302      4555
872 132346.33207904198207       3967.7978953886199633     4560
873 132944.05646088032518       3971.8064203589810859     4565
874 132374.97159275354352       3569.8888699716594601     4570
875 132349.81417734560091       3962.1460933677863068     4575
876 132343.40537020016927       4336.6599066923499777     4581
877 132334.27888695534784       4043.3242277556473709     4586
878 132357.39714148716303       3824.5369732562949139     4591
879 132385.61574086357723       3827.1068414914684581     4596
880 132372.10869124272722       3825.8176846291571565     4602
881 132320.79827920824755       3997.4479909999604388     4607
882 132336.0430066093104        3964.8383903119747629     4612
883 132310.08486058519338       41243.191226677874511      4617
884 132350.71403401554562       30774.951642310305033      4622
885 132361.10747916635592       88484.902052730409196      4627
886 132259.36806939466624       14525.00346293723851       4632
887 132240.43840931184241       3962.1712248655553594     4637
888 132565.15960683545563       427636.29079774161801       4643
889 132644.19657801679568       634925.45354896236677       4648
890 132455.20751453508274       324184.99338461639127       4653
891 132612.36908451310592       931428.32981331576593       4658
892 132267.8800673224323        10730.478114282495881      4663
893 132248.86657241027569       4274.9237143957880107     4669
894 132232.16858968671295       9524.9986022060147661     4674
895 132420.03422943101032       59417.368465409221244      4679
896 132424.7005473637837        23338.962149598348333      4684
897 132528.30022214978817       194114.41962275045807       4689
898 132612.80688435008051       956984.58134238212369       4694
899 132548.61665087117581       760610.44387765205465       4700
900 132417.37496543431189       18572.175848123111791      4705
901 132342.29700765252346       3979.1607890257096187     4710
902 132275.47551290865522       4746.9959015516242289     4715
903 132331.97995295876171       45776.825319991752622      4720
904 133462.79025532572996       5220984.0524164699018        4725
905 133098.46110997963115       2435913.81275779102          4730
906 134200.16739666715148       11091442.235132794827         4735
907 132373.46795984829077       204747.79629269998986       4741
908 132365.86575422208989       210041.11028646826162       4746
909 132363.20942893571919       314194.80814424389973       4751
910 132297.59448932914529       528401.36489972134586       4757
911 132247.45944070827682       3963.4768234140406094     4762
912 132394.33132413239218       169434.67330525253783       4768
913 132283.11667676884099       5751.2232326543498857     4773
914 132296.10003900129232       18753.229090309108869      4778
915 132384.22070546008763       150085.75891484349268       4783
916 132291.97903975477675       77023.378800631966442      4788
917 132383.54923236594186       204357.89136561701889       4794
918 132296.01567587128375       12897.440966740075964      4799
919 132235.05160282124416       39502.893738762126304      4805
920 132249.52960126317339       5475.2142491361173597     4810
921 132298.28571490655304       73413.04392789688427       4815
922 132462.57245031709317       4129.4205217415319566     4821
923 132336.16160189866787       32193.193382606837986      4826
924 132319.32562659174437       158906.59181605910999       4831
925 132262.41427225898951       4179.6835713543059683     4836
926 132322.26003521220991       77652.573212287810748      4841
927 132365.39475925039733       124912.96025718112651       4847
928 132438.97108023113105       351380.45011093321955       4852
929 132581.21369045396568       600616.38036727160215       4857
930 132326.06449881655863       22064.031311078470026      4862
931 132508.95204897172516       217517.04180309179355       4868
932 132312.11841362452833       25800.955213481029205      4873
933 132368.37855448789196       34755.347653378739778      4878
934 132384.86206453340128       17531.083423945052346      4884
935 132289.92870543489698       24719.984397136442567      4889
936 136232.55452763824724       1658796.9518707611132        4895
937 132789.44292166779633       4222.6790512504940125     4900
938 143911.30094235602883       3524455.651236793492         4909
