1 9565.6947226160700666     294471.16135003132513       5
2 9809.385053976360723      264740.23332332936116       9
3 9320.6490696238415694     256410.49988708138699       14
4 8962.5870656644947303     151479.16630700003589       18
5 9059.844431032819557      122514.01858226854529       22
6 9153.6458478276144888     125412.58782317825535       26
7 9004.4042170248176262     94194.770325274017523      30
8 8915.688649427584096      32466.307022367305763      34
9 9040.9943736177574465     38708.998129089930444      38
10 8938.4368681081305112     50432.660937546803325      42
11 8816.1439127814319363     17401.881855754585558      47
12 8939.9109030393847206     9235.3101088022540353     51
13 8714.9837482220464153     54387.331681490752089      55
14 8728.9525738234224264     46114.592702664900571      59
15 8982.9809011098877818     10654.169040297387255      63
16 8964.057409551282035      11201.088632456048799      68
17 9119.2878912971700629     12195.139846799535007      72
18 9117.2653056654671673     12720.868117235942918      76
19 9210.5959434526484984     55028.327769886112947      80
20 8916.5726534383666149     10215.843086930213758      84
21 9200.7323659239391418     32131.138731679526245      88
22 9039.8057457831273496     10626.384710356009236      93
23 8839.496756350285068      11056.425382867251756      97
24 8626.801051083864877      47153.121397527582303      101
25 9688.3628665020733024     164439.69400487828534       105
26 9672.2621950772590935     125905.43203674574033       109
27 8934.3287784893691423     8288.4319809581375011     113
28 8904.6350155609052308     13062.980584435208584      118
29 8764.6267858510927908     5561.2885399519218481     122
30 8801.2004929410104523     19640.858684390219423      126
31 8960.0257848245855712     4682.9192703538383284     131
32 8814.6772978895551205     4724.6349099884082534     135
33 8998.0761437033961556     3877.8986050018474998     139
34 8843.161879059201965      3522.6294777985294786     143
35 8812.0145203566280543     3359.9158390800757843     147
36 8852.8411476903547737     9654.6768156838843424     151
37 8758.3828456178216584     14422.085721597370139      155
38 9025.3931079359263094     5045.6107721681928524     160
39 8854.2739346130438207     9921.1650479815743893     164
40 8907.0690508654461155     5383.857930807651428      168
41 8877.9218213104522874     7460.2538762434305681     172
42 8641.8247513126189006     15461.249528397351241      176
43 8857.564575557164062      10904.289664156152867      180
44 9263.5197494424410252     14061.242401473153222      184
45 8778.5127331748390134     3991.7653648959540078     189
46 9119.8322228980123327     5986.1826378121641028     193
47 8849.1551931319190771     4059.2708452378715265     198
48 8884.6298186468065978     4636.1118505095473665     202
49 8802.7656687666421931     4155.8473716244670868     206
50 8921.8962267307597358     3130.3917626817551536     210
51 8892.1455537101319351     3510.5589119703381584     214
52 8858.1674797161140305     10720.088878180868051      218
53 8911.8343562792524608     2635.7007985143445694     222
54 9003.9945423521676275     4356.9885479715458132     226
55 8802.2072131536588131     3544.779280852922966      230
56 8891.4094952608666063     3122.7070360695502131     235
57 9099.8654685313122172     3537.7857840332053456     239
58 8933.9170918263280328     3667.7651651957903596     243
59 8863.8458075724247465     4486.3208159503228671     247
60 8951.131551535341714      3852.543364544891574      251
61 8888.9461338689106924     4947.3667222357707942     256
62 8938.9629440907701792     10794.499021129900939      260
63 8311.0063006136733748     27521.026107312456588      264
64 9029.6242660573279863     10249.563813376958933      268
65 8668.5945173391646676     21870.086258408569847      273
66 8789.2263612019523862     4081.3218931451483513     277
67 8686.9313772952555155     6670.7720019512698855     281
68 8901.382126826858439      5429.0051739792006629     285
69 8917.1276061854350701     3039.8207684869857985     289
70 8910.0676371696408751     3023.293808030956825      293
71 9081.1280022978862689     9052.8127869394284062     297
72 8916.3307441545930487     13493.204598065134633      302
73 8986.224700939575996      3675.1977596097067362     306
74 8784.5359383435607015     5417.0271387862030679     310
75 9055.6222020311142842     3035.4792018137964078     314
76 8975.3909886161691247     3174.4443220654798097     319
77 8837.3356493797891744     2244.4995247622855459     323
78 8696.9604730338687659     4812.4675598443882336     327
79 8934.7725655397298397     3143.5319195806328025     331
80 8888.8002339275244594     2935.6425489630837546     335
81 9074.947407217887303      3832.2004508298464316     340
82 8818.9008294903196656     3099.901419372836699      344
83 8860.5143034877764876     5608.0130112610540891     348
84 8995.9756742048775777     3385.6290976988984767     352
85 8866.5383474235841277     3353.8649580395181147     356
86 8537.4009805735950067     4356.8145353698291729     360
87 8449.4731065609994403     5036.1697337663599683     364
88 8873.4461938511340122     5637.2762321672025791     368
89 9004.9099912749043142     3383.5587633014661151     373
90 8711.2660430393334536     2114.2468155753495012     377
91 8652.6784998446401005     4307.2069328842844698     382
92 8252.9700953385708999     5633.9416044110830626     386
93 8242.5126598906772415     4961.0679300106121445     390
94 8961.1176774507875962     4324.5792545394824629     394
95 8875.758295201259898      2703.4017350066892504     398
96 8870.6490270068497921     2721.4763822656786942     402
97 8770.1896048641829111     2125.4300994306581742     406
98 8676.5339302989996213     2176.8371079528665177     411
99 8649.5997738304322411     3426.835929824302184      415
100 8554.4664416724772309     2161.9353472697916914     419
101 8597.6891216363874264     8160.5619741978935053     423
102 9137.4391914045318117     3175.4924232545222367     427
103 8786.1248955137634766     5928.7377961922202303     431
104 8657.9414860660108388     7471.9014514837135721     435
105 8595.290013346251726      10445.974248204924152      439
106 8702.9963257412891835     2187.8810205341574147     444
107 8786.4593608296509046     11760.895416221090272      448
108 8759.3025068469869439     18078.937927708346251      453
109 8410.9943624220268248     15510.992632673367552      457
110 8603.6608018242604885     2015.8588341456709259     461
111 8618.0057531311740604     1751.0428873581918197     465
112 8620.2284479144000215     2432.9562445155434034     469
113 8583.2723824531149148     1506.4535181541250495     473
114 8523.2197108643231331     963.78976641166468653    477
115 8747.4112329115687317     2170.1499147255813114     481
116 8643.2175657530697208     2698.1137433910330401     486
117 8505.9914971321522899     975.88573652690752169    490
118 8569.5635946429429168     4885.930349445498905      494
119 8693.4385273685802531     2062.6189002737155533     498
120 8641.8329660434865218     920.87764497414661946    502
121 8583.3096757162966242     2342.6660055556708357     507
122 8625.0987767872793484     2756.2049617392226537     511
123 9088.6203377963502135     6366.112403917129086      515
124 8581.7259550140661304     2918.4213519743088909     519
125 8523.7324992708290665     1477.1590140166474612     523
126 8417.7187610598411993     535.60364418676601872    528
127 8360.6048595575939544     110.92789315291912544    532
128 8374.8344268887340149     921.10495321434518701    536
129 8513.0712936607469601     303.95099260595196711    540
130 8363.5068936567968194     318.51594419121289548    544
131 8351.7655680726493301     155.72671041953080362    548
132 8411.6780309383211716     1318.5262242083756519     553
133 8415.680356735652822      2237.7340195280830812     557
134 8524.7305281396911596     1505.2980637259570358     561
135 8289.4713556625611091       1.9353719993780691411  565
136 8323.2999167651541939      27.114476270670831326   570
137 8212.1153788839419576     5056.2812568325725806     574
138 8450.7721022973091749     516.26595785063432231    578
139 8345.9966908213591523      88.274640705672254626   583
140 8222.6084577278488723      14.827019517795546832   587
141 8299.5090988805714005      93.528216381328633133   591
142 8315.4670058739357046      73.196984749883782229   595
143 8718.9744187517280807       3.9892809334105447938  599
144 8294.6383592684724135       0.20389894907193503726 603
145 8470.3338645118656132     194.17506009638651676    607
146 8170.1432934801650845       0.95991176397625843641 611
147 8150.8337919248788239     368.60788199441606139    616
148 8158.3228924757086133     112.89574215801438584    620
149 8107.1880997746266075       0.00009768338957256336 624
150 8093.5066297058938289       0                      628
151 8426.6366650697291334     902.0168476414531824     633
152 8234.8990934390585608       0                      637
153 8181.9758960794661107     461.96029024319972223    641
154 8133.1580688332524005      80.673253548808915525   646
155 8202.4307377008371986      35.439547336139007427   650
156 8131.7418652729693349       0                      654
157 8089.1385536139441683       0                      658
158 8089.0417007976648165       0                      662
159 8108.5821411701690522     996.72576584239072872    666
160 8145.3712924630372072     322.26868004787451127    670
161 8116.0526476132563403     226.04655381913545398    675
162 8478.9625212081100472     6010.4137921208375701     679
163 8129.5863169197600655       0                      683
164 8086.9352247830211127       0                      687
165 8132.5724703874802799     3002.1536036510237864     691
166 8202.7388634929757245     1484.4545423821737131     696
167 8199.9790702995487663     1048.396775352548957      700
168 8109.7899031049355472       0                      704
169 8322.976321955315143       64.440635737520366888   708
170 8134.3080549259302643     726.04567567927199434    712
171 8785.6179945674812188     102.94873048488162226    717
172 8537.153392485317454      223.71100205766009594    721
173 8117.9958856845751143     511.37848420513256542    725
174 8134.9326121815338411     852.64792160116962805    729
175 8158.6529147130349884     2177.4845032943539991     733
176 8131.0979295436036409       6.656414303175563596   737
177 8905.3861808534420561      24.587762596405823956   741
178 8499.2413981693662208     1015.9046109779097833     745
179 8705.909876424308095      12877.056727345514446      750
180 8187.0317381478953394     1522.4752559298754022     754
181 8209.3543032528923504     3029.0190455753049719     759
182 8154.9717432594234197     3595.9484383250041901     763
183 8231.8320379015749495     5869.5747420282450548     767
184 8125.1040169598300054     2309.0207781854887799     771
185 8111.1444702304752354     399.2027018591520573     775
186 8107.0244247487753455     1181.4772573591340006     779
187 8106.0332442658072978     120.93783176944758395    784
188 8103.0406877188988801     761.75192139485807274    788
189 8106.5436961206551132     116.93366303729330014    792
190 8106.8807761768675846     114.96711390227891059    796
191 8107.0698060220629486     113.99264955827871404    800
192 8107.2034198561723315     113.3462554666667188     804
193 8107.2725057930174444     113.02403073468694572    808
194 8086.8605531635048465       0                      812
195 8086.6456504797097296       0                      817
196 8086.0828871261028326       0                      821
197 8167.2152736772777644     1229.3192761066236471     826
198 8165.8261399315033486     1007.6451406524795402     830
199 8179.8875971786319496     111.50259149428173089    834
200 8109.9026669005070289       0                      838
201 8298.9018822489797458       0                      842
202 8096.8912938939211017       0.19374111782289601957 846
203 8088.2939031592932224       0                      851
204 8092.5619401343574282       0                      855
205 8129.6182840837282129     253.13221894038974824    859
206 8109.430992513772253      123.88277673858159744    863
207 8092.817664449285985       64.165122456309887866   867
208 8115.6244642246019794     582.87496137512425776    871
209 8169.5210745899885296     3012.9617585040296035     875
210 8219.7452142720594566     2512.44174871367386       879
211 8091.7689881134774623       0                      884
212 8085.1303575775900754       0                      888
213 8091.1379549532539386       0                      893
214 8232.8283600389040657     1520.3469787440744767     897
215 8155.4845305362687213     3412.0824138295465673     901
216 8217.9835896648564812     2694.3625601425774221     905
217 8152.7705246214090948     1800.3169993821306889     909
218 8317.606837083818391       56.564101500566060565   914
219 8108.2491504143672501       0                      918
220 8085.2997356078049052       0                      922
221 8085.1146765904513813       0                      926
222 8085.156482373239669        0                      930
223 8124.5426588520613222     4762.8822615600502104     935
224 8119.2206758475012975     3627.4913392701255361     939
225 8095.5500447457707196       3.3414961239893488099  943
226 8096.1317465253250703       3.330797567381485802   948
227 8301.5960840196748904      69.083386145616046292   952
228 8108.5428581393362037       0                      957
229 8087.241310285581676        0                      961
230 8092.5922752186397702       0                      965
231 8102.4922614501929274       0                      969
232 8091.5985112517200832       0                      974
233 8091.5689910753308141       0                      978
234 8109.4825076591823745       0                      982
235 8144.0425825572419853       5.6405094590915680897  987
236 8085.528793834327189      338.74060532878621643    991
237 8086.0983870713025681       0                      995
238 8119.5814613065995218       0                      1000
239 8092.9978707404961824     118.60210733687354434    1004
240 8121.4775752501946045     391.36801679145094113    1009
241 8119.0106082667289229     535.66467696825134226    1014
242 8118.698422060872872      1738.2933539433126953     1018
243 8128.2773997915192012     702.49680560854164924    1023
244 8355.1838859342406067      87.602779653117252678   1027
245 8152.0485341062640146     185.49075838520437287    1031
246 8335.4859149685053126      17.72999375376309672    1035
247 8597.9590146634691337     421.31472488988811165    1040
248 8142.3408147230175018       0.61400152867091639663 1044
249 8086.3420924431347885       0                      1048
250 8093.0755179563157071       0.4917403289093902341  1052
251 8102.6428621321319952       0                      1057
252 8098.6334180696449039       0                      1061
253 8092.9364217022512094       0                      1065
254 8096.8228687035616531       0                      1070
255 8091.4747227179923357       0                      1074
256 8087.7740710908665278     513.84480844309575787    1079
257 8098.8315951478416537     104.22108007299829069    1083
258 8125.9072310826795729     2374.6525630022565565     1087
259 8091.3697272092440471       0.32712106235948879007 1092
260 8096.1445170967190279     868.9303038078597865     1096
261 8083.8566796748555134       0                      1100
262 8095.4617465616402114     313.98953557322113284    1104
263 8092.8504940681186781     441.44827077279921923    1109
264 8092.610213611727886      366.14606877277202557    1113
265 8095.3941896313062898     456.09552015468182162    1117
266 8121.8637059872071404     342.5657531587148128     1122
267 8452.8163391655925807      71.735784816072694525   1126
268 8136.0267115673032094       2.9232192698365295769  1131
269 8085.3990806839155994       0                      1135
270 8084.3527813636810606       0                      1139
271 8084.8269810098991002       0                      1144
272 8096.5492435593432674       0                      1148
273 8093.3895045345525432       0                      1152
274 8090.1758474620419292     121.04304193667594802    1156
275 8096.458660190345654      148.17355169471258591    1160
276 8085.6072017354572381       0                      1165
277 8094.9288485847482661       0                      1169
278 8122.0195471497645485     1542.7875472690902825     1173
279 8086.5414040127825501       0                      1178
280 8087.970487709732879        0                      1182
281 8086.0924414376331697     387.03404707193277545    1186
282 8086.2865328536317975     295.64093317601214039    1191
283 8085.5148142786347307     305.3597665002016015     1195
284 8104.4170148028133553     240.36675266317013211    1200
285 8085.6857504716035692       0                      1204
286 8083.8431380550482572       0                      1208
287 8083.8123700025507787       0                      1212
288 8083.8088649482115216       0                      1217
289 8084.5999218098750134       0                      1221
290 8085.4163226287992075       0                      1225
291 8090.0155207908119337       0                      1229
292 8086.503225945970371      442.54909009034145129    1234
293 8098.5068826221704512     258.26594096609818507    1238
294 8085.9181803008395946       0                      1242
295 8082.3513201003170252       0                      1246
296 8091.4454306141697089       0.00984318946935892891 1251
297 8099.8601646707911641     583.90329114732628568    1256
298 8085.7203017027431997       0                      1260
299 8085.9285467623458317       0                      1264
300 8103.6033609206187975     603.37952573398172262    1269
301 8380.5637527464550658      83.284645439383680809   1273
302 8142.8856004357239726       3.4826668240007143673  1277
303 8082.4503042789056053       0                      1282
304 8082.5998371528721691       0                      1286
305 8083.3468144614935227       0                      1290
306 8085.4116832922745743       0                      1295
307 8090.4289168154336949       0.25474104221676097115 1299
308 8081.972229387657535        0                      1303
309 8084.3948812254466247       0                      1307
310 8081.9909343891613389       0                      1312
311 8081.982728606371893        0                      1316
312 8084.7153648997309574       0                      1321
313 8090.6395014695699501       0                      1325
314 8349.4860329151324549      84.312976350606462006   1329
315 8137.8239374126997063       0.55362998374188443496 1333
316 8082.2090049307753361       0                      1337
317 8083.2342895351011975       0                      1342
318 8083.0336795942394019       0                      1346
319 8086.3644117531839584       0                      1350
320 8091.6817835368237866       0                      1354
321 8099.5093723052768837       0                      1359
322 8085.5669832543653683       0                      1363
323 8082.8087774548666857       0                      1367
324 8087.2798564980794254     280.77201441858835551    1371
325 8123.0704320769627884       3.2874014573487500002  1375
326 8083.4416984859853983       0                      1380
327 8086.4540478630096914       0                      1384
328 8111.310556364117474      141.13104259174454569    1388
329 8082.8628518210880429       0                      1393
330 8108.2465643359037131       0                      1397
331 8086.084539781145395      322.6479332421494064     1401
332 8095.0320075859744975     273.82583627567873918    1405
333 8085.6444104930078538       0                      1410
334 8082.9590294740301033       0                      1414
335 8082.011228116404709        0                      1418
336 8083.0001619621743885       0                      1422
337 8083.9923176314268858       0                      1427
338 8082.2880944273892965       0                      1431
339 8082.9364636514819722       0                      1435
340 8084.8732887639416731       0                      1439
341 8088.3383728934604733     110.69841954995860078    1444
342 8113.6787415967601191       0.85517263829800216346 1448
343 8101.4554092650014354       0                      1452
344 8084.8273166729404693       0                      1456
345 8082.6090790042535446       0                      1461
346 8086.3099343974899966       0.025213360803556812   1465
347 8111.5764377896502992     102.96824492308515175    1469
348 8101.756084290194849      113.40872783213683306    1474
349 8094.545476631922611      275.59107725064490069    1478
350 8085.7017828103234933       0                      1482
351 8082.0390823031812033       0                      1486
352 8082.1856372257489056       0                      1490
353 8083.1931426547916999       0                      1495
354 8082.7853950565440755       0                      1500
355 8111.0715398271240701       0                      1504
356 8081.9442220496775917       0                      1508
357 8082.090891271667715        0                      1512
358 8083.1581066769658719       0                      1517
359 8083.9850191378454838       0                      1521
360 8122.1648293598937016       0.97451096525046077002 1525
361 8122.1665807921162923       0.95859731150097660102 1529
362 8094.2379286673740353     276.90902353872024833    1534
363 8085.8533936889243705       0                      1538
364 8082.0274061909931334       0                      1542
365 8082.2486505791075615       0                      1546
366 8082.9823032852518736       0                      1551
367 8082.7300976066053408       0                      1556
368 8103.2102533777815552       0                      1560
369 8082.2173011672675784       0                      1564
370 8082.8083156589946157       0                      1568
371 8083.7178483104689803       0                      1573
372 8084.5258430292860794     617.43036099197672684    1577
373 8110.8336736833989562       0.00654540991913617805 1581
374 8084.9378541625246726       0                      1585
375 8083.7986530641564968       0                      1590
376 8083.0603653129264785       0                      1594
377 8126.7581271108811052       0                      1598
378 8128.7190126567593325       0.70814134852980836765 1602
379 8082.3601013147545018     320.6109806053682405     1607
380 8081.9814870451127717       0                      1611
381 8082.036294434861702        0                      1616
382 8083.0256204012830494       0                      1620
383 8107.5597165766594117       0.8233401178756682981  1625
384 8082.0148669621794397       0                      1629
385 8082.2201246563499808     331.37726996959366943    1633
386 8082.0324458542509092       0                      1637
387 8082.8152778851872426       0                      1642
388 8083.9802328220648633       0                      1646
389 8109.2354089651871618       0                      1650
390 8082.0977917574555249       0                      1654
391 8081.9880169866419237       0                      1659
392 8082.2628037131362362     325.30099298295397148    1663
393 8081.9465131338192805       0                      1667
394 8083.0209309509400555       0                      1671
395 8103.63107445244259         0.23978862010933604809 1676
396 8081.9503966068859881       0                      1681
397 8081.9479349293060295       0                      1685
398 8081.9605713980699875       0                      1689
399 8082.8488837785698706       0                      1693
400 8083.0273429839089658       0                      1698
401 8082.239152240794283      328.87704868009751635    1702
402 8083.9901213478078716       0                      1706
403 8113.0222858556617211       0                      1711
404 8086.7201324872148689     122.4730764207551772     1715
405 8083.7233858093932213       0                      1719
406 8083.7311939240698848       0                      1723
407 8082.2241370561268923     326.93871044725750608    1728
408 8081.9419526037690957       0                      1732
409 8081.9441668277222561       0                      1737
410 8083.7386533913049789       0                      1741
411 8082.2289183276398035     326.3893142059628758     1746
412 8081.9466748553277284       0                      1750
413 8081.9398333596545854       0                      1754
414 8081.9930483126772742       0                      1758
415 8082.0218373854177116       0                      1763
416 8082.2205989986141503     326.91729183941600922    1767
417 8081.9476839889448456       0                      1771
418 8082.7790913900125815       0                      1775
419 8085.1935614585627263       0                      1780
420 8088.3297622502032027     112.59233646513411031    1784
421 8082.0416209247678125       0                      1788
422 8081.935613724711402        0                      1792
423 8082.0213571985032104       0                      1797
424 8104.3875718569925084       0                      1802
425 8113.5688303683027698       0                      1806
426 8081.9167177763920336       0                      1810
427 8082.2654525388616094       0                      1814
428 8081.9820478469810041       0                      1819
429 8081.9217177169321076       0                      1823
430 8101.588761197191161        0.40917146670572251965 1827
431 8101.4348769010739488       0.381028901093721728   1831
432 8082.1809337618306017     328.88516383284036237    1836
433 8081.9351923041640475       0                      1840
434 8081.9188363476514496       0                      1844
435 8081.9406527363371424       0                      1848
436 8082.3424114778417788       0                      1853
437 8082.8219845901612644       0                      1858
438 8082.9349636744400414       0                      1862
439 8085.2608696634279113       0                      1866
440 8081.9451968483263045       0                      1870
441 8082.1664975128251172     335.64270613503214236    1875
442 8110.0902534484785065     107.03924977169582178    1879
443 8110.3869896572105063     1417.3655334127281549     1883
444 8083.9896928036332611       0                      1887
445 8113.9670640142530829       0                      1892
446 8109.7899609175246951       0                      1896
447 8082.9067553826234871       0                      1900
448 8085.0761735688811314     603.4464109140221808     1905
449 8082.1691518226216431     331.71202101080126567    1909
450 8081.9268055883003399       0                      1913
451 8081.9322029127688438       0                      1918
452 8081.9422508608131466       0                      1922
453 8082.0130220183573329       0                      1927
454 8082.7953529381074986       0                      1931
455 8082.930327328367639        0                      1935
456 8082.8353079911321402       0                      1939
457 8084.0176334151619812       0                      1943
458 8088.3182922318183046     111.29895686043430203    1948
459 8107.7105977504370458      79.379881670464783383   1952
460 8119.3485423018901201     2584.6430533415473292     1956
461 8083.9923755591325971     549.31974779886024862    1960
462 8085.944824635626901        0.00025052231409734084 1965
463 8105.0187754897433479       0.24249231886545571935 1969
464 8110.0831409755228378       0.05963598242091247559 1973
465 8082.1728919892666454     333.13474673748243049    1978
466 8081.9287149322126425       0                      1983
467 8081.9163619098035269       0                      1987
468 8081.9322695784012467       0                      1991
469 8082.0282724301332564       0                      1996
470 8081.9566811038293963       0                      2000
471 8103.9095659474605782       0.2856991938782580398  2005
472 8082.1767792729569919     333.41702023946987765    2009
473 8081.9429966318448351       0                      2014
474 8082.930985263185903        0                      2018
475 8081.919573888456398        0                      2023
476 8081.9779163715566028       0                      2027
477 8081.9273412536813339       0                      2032
478 8083.0002963538563563     321.85136794614425071    2037
479 8082.1605025784774625     333.37565450306823323    2041
480 8083.9971784219869733       0                      2046
481 8105.5648150625211201       0                      2050
482 8108.5982840941305767       0.02789122680552108546 2055
483 8081.919250560978071        0                      2059
484 8083.5612726641247718       0                      2064
485 8112.0994597776680166     119.51049174679799592    2068
486 8112.25418154601266       119.01819884963379081    2073
487 8082.1707528049682878     333.97358819782346018    2077
488 8081.9155516068603902       0                      2082
489 8081.922139746454377        0                      2086
490 8082.0213360683974315       0                      2091
491 8081.9681869956621085       0                      2095
492 8103.2878514980984619       0.18752666628988357012 2100
493 8081.9346419878784218       0                      2104
494 8082.7574573233514457       0                      2109
495 8106.2747839829562508       0                      2114
496 8081.9175917182537887       0                      2118
497 8081.9404160165649955       0                      2123
498 8082.9563638184699812       0                      2128
499 8083.0290535059430113     320.0151246916473724     2132
500 8083.9945086721381813       0                      2137
501 8083.4266142560454682     324.08390565075075074    2142
502 8108.7389425198571189       0                      2147
503 8086.6539162263425169     127.66504049655074482    2151
504 8083.6986052278207353       0                      2156
505 8086.0220460706932499       0.22485233147012748112 2161
506 8113.5980176858365667       0                      2166
507 8102.6027240466701187       0.19302163111026449105 2171
508 8082.1892192155455632     333.14255675696136905    2175
509 8081.9237125363724772       0                      2180
510 8081.9202332678105449       0                      2185
511 8081.9433451492432141       0                      2189
512 8081.9851735521679075       0                      2194
513 8083.626533575031317        0                      2199
514 8109.0028624158203456       0                      2204
515 8081.9227725220271168       0                      2208
516 8082.7552682246505356       0                      2213
517 8088.3179417354185716     110.9746363848359465     2218
518 8106.3441869264197521       0                      2222
519 8085.9455920075124595       0.07805191332145426653 2227
520 8082.1601404044968149     334.21380131070998232    2232
521 8081.9206495070820893       0                      2237
522 8112.1513387000495641       0                      2242
523 8081.9162446564741913       0                      2246
524 8082.7539312078697549       0                      2251
525 8082.1581563444033236     332.51700487527193673    2256
526 8082.1625053116522395     332.53839088270393631    2260
527 8082.9204963539596065       0                      2265
528 8104.4562440037461784       0.44647561917264255715 2270
529 8081.9474304912728257       0                      2275
530 8113.6392390742321368     1593.3463627570122298     2280
531 8118.9993390008576171     2626.3675726273481814     2285
532 8082.1580908333799016     333.65910565695259038    2290
533 8081.915516104035305        0                      2295
534 8081.9252775892764475       0                      2300
535 8081.9773264851746717       0                      2305
536 8104.0093509701100629       0.36123292164918879843 2310
537 8082.1596588948004865     332.82145692804937198    2314
538 8081.9172324014280093       0                      2319
539 8081.9444769443598489       0                      2324
540 8083.62492096636106         0                      2329
541 8111.3794609792785195       0                      2333
542 8081.9174166122047609       0                      2338
543 8081.9172030414929395       0                      2343
544 8082.7535575608608269       0                      2348
545 8083.9884955984316548       0                      2352
546 8088.3138943076673968     111.46633333930084575    2357
547 8105.2453411762071482       0.54168289306976946662 2362
548 8081.9520977324755222       0                      2367
549 8081.9432299018026242       0                      2372
550 8112.5833500965527492     1574.729597633288904      2376
551 8119.1375549803351532     2626.9419798420894949     2381
552 8081.9164449962099752       0                      2386
553 8081.9171255172268502       0                      2391
554 8081.9429209166828514       0                      2396
555 8081.9904444413541569       0                      2401
556 8082.7533523686151966       0                      2406
557 8082.1636453991786766     333.09223647733989537    2411
558 8089.0562344465379283     133.03618552494720007    2416
559 8083.4574166414622596     322.70932896983572391    2420
560 8107.1082772276013202       0                      2425
561 8111.1810071687159507       0                      2430
562 8081.9206495070911842       0                      2435
563 8081.9164202459787703       0                      2440
564 8081.9284555295662358       0                      2445
565 8103.6446926265653019       0.3915227448099401486  2449
566 8082.8024899778747567       0                      2454
567 8083.4866932978638943       0                      2459
568 8082.7989988746348899       0                      2464
569 8107.2958803696938048       0                      2469
570 8081.9151187665493126       0                      2474
571 8081.9229484476300058       0                      2479
572 8081.918787448207695        0                      2484
573 8081.9186943880213221       0                      2488
574 8082.1888560842053266     332.02276486962119861    2493
575 8081.9155207554531444       0                      2498
576 8081.9171294087445858       0                      2503
577 8081.9188346712762723       0                      2507
578 8081.9888256743861348       0                      2512
579 8109.6314923342506518      87.893959751954525927   2517
580 8084.0049111026946775     548.40873844189343345    2522
581 8084.7152381342402805     312.20732756376133921    2527
582 8086.6461067866357553     126.43516629327585576    2532
583 8093.0254128050928557     293.99218585239458434    2537
584 8111.9985200436012747     1476.8828791943747092     2542
585 8083.9994351151608498       0                      2547
586 8103.9439461091733392       0.38098605394974049965 2552
587 8082.166148232764499      331.70201113351868116    2556
588 8081.9162248666279993       0                      2561
589 8081.9191705067687508       0                      2566
590 8082.9190409795255619       0                      2571
591 8082.9191081758044675       0                      2575
592 8082.926184416119213        0                      2580
593 8083.9899556892496548       0                      2585
594 8088.3138388602483246     111.14183705929168866    2590
595 8112.3003747939237655     101.10414173366021373    2595
596 8108.3341055558712469     1008.4316927533299122     2600
597 8082.1698047463150942     333.3970770596634452     2605
598 8081.9815468447695821       0                      2610
599 8103.7939101750616828       0.42004972931095801991 2615
600 8106.4171434466925348     955.51640297865424145    2620
601 8083.6263736010196226       0                      2625
602 8083.3584437521703876     347.51930247404675356    2630
603 8083.4318791422310824     325.93745783201933364    2635
604 8093.07346602938469       331.15484876905316014    2639
605 8084.7898622027050806     584.22445140277056908    2644
606 8109.6551824483140081      87.720071126395623651   2649
607 8111.497993825730191      1429.9433551650718073     2654
608 8081.9929714388799766       0                      2659
609 8105.1157988825116263       0.52242160541587889799 2664
610 8081.9877869282199754       0                      2669
611 8081.9997902212689951       0                      2674
612 8082.9199913934398865       0                      2678
613 8084.8805146940985651       0                      2683
614 8083.9859596901687837       0                      2688
615 8084.0009842928275248       0                      2693
616 8082.8280012881132279       0                      2697
617 8111.6438751670611964     1433.2119001795381337     2702
618 8088.2158067593654778      78.379871768591357295   2707
619 8081.987953059823667        0                      2712
620 8103.3273716424182567       0.32690451016195959388 2717
621 8082.5194311638533691     357.46983998067832999    2722
622 8086.6454968109428592     125.91176585546750744    2727
623 8086.6778586251766683     127.27939389348424015    2731
624 8083.9855062337128402     548.35230898868326221    2736
625 8109.4489046759099438      88.162909085579130419   2741
626 8112.4985426860457665     1487.5565387034441756     2746
627 8081.9638065640219793       0                      2751
628 8081.9472691634082366       0                      2756
629 8106.3204618898989793       0                      2761
630 8108.9221230763023414     1091.3537869210670124     2766
631 8109.1883378112570426      75.407926784552998356   2770
632 8117.6116396175493719     2579.8761651912068373     2775
633 8082.1612705532761538     331.68064025877936274    2780
634 8103.472762990029878        0.35302492107028943247 2785
635 8082.4952145646175268     358.57644185340143395    2790
636 8083.9862745670443474     546.13527803832039353    2794
637 8086.6744014683599744     126.57521990779481769    2799
638 8092.1313908938655004     262.68449144364672065    2804
639 8082.5221776905118531     358.63189908306787856    2809
640 8107.695465619526658        0.00177425296674912393 2813
641 8081.9513627116157295       0                      2818
642 8103.2070532143225137       0.31192817307866765875 2823
643 8082.8014668024416096       0                      2828
644 8082.0139405528916541       0                      2833
645 8084.0165625339195685       0                      2837
646 8084.8802163107557135       0                      2843
647 8083.9888614348865303       0                      2847
648 8104.6268950165394926       0.44057793435986092323 2852
649 8112.4931256848012708       0                      2857
650 8081.9356763176974709       0                      2862
651 8082.9225881520123949       0                      2867
652 8118.7372155870716597     2622.6156392038828926     2872
653 8082.4924401733615014     358.00110906883207917    2877
654 8103.5051165353515898       0.34345816255677741324 2882
655 8107.0048085598937178       0                      2887
656 8089.0570496759073649     132.32695756910345608    2891
657 8082.757334491147958        0                      2896
658 8082.8036507160504698       0                      2901
659 8084.8575725453383711       0                      2906
660 8083.9933251506845409       0                      2911
661 8109.4816308446070252      88.31718733789286091    2916
662 8111.604299271900345      1432.8371880122053881     2921
663 8082.1660247780400823     330.84516020889827814    2926
664 8082.8299935034838199       0                      2931
665 8083.9926486939375536       0                      2936
666 8107.5834635123555927     966.38603556320595089    2941
667 8113.0044150920539323     107.56568218104871448    2945
668 8081.9206835495560881       0                      2950
669 8085.1908267250810241       0                      2955
670 8087.4624126434346181     133.87374917381336559    2960
671 8082.5000498271510878     359.74007184602783127    2965
672 8105.84367769965138         0                      2970
673 8111.3938435072204811       0                      2975
674 8081.9154192493651863       0                      2980
675 8087.4705514463621512     134.07193213074637583    2984
676 8082.5297280097829571     359.52328948478816528    2989
677 8082.1666969831730967     334.48448687743047003    2994
678 8088.3410699609012227     112.25994255722233106    2999
679 8110.6324832505933955     113.52426743107665175    3004
680 8081.9964873423941754       0                      3009
681 8082.1660826803517921     332.25535806025959573    3014
682 8081.9847604919104924       0                      3019
683 8082.017206981234267        0                      3024
684 8083.9843793784175432       0                      3028
685 8089.048928070365946      132.31351826068876676    3034
686 8082.1858338612573789     332.55931728691803073    3038
687 8083.9783152727914057     550.3822947269644601     3043
688 8092.1337129187822939     262.52300470637214858    3048
689 8081.9907422604774183       0                      3053
690 8082.7558430909612071       0                      3058
691 8082.8053453164893654       0                      3063
692 8084.854596975844288        0                      3068
693 8082.4975567776964454     358.31600210473214929    3073
694 8081.9207105081832196       0                      3078
695 8093.8335522177167149     366.40097662816464208    3082
696 8082.1662878288416323     333.64622800430112193    3087
697 8106.5185116351358374       0                      3092
698 8110.8584699008606549       0                      3097
699 8081.9480346852324146       0                      3102
700 8085.2200761113235785       0                      3107
701 8109.7830278351630113      87.471838210758903642   3112
702 8083.9857632417561035     543.25239150426693868    3117
703 8083.625649887389045        0                      3122
704 8103.7974321305691774       0.35383741456681766513 3127
705 8082.9249325361197407       0                      3131
706 8088.3282609024236081     110.83052262647838404    3136
707 8083.4384760013799678     324.88116847910339402    3141
708 8089.0675570575785969     130.89076973796960601    3146
709 8107.454413716272029      963.75648859292073212    3150
710 8112.9493720979653517     107.58792457377795415    3155
711 8087.6464618619938847     3596.0550354563251858     3161
712 8082.7550401520165906       0                      3166
713 8082.1728206657053306     332.00605812670767136    3170
714 8082.9223788947847424       0                      3175
715 8088.3152882093845619     110.81799840984875516    3180
716 8109.9617596511725424      87.880658515111193196   3185
717 8112.1565524987272511     1486.1269467154440918     3190
718 8083.9841287306526283       0                      3194
719 8081.9459477452182909       0                      3199
720 8082.010747837695817        0                      3204
721 8082.1628673016548419     331.98469205455342035    3209
722 8089.1813946610427593     117.22829372324068231    3214
723 8082.1652295206831695     331.9509201403240013     3219
724 8107.0412230057263514       0                      3224
725 8107.3366453768567226       0.00103966243643301864 3229
726 8103.9762734597343297       0.37104530099978816349 3234
727 8089.0940182648282644     133.20527253054493144    3239
728 8082.1720281186780994     333.95146206974601455    3244
729 8082.1889081425933909     331.72289856819850229    3249
730 8088.337385925052331      110.93704221120461284    3254
731 8108.1931013514595179       0                      3258
732 8081.9441515629632704       0                      3264
733 8081.9476089905729168       0                      3268
734 8082.8019485329887175       0                      3273
735 8086.647902027388227      126.78079346880450373    3278
736 8082.4994063634376289     359.44597617525300848    3283
737 8093.0053079723411429     293.56523348929459871    3288
738 8083.9778798264223951     548.1610270499733133     3293
739 8107.4908422232992962       0.0003500797446363162  3298
740 8106.5809395881724413       0                      3302
741 8081.9506722852638632       0                      3307
742 8103.4971442060013942       0.36399306356672661567 3312
743 8082.4929449819328511     358.29446369836659869    3317
744 8087.1945633278564856     148.61933112125393563    3322
745 8085.0502166553424104     612.48005158807461612    3327
746 8092.137540482980512      262.36211275582695635    3331
747 8093.0698683398959474     331.33518891751913316    3336
748 8083.980252568438118      552.60855529719447077    3341
749 8106.7070447940659506       0                      3346
750 8107.6752300473517607       0.00108545093090684614 3352
751 8082.168675192041519      330.29250216410923713    3357
752 8083.9929198818872464       0                      3362
753 8107.0957542374108016     962.55186418366122325    3367
754 8113.4854506171786852     107.08373040075319693    3371
755 8081.9863458419522431       0                      3376
756 8081.9822569468869915       0                      3381
757 8081.9973591352600124       0                      3386
758 8083.9861339457593203       0                      3391
759 8084.0013524558926292       0                      3396
760 8092.9979235510791113     293.90647648694385907    3401
761 8105.1435151152381877       0.46066052305402310774 3405
762 8111.6755346596828531       0                      3410
763 8082.1701599920934314     331.41936353008532024    3415
764 8081.9438584510317014       0                      3420
765 8082.0083894133895228       0                      3425
766 8103.3836214925504464       0.32811145999594831801 3430
767 8081.9186758322175592       0                      3434
768 8083.6249177550243985       0                      3439
769 8108.5632196978322099       0                      3444
770 8107.4163690012182997       0                      3449
771 8081.9450445952306836       0                      3454
772 8081.946430514887652        0                      3459
773 8088.3377263138481794     111.60875305355345688    3464
774 8088.3217551453035412     110.32796767586899023    3468
775 8082.1675192900283946     332.80885166625824922    3473
776 8082.194989254749089      331.19108117252795864    3479
777 8088.3451769259072535     111.27380286405674781    3484
778 8110.0957357518764184     106.85665513693609796    3488
779 8111.3295977259658684     1426.3716215972206101     3493
780 8089.0713073854949471     4478.6838211601670992     3498
781 8082.1677156827408908     331.14881172054555236    3504
782 8081.9945348779774577       0                      3508
783 8093.122411777076195      332.69160301285023706    3513
784 8084.8035542706065826     582.82656693443482254    3518
785 8104.1240124638679845       0.39882720057534970515 3523
786 8112.8337153121065057       0                      3528
787 8086.6553775415577547     126.97357304104284026    3532
788 8081.9846017484624099       0                      3537
789 8103.619822897114318        0.38014329223964460347 3543
790 8083.4587448068286903     324.41778144953150331    3548
791 8089.0847853927007236     132.65377355026828354    3552
792 8104.9368185400599032       0.47782717438043453839 3557
793 8111.6631352523427267       0                      3562
794 8082.0095269701487268       0                      3567
795 8082.4954242079738833     358.87015193793848766    3572
796 8087.4606915298818421     133.33490836309994165    3577
797 8107.4429575278227276       0                      3581
798 8103.6843928982652869       0.36041001898185631713 3586
799 8081.9174005135373591       0                      3591
800 8107.0609208675359696       0                      3596
801 8082.1583958350229295     331.96334739224170107    3601
802 8082.0087549176987523       0                      3606
803 8082.1940438422097941     332.29760009095792839    3611
804 8089.0822658351753489     133.54754390116968921    3616
805 8082.1870122199479738     332.86383472362217617    3621
806 8088.3104717646374411     111.30921465429506156    3625
807 8083.4316217009009051     322.65807411861038645    3630
808 8088.3466713316001915     110.62594974791473135    3635
809 8089.0612285363404226     132.14433599148497933    3640
810 8109.6200874083842791     107.33808967825117975    3644
811 8112.1386288063031316     1437.8909671120370604     3649
812 8081.9193024226451598       0                      3654
813 8081.9428681556437368       0                      3659
814 8107.8965800602272793       0                      3664
815 8082.0204279337958724       0                      3669
816 8082.9234475227231087       0                      3673
817 8085.2296243634218627       0                      3678
818 8110.0729546520751683      80.75501545075699994    3683
819 8104.0849843131109083       0.06554536222020088121 3688
820 8084.0121552564014564       0                      3693
821 8106.9152231062489591       0                      3698
822 8081.99177415324084         0                      3703
823 8081.991707836941714        0                      3708
824 8082.8088754658738253       0                      3713
825 8083.9901063933066325       0                      3718
826 8084.8566964586552785       0                      3722
827 8110.0140681238590332      94.114988593908989856   3727
828 8084.0062407722389253       0                      3732
829 8088.3190959501444013     110.65097358313781228    3737
830 8088.3200401864523883     112.13971983828901102    3742
831 8082.1594189824818386     333.07080908923359175    3747
832 8082.1723429173352997     334.79012136250503318    3751
833 8088.306483932721676      111.12929748926396201    3756
834 8109.5413476738231111      75.23511220540420652    3761
835 8118.266069173501819      2591.6693542656003046     3766
836 8103.3512645297269046       0.33746132616219326472 3771
837 8088.3223852268274641     112.46588875373876704    3775
838 8082.1772748996854716     335.34514820870504082    3780
839 8110.9987988345719714       0                      3785
840 8087.6814745914680316     3636.2742202380231902     3790
841 8081.9864761679291405       0                      3795
842 8104.2063343909039759       0.07250080365269799543 3800
843 8084.8484637736937657       0                      3804
844 8082.7979317021618044       0                      3809
845 8110.3391032831259508      94.101304429593568557   3814
846 8112.4856892115531082     1532.8139713949810812     3819
847 8081.9203794707818815       0                      3824
848 8081.9193173883704731       0                      3829
849 8087.4685146142228405     133.34896710398189157    3833
850 8083.9628781308374528     323.5122257080800523     3838
851 8108.0440059965658293       0                      3843
852 8087.1335131849782556     143.00036538838622846    3848
853 8085.217795833670607        0                      3853
854 8085.9234034404225895       0.09892628586108746791 3857
855 8082.7986017235534746       0                      3862
856 8083.5070955688934191       0                      3867
857 8113.6143332770070629     106.81015880848545407    3872
858 8084.8868269114327632       0                      3877
859 8092.1505515320313862     262.87604937190235432    3882
860 8084.8246597399447637     577.82168542351143969    3886
861 8105.9730238521042338       0.16904227465987239909 3891
862 8111.3383815485049126       0                      3896
863 8083.9963081169853467     544.11379845503847719    3901
864 8103.5617210634090952       0.34469361197150732989 3906
865 8082.7553443563374458       0                      3910
866 8081.9953417875658488       0                      3915
867 8107.776355480359598        0                      3920
868 8084.8643512088483476       0                      3925
869 8081.9447176600388048       0                      3930
870 8081.9887097762302801       0                      3935
871 8085.1880265672689347       0                      3940
872 8109.0045953891540194      75.657495348234846233   3944
873 8117.9275776101058        2587.3377678218603251     3949
874 8092.6355405742588118     5436.0573795787940981     3954
875 8081.9206835495597261       0                      3959
876 8081.946999268109721        0                      3964
877 8081.9450563938380583       0                      3969
878 8082.8350149023262929       0                      3973
879 8084.0025267908204114       0                      3978
880 8106.4363634190412995       0                      3983
881 8081.9438694486416352       0                      3988
882 8081.9480346852196817       0                      3993
883 8082.920219934857414        0                      3997
884 8108.074424303811611        0                      4002
885 8083.9804491150234753       0                      4007
886 8081.9452364257558656       0                      4012
887 8084.8525272052638684       0                      4017
888 8103.529057592108984        0.35427913054837828488 4022
889 8082.9494417432724731       0                      4027
890 8084.8581728794060837       0                      4031
891 8082.0199838555035967       0                      4036
892 8110.4895227323340805      93.664307895495113598   4041
893 8112.6543120321730385     1536.5188909472910836     4046
894 8081.9445026055864219       0                      4051
895 8082.7813318836797407       0                      4055
896 8105.2421343010255441       0                      4060
897 8112.1111753622362812       0                      4065
898 8082.7534164636772402       0                      4070
899 8111.4798306958709873       0                      4075
900 8082.0240816926998377       0                      4080
901 8082.8288717146187992       0                      4084
902 8084.8623771691200091       0                      4089
903 8084.0259351310469356       0                      4094
904 8104.8096382250960232       0.45973231413587123395 4098
905 8084.0060479511730591       0                      4103
906 8081.9203839055498975       0                      4108
907 8083.0007325325213969     322.15116088678820461    4113
908 8089.0651423705303387     133.23279127704768143    4118
909 8082.2000489404363179     333.9938096062755335     4123
910 8111.514320694754133      1430.0107089316704787     4127
911 8083.989692803642356        0                      4132
912 8082.9236086802129648       0                      4137
913 8084.8621538447705461       0                      4142
914 8082.1901625482769305     332.58070078198488773    4147
915 8082.8331580977082922       0                      4152
916 8082.0135473932523382       0                      4157
917 8105.7342379594701924       0.57613925802844290214 4161
918 8105.061018824495477        0.10896639703235772023 4167
919 8112.2967984127608361       0                      4171
920 8084.9657815986511196     414.56791943779410303    4176
921 8104.1394315139586979       0                      4181
922 8109.8276967206329573      74.614826818670664466   4186
923 8117.9949877715444018     2587.4616002722359553     4191
924 8082.9989959702515989     321.60642301912309904    4196
925 8081.9842657931958456       0                      4201
926 8092.1419782434386434     263.19829852298039441    4206
927 8083.9862395699337867     550.57433134705411248    4211
928 8108.2774032058359808     1008.0600958894984842     4216
929 8112.5628080359219894     121.39603125239841575    4221
930 8092.1260108030164702     262.42930625398275879    4225
931 8082.7561559052601297       0                      4230
932 8088.3102320428342864     111.63388668983984076    4235
933 8093.0866239844472148     331.73298485763376675    4240
934 8083.4324980859419156     327.51268258404553535    4245
935 8106.8544685307388136       0.00008429721397959016 4249
936 8105.8865781476688426       0.00005009997215598802 4254
937 8103.2799492480044137       0.00000063565189153177 4259
938 8098.1337724248060113       0                      4264
939 8082.1711848238310267       0                      4269
940 8082.2935740808252376       0                      4273
941 8091.6331005259416997       0                      4278
942 8102.4355462953017195      97.914935521779554506   4283
943 8081.9405381474889509       0                      4287
944 8081.9411517227890727       0                      4292
945 8082.0318937588554036       0                      4297
946 8082.188267394207287        0                      4302
947 8082.7783520600123666       0                      4306
948 8099.8249988632487657       0                      4311
949 8082.2717930539247391     327.31676407714900279    4316
950 8084.0457713291316395     313.54380901907427415    4321
951 8107.1543443813661725       0.02281865220380537365 4325
952 8082.0071515755480505       0                      4330
953 8081.9175675008182225       0                      4335
954 8081.9335725211622048       0                      4340
955 8081.9857977847777875       0                      4345
956 8082.0238268129987773       0                      4350
957 8085.93392453096385         0.12477960452307547412 4354
958 8093.01936804552588       295.09468458273113356    4359
959 8102.4931912545498562       0.48297220217629421857 4364
960 8106.0677998434139226       0                      4368
961 8081.9823397076206675       0                      4373
962 8081.9252025324840361       0                      4378
963 8081.9292845302197748       0                      4383
964 8082.7627423200174235       0                      4388
965 8082.9566259718503716       0                      4392
966 8083.4426602762532639     329.75234556195380264    4397
967 8100.8119235824597126       0.41835459401904706578 4402
968 8107.6518315774947041       0                      4406
969 8088.3082751175525118     112.1271231077846835     4411
970 8101.2818795302873696       0.10323629433198250327 4416
971 8108.8098926300408493       0                      4421
972 8082.7572429805431966       0                      4426
973 8081.9472932199550996       0                      4430
974 8082.7603888718858798       0                      4435
975 8103.4356183627478458       0.00053644515385960082 4440
976 8102.8160252624029454       0                      4444
977 8088.209083087592262       76.863007077263901579   4449
978 8101.6821365413034073       0.52972171164123349474 4454
979 8093.8085300512129834     366.11434817648023454    4459
980 8083.9852644520506146     322.98702607489690308    4463
981 8107.6635836761388418       0                      4468
982 8081.9443231457853472       0                      4473
983 8101.1618042787349623       0                      4478
984 8082.9225979244638438       0                      4483
985 8104.1394127195453621       0                      4487
986 8104.0265939728997182       0                      4492
987 8088.3112017078110512     110.63846833698090677    4497
988 8083.4288941946724663     323.71082445057464838    4501
989 8082.9212698269375323       0                      4506
990 8083.024847826106452      322.47204610239640488    4511
991 8103.5011562762583708     949.0808702184978074     4516
992 8109.2737839863975751     107.48533567801790412    4521
993 8101.3604746880555467       0.46658820380369009362 4526
994 8082.9205358412409623       0                      4531
995 8082.1613274428182194     332.23394583497565691    4536
996 8105.6818304893049572      88.48975546096248479    4541
997 8108.7999024039218057     1521.1698010092038658     4545
998 8082.166100372519395      330.82382586425813997    4550
999 8103.8668203516563153       0                      4555
1000 8105.8528605922310817      93.885423485300719904   4560
