1 10754.959582094019424      91256.547335235358332      5
2 11173.174298799360258      81964.347898372056079      9
3 10398.366553455773101      110700.23099285109492       14
4 10969.733445418831252      98770.195024578424636      18
5 10976.613441097295436      98236.527470082219224      22
6 10968.018174856288169      98626.633380456463783      27
7 10721.832205525337486      48988.118009786470793      31
8 10698.802526622013829      13244.895080483940546      36
9 10710.676272926430102      22226.775278037937824      40
10 10706.106158723225235      17293.402360804197087      45
11 10936.63891969649012       17181.988882202687819      49
12 10494.375651799957268      11776.696158063879921      53
13 9960.3301812133759086     8331.3785179907918064     58
14 9686.4461683866866224     6494.7129516913410043     62
15 9518.814441409362189      13484.551028966287049      67
16 9823.3325736839051388     13766.492460397059403      72
17 9968.5473740086981707     7961.6746657579815292     77
18 11173.835902837037793      13418.878861939367198      81
19 10060.417706791533419      4855.7334653780508233     85
20 9685.772709815781127      6376.5178916396253044     90
21 9684.4552247306091886     6111.8306069243408274     95
22 9684.1885995402572007     6416.4534886589890448     99
23 9367.5540425840026728     16222.580486878154261      104
24 9182.2311248564474226     74055.454500195512082      109
25 10571.71912100402551       7336.1675888712879896     113
26 10575.844742754816252      9348.1696639083929767     118
27 10409.338423540773874      4565.7478472401344334     123
28 10838.774166849962057      8377.8687990804646688     128
29 10375.529364904341492      5680.7098359149094904     133
30 9538.6276236481917294     11195.28661542757618       138
31 9687.3712393631321902     8521.6118738997865876     142
32 10562.651500193249376      6213.0137868581086877     147
33 10389.065083654069895      5050.2049901753816812     152
34 10231.55197232773935       5125.2021520620792217     157
35 10697.756660929295322      6663.621635967308066      162
36 10244.452015016035148      6489.5413264578292001     166
37 10062.092244858169579      5969.6479540909485877     171
38 10208.078007254533077      5203.2344486861438781     176
39 11049.898042266571792      6062.5287691710518629     180
40 10595.960827245751716      5489.0545417842959068     185
41 10591.205988151381462      5531.398949541418915      190
42 10411.432671660635606      9085.0541172130997438     195
43 10563.686655431465624      9467.2392342091752653     199
44 10753.05600590958602       10833.278085264168112      204
45 10875.29057412356633       15010.064719779256848      209
46 10762.392104958171331      10160.162224416742902      214
47 12671.147371854534867      51388.303212052102026      218
48 9667.9829368094488018     8625.8908576577450731     223
49 12635.394346560402482      22409.892702741482935      228
50 9520.9363323143370508     29482.2935498647239        233
51 9379.1016562762397371     14589.60799408776802       237
52 9828.0588097130785172     2719.8714584398203442     242
53 9347.0667079654376721     2466.9815118782566969     247
54 10591.267752756810296      3772.0694346351292552     251
55 10400.616125151664164      3417.6117743621502996     256
56 10057.124561272792562      7566.7188076658558202     261
57 8462.630723709024096      3659.0462165902181368     266
58 8366.8110594301469973     1895.1207202927819253     270
59 8715.9092628157814033     26763.067843034652469      275
60 8335.1530834804343613     55440.97896929714625       280
61 8226.2621403023131279     11462.421710390271983      284
62 9497.074454036737734      2313.7685039017092095     289
63 8569.8014271276442742     8843.8735482372503611     294
64 8461.3577956851313502     2578.8171025401684346     298
65 8446.7102818786624994     9890.2537423417961691     303
66 8549.1054513347444299     8018.4964559590389399     308
67 8573.9839523732607631     2738.7204509660264193     312
68 8851.8371200325218524     17293.019019978906726      317
69 9109.7323793087780359     29292.726478777647571      321
70 9301.8474465985200368     19797.532459747933899      326
71 8578.8392761205050192     1730.2490220405547916     331
72 8594.7039885330686957     9079.0267116236482252     336
73 8239.6503452950619248     7508.9443156111456119     340
74 8199.1352319758552767     1325.1984087947876105     345
75 8765.2978042920112784     7540.890673878697271      350
76 8179.3588497855407695     16647.899611958291644      354
77 8356.9422576784309058     63403.017801604517445      359
78 8512.5729432633888791     695.45955584647799697    364
79 8563.939227328330162      840.08047421168089386    369
80 8746.3452440850669518     7034.8605765605479974     373
81 9584.8880445302675071     4818.2284829948584957     378
82 8426.6429900470957364     2095.7123822013668359     383
83 8985.8433859356373432     9049.952112982451581      387
84 8445.0384019552093378     9408.7843286460392846     392
85 8266.450192824631813      543.08564720858134933    397
86 9081.7026967333094944     61319.982065665222763      402
87 8125.1552293021995865     10664.260001898574046      406
88 8129.385069052675135      11908.919101773493821      411
89 8545.5295293540075363     2512.7868438886644071     416
90 8724.4519074264935625     383.93491601673599689    421
91 8566.1490095982371713     623.35478570494808537    425
92 9121.3919030090146407     973.99987656990026608    430
93 8840.8367187819385435     1132.4699830948366071     435
94 8727.7605678372055991     5556.9484101023872427     440
95 8677.3924110780753836     142.34739117429990074    444
96 10813.966756937785249      2837.9738494184512092     449
97 8117.8907809416514283       3.552308570624052475   454
98 8488.3023681548838795     161.04509262771853173    459
99 8097.5345588898680944       0                      463
100 8537.0804149592258909     173.02231953560192323    468
101 10573.842319476805642      6366.1675474690973715     473
102 8095.4601749362245755       0.62154443574407292061 478
103 8411.4843672693987173       1.3098760908751834187  482
104 8102.7342704783277441     195.76026090178049799    487
105 8094.0124344873411246       0                      492
106 8191.4010279496305884     102.95179923882561468    497
107 8425.5477337574557168     2924.5063213320586328     501
108 8093.9209351238678209       0                      506
109 8106.5977597854716805     403.00266191129446725    511
110 8125.1663419502419856       0                      516
111 8116.6506658820835582     387.57845963327804384    521
112 8115.3338846112319516       0                      526
113 8110.4900431825863052     744.08360606968028605    531
114 8231.2222409377936856       2.1753269787972082661  536
115 8196.3095503226486471     186.91400028578968318    540
116 8143.9312020447296163     288.74674217272223586    545
117 8489.2004293902537029     8100.3294532813479236     550
118 8650.1426603657564556     1047.6390536815085852     554
119 8270.4642601282739633     3116.8896034749509454     559
120 11285.231845742799123      11057.736349628867174      564
121 8342.4736719964967051     14460.677938374776204      568
122 8945.7939075780323037     28861.404293814481207      573
123 8696.4280866640892782     35610.413952962422627      578
124 8535.277003692703147      18959.559820048678375      582
125 8948.4565550567604078     57618.467950778009254      587
126 15194.896609488867398      84405.115395873974194      592
127 8825.1318174022417224     83710.315309158322634      596
128 8171.063760640907276      2721.2298884410656683     601
129 8171.6550983725473998     3474.7127459881362483     606
130 8470.9625959148524998     1573.6931623494251653     611
131 11111.022412241723941      1145.8315432230820079     615
132 8095.7273738454568957       0                      620
133 8484.2673836515550647      41.40146260291025726    625
134 10864.879228723093547      275.17563108304710795    630
135 8246.8901818269041541     740.02066849945106242    635
136 8147.214092697248816      3408.0750972869373072     639
137 8149.2530570348053516     2642.3786170735943415     644
138 8130.7895121477477005     5720.0850941203379989     649
139 8136.6321360170586559     4681.2457830082703367     653
140 8670.4229492149261205     150.36563449132734149    658
141 8614.4716688400621933     128.0312904690836433     663
142 8155.4837507173779159       0                      667
143 8540.5351578913850972     5670.0156537783623207     672
144 8546.6137595455129485     6695.6458780593929987     677
145 8830.6429911091800022     4155.5269945504951465     682
146 8107.7962997384065602     198.19769157434885187    687
147 8135.7652290180039927       0                      691
148 8099.7178649235020202       0                      696
149 8268.5081929850348388     3243.4185112223804026     700
150 8590.4093341723655612     104.88880513812142681    705
151 8433.3895280692668166       0.75218783823103541053 710
152 8684.5211497246837098       8.740174841023963026   715
153 8106.0595310200269523     3915.5342372968575546     719
154 8105.7875075559495599      84.750753184466063317   724
155 8534.6893033577380265      45.218967197766531285   729
156 8545.8198599675797595     517.099432700405373      733
157 8241.3537370054527855       0                      738
158 8258.9541113465074886     267.03679480731398144    743
159 8172.4054706465403797     2302.2533225338356715     748
160 8145.1867948960643844     2155.3589743026582255     752
161 8422.5326014605707314      16.084693497860214961   757
162 8150.3235627447675142       2.3562685362925703814  762
163 8096.2526168125796175       0                      766
164 8108.7025108056786848       0                      771
165 8100.0305444336281653      99.425511520229960638   776
166 8100.1788828055077829       0                      781
167 8098.9085560944849931       0                      785
168 8120.8453050814241578       0                      790
169 8166.0584149453725331       0                      795
170 8146.0182511903685736       0                      800
171 8172.4386218509926039       4.2854851013585069097  805
172 8247.8518951754631416       0                      810
173 8105.5249045631817353     287.64320146852344351    815
174 8106.62883277506171       147.91696713484284942    820
175 8111.1813282380844612     7052.4103729949492845     825
176 8531.0684756729697256      30.129004691625482337   830
177 8144.8364720429663066       1.0906948043469402165  834
178 8096.3316552795613461       0.29231079749997451733 839
179 8098.8146302643444869       0                      844
180 8095.3417835356876822     364.98291825455299886    849
181 8112.3157579495773462     310.66556609772317188    853
182 8093.8923886983066041       0                      859
183 8093.8111580184076956       0                      865
184 8093.6071437259079175       0                      870
185 8100.9963642533430175     177.94148267568226629    874
186 8123.8963287806845983     873.74066706471785437    879
187 8119.2328671844770724       0                      884
188 8529.2687006246233068      44.225606250503183503   889
189 8142.9473067578719565       0                      893
190 8094.5769804279707387       0                      898
191 8099.1750362480770491       0                      903
192 8092.547873701176286        0                      907
193 8096.1487471489281234       1.0550904456158227696  912
194 8100.1932773431590249     371.01336953159687937    917
195 8099.7133338291941982       0                      922
196 8102.7995152760104247     691.1140373650306401     926
197 8314.0344275690877112      96.660286760800502748   931
198 8141.4517027502452038       0.1644007913703540158  936
199 8095.0903517360102342       0                      940
200 8096.4702134345961895       0                      945
201 8101.6156990263252737       0                      950
202 8094.6961686678969272       0.33541070883400153635 954
203 8093.8770004408770546       0                      959
204 8099.6540415160743578      86.517158529324262872   964
205 8093.7175052942120601       0                      969
206 8095.3132772199951432       0                      973
207 8150.8467041990870712     121.01514483266953448    978
208 8156.1685213806940737     756.69428265724616267    983
209 8093.4878146335704514       0                      987
210 8451.0043562658356677       0                      992
211 8087.7402514522345882       0                      997
212 8151.6195059740439319       0                      1002
213 8094.6697597534230226       0                      1007
214 8094.6335782885207664       0                      1012
215 8282.8304034661377955     123.88497179327644915    1016
216 8142.1201908119619475       0.03084472745148316222 1021
217 8115.7267518903199743       0                      1026
218 8254.9954838427893264       0                      1030
219 8105.4856415673066294      95.573043864255495805   1035
220 8087.8358293643350407       0                      1040
221 8091.4232662972726757     356.81842947252590648    1045
222 8089.5863138710519706       0                      1050
223 8094.6133437497665        276.74711786924217449    1054
224 8096.737238713073566        0                      1059
225 8119.6774338385439478       0                      1064
226 8099.3118120824101425     149.8500189562354592     1068
227 8091.1381026279677826     350.89840760837341804    1073
228 8471.363768459576022        0                      1078
229 8096.1187234988510681       0.11181258671854356346 1083
230 8092.7780502779460221       0                      1088
231 8284.9356356734679139     109.13640579731232094    1092
232 8088.7373952781708795       0                      1097
233 8092.534617919419361        0.09198776977370827501 1102
234 8095.4805263848429604       0                      1106
235 8088.2381319331580016     358.90166909837660114    1111
236 8089.8031518030547886       0.05903576440037958117 1116
237 8092.1572114930932003       0                      1120
238 8145.5137184934937977       0                      1125
239 8102.2658046129490685     144.58707475574814794    1130
240 8177.0289331214371487     1353.7068086745557594     1134
241 8263.9151797069771419     533.31859809448178567    1139
242 8089.0805813148072048       0                      1144
243 8095.0389750008407646       0                      1149
244 8094.4280933686413846       0                      1154
245 8090.2175024219613988       0                      1158
246 8311.5785730513362068      71.154580722791052949   1163
247 8188.2507396088431051       4.0431703971874304315  1168
248 8082.7887305621834457       0                      1172
249 8217.8631866057130537       0                      1177
250 8087.6250407145353165       0                      1182
251 8106.3290035579657342       2.3503478652370710655  1187
252 8087.2806352531533776       0                      1191
253 8090.7611407883150605       0                      1196
254 8359.9437798377930449     108.73517385732989737    1201
255 8192.7461015020198829       5.9660240911143809228  1205
256 8112.1053291171092496       0.01925763668864155162 1210
257 8214.6053985559901776       0                      1215
258 8492.0273634566565306     2150.5315569419431085     1219
259 8083.6080920147933284       0                      1224
260 8082.5802027038453161       0                      1229
261 8335.0640902828254184       0                      1234
262 8102.2717663918565449       0                      1239
263 8087.4519003637451533       0                      1243
264 8356.1014502539237583     114.38807831719360308    1248
265 8191.8713845987358582       5.3209231363471714005  1252
266 8091.4939282992027074       0                      1257
267 8119.8417641405567338       0                      1262
268 8445.4067980949548655      17.591412478160165733   1266
269 8617.5852177045126155      15.465544699956813801   1271
270 8092.8321754785074518       1.0041645934845255805  1276
271 8440.89963217926379         6.2949624734890496924  1280
272 8766.5451819813661132      32.427821246087773943   1285
273 8082.6712221116604269     350.93700952200111942    1290
274 8093.6550993213022593      54.124614400156239924   1294
275 8135.6769235527890487     1017.664171498806013      1299
276 8112.6470529554235327       2.7868984377714371981  1304
277 8499.6009188632524456     2381.8783399097651454     1309
278 8084.5216102111262444       0                      1313
279 8083.5415860074081138       0                      1318
280 8088.8466085542368091       0                      1323
281 8083.073192244247366        0                      1327
282 8376.919806278850956       97.766526393221923286   1332
283 8188.6476181374400767       3.1805505843382446685  1337
284 8115.4762711576477159     319.65973324956280521    1341
285 8125.1894816759831883       0                      1346
286 8082.9711288011558281       0                      1351
287 8336.8021027764207247     217.49202221326331141    1356
288 8203.7055741951335222       0                      1361
289 8085.9804181955360036       0.12389016054005916323 1365
290 8093.178446625770448        1.0962503324497290258  1370
291 8085.4432478500584693       0                      1375
292 8085.3358803297132908       0                      1379
293 8136.6363225029426758       0                      1384
294 8115.6027963864062258     165.26659930327681991    1389
295 8094.7615961716765014       0                      1394
296 8117.1280445741422227     118.28505252715979168    1398
297 8098.6391814525468362     1438.0153101913565479     1403
298 8180.5090879229273924       0                      1408
299 8349.5704122267088678     113.23515292170235114    1412
300 8198.2877146925220586      10.378988218212196415   1418
301 8084.8992397746278584       0.02341030057803807768 1423
302 8090.3374844008594664       0                      1427
303 8084.1412491900873647       0                      1432
304 8126.7838319001812124      87.962154798019000168   1436
305 8112.9992149615782182       0                      1441
306 8089.1619146872717465     101.01758795980094874    1446
307 8084.0122067742950094       0                      1451
308 8082.2428001285197752       0                      1455
309 8085.171786131682893        0                      1460
310 8085.930574318633262        0                      1465
311 8085.995888112578541        0                      1470
312 8088.9364116660108266     712.04606495558107326    1475
313 8088.8880834076690007     709.69193722795523627    1480
314 8356.4428422540677275     113.86873228908918065    1484
315 8196.580060734797371        9.2290047199377820419  1489
316 8083.5209468793727865       0                      1494
317 8114.8791389245361643       6.9837772438948988452  1499
318 8119.6638037616939982       0                      1504
319 8083.2462680833550621       0                      1509
320 8084.5673200493693002       0                      1514
321 8091.9578240159844427       0                      1518
322 8121.7120335207282551     162.84981858461779325    1523
323 8082.5378391634449144     323.08842737930086741    1528
324 8122.0693513131709551     386.25441053940807024    1532
325 8110.3846437328184038     381.70321611765422176    1537
326 8115.6268099638000422     133.36769046504355174    1542
327 8130.2495073278096243       0                      1547
328 8095.281965478753591      562.4619864356037624     1551
329 8327.3189705024833529     208.71201030517900676    1556
330 8140.9512091306851289     246.19810626017832078    1561
331 8082.2269369858231585       0                      1566
332 8094.9933676964965343      58.301796710803884594   1571
333 8085.2719592682315124       0                      1576
334 8085.2456869803399968       0                      1580
335 8086.7999848408735488     694.99316176402419387    1585
336 8085.4424346004470863     385.37870233823281296    1590
337 8335.1641468362358864     227.15422115063373099    1594
338 8140.2523471076565329     247.78157677093653888    1599
339 8083.1902059396034019       0                      1604
340 8083.3962906415217731       0                      1609
341 8089.8261539002278369       0.15418751245709771958 1613
342 8150.4649121256161379     134.82887030871825118    1618
343 8082.4482374193494252       0                      1623
344 8082.8271531061718633       0                      1627
345 8093.7227869813641519       0                      1632
346 8084.1010143021849217     523.66941819282476445    1637
347 8088.3770317602757132       0                      1641
348 8092.0153493648895164       0                      1646
349 8105.4981063096420257     193.5166703427286734     1651
350 8086.3552449178314419       0                      1656
351 8086.5066409664432285       0                      1661
352 8102.7550285863280806     272.10449438051784909    1666
353 8086.827867189564131        0                      1670
354 8082.2175138573038566       0                      1675
355 8083.3379872783216342       0                      1680
356 8083.0691807264884119       0                      1685
357 8125.9371224304122734       0                      1689
358 8084.2167229555698214     342.16429356213512847    1694
359 8103.2619264488794215     266.53027858652257009    1699
360 8086.9020518766683381       0                      1704
361 8082.3536361210535688       0                      1708
362 8085.0925364249560516       0                      1713
363 8082.4164120707964685       0                      1718
364 8082.2456889805944229       0                      1723
365 8082.4184222884059636       0                      1727
366 8083.3428741797088151       0                      1732
367 8086.9750778469224315     434.89063964563968057    1736
368 8095.4364076814335931       0.93548131377581056345 1741
369 8091.0192960978465635     111.05767595273509585    1746
370 8141.8448354546435439       0.59004229261059304434 1750
371 8083.6671753245864238       0                      1755
372 8084.0716178477769063       0                      1760
373 8083.7014492808302748       0                      1765
374 8084.740201850032463      482.5471061512586175     1769
375 8082.301002532523853        0                      1774
376 8082.4585128193302808       0                      1779
377 8084.600558435138737        0                      1783
378 8085.1675222636258695       0                      1788
379 8082.4418210183666815       0                      1793
380 8083.117877254024279        0                      1797
381 8083.0485242836493853       0                      1802
382 8083.0518671857489608       0                      1807
383 8086.9348077979575464     122.99191492971914386    1812
384 8107.530541495102625      356.86374478916178532    1816
385 8123.9934237919569568     295.92952985452978965    1821
386 8083.5996097017077773       0                      1826
387 8082.4038368984474801       0                      1831
388 8082.311784832801095        0                      1835
389 8085.6296520089790647     305.89836712408907715    1840
390 8083.8977017897905171       0                      1845
391 8082.2253897777854945       0                      1849
392 8082.3258903892447051       0                      1854
393 8082.4403489392516349       0                      1858
394 8082.5364950395796768     342.05876559447921181    1863
395 8083.0537141930817597       0                      1868
396 8083.0139526023021972       0                      1873
397 8088.8040279408223796     106.24064692384737896    1877
398 8088.0146388438788563     872.73341547337690827    1882
399 8114.4792111374326851     126.91675884384808626    1886
400 8115.8261241883492403     513.24827955062119145    1891
401 8082.6957314390629108       0                      1896
402 8082.6378188061116816       0                      1901
403 8082.6598919432017283       0                      1905
404 8088.0633772452392805     864.58018730215178493    1910
405 8082.2724627417510419       0                      1915
406 8082.2529212511335572       0                      1919
407 8082.2772379247935532       0                      1924
408 8082.216045166589538        0                      1929
409 8082.2215207127119356       0                      1933
410 8082.3617912656563931       0                      1938
411 8082.4434935368362858       0                      1943
412 8088.0188616683863074     870.77095313089057527    1947
413 8082.2502862362080123       0                      1952
414 8082.2180482157682491       0                      1957
415 8082.2282123853838129       0                      1962
416 8082.2785674117412782       0                      1966
417 8082.2621387191893518       0                      1971
418 8083.0126607844740647       0                      1975
419 8083.0231421457774559       0                      1980
420 8083.2050321022961725     326.6848283048183248     1985
421 8120.8636647878201984     332.67934244559967283    1989
422 8110.7179167488966414     371.40804282121251845    1994
423 8084.4198303515186126       0                      1999
424 8085.7071546845963894       0                      2003
425 8088.4229594511580217     166.48370588167131245    2008
426 8088.0666759794512473     866.03826820029485134    2013
427 8084.3426648545791977       0                      2018
428 8082.2098972507792496       0                      2022
429 8082.3369385412279371       0                      2027
430 8082.1764073856957111       0                      2032
431 8082.0928725122712422       0                      2037
432 8081.9948824133962262       0                      2041
433 8083.0799860770775922       0                      2046
434 8115.1163966529984464     128.08668546458247306    2051
435 8082.0800422186521246       0                      2056
436 8082.1162700444629081       0                      2060
437 8084.2208658005611142     520.60119632772250498    2065
438 8082.2841455591351405       0                      2069
439 8081.9745253984783631       0                      2074
440 8094.8233737479094998     395.13864180125722214    2079
441 8105.2456312962922311       0                      2084
442 8105.6845522885414539       0                      2088
443 8086.8508977558758488     696.22596193983690682    2093
444 8087.2573778904070423     274.85756537618294715    2098
445 8098.4138439358230244     302.52324120168418631    2102
446 8087.4045631151466296       0                      2107
447 8082.0581167571572223       0                      2111
448 8082.3286090945612159       0                      2116
449 8113.113681029781219        0                      2121
450 8082.0905603014352891       0                      2125
451 8082.0593869980921227       0                      2130
452 8082.0645756399198945       0                      2135
453 8082.936059430374371        0                      2140
454 8084.877747466173787        0                      2144
455 8092.156824094865442      259.93665667019803323    2149
456 8120.7496532795521489     479.7658840706654928     2154
457 8085.2671583066057792     623.8345267824623761     2159
458 8083.4604312355286311       0                      2163
459 8088.1993383007329612     153.97527174337903944    2168
460 8116.4175869717419118     505.01926723256855212    2173
461 8117.0434575848566965     511.75761658820829325    2177
462 8082.4544154894774692     328.70993981899289338    2182
463 8082.1878054756152778       0                      2187
464 8081.9479847521906777       0                      2192
465 8082.8531590174816301       0                      2196
466 8082.0816750286130628       0                      2201
467 8084.2728016546343497       0                      2206
468 8105.2634887993926895       0                      2211
469 8082.6063370229712746     327.3587548259919231     2215
470 8082.1715689633583679       0                      2220
471 8081.9233821202951731       0                      2225
472 8082.115714412097077        0                      2229
473 8085.5225553792206483       0                      2234
474 8083.5897039676210625       0                      2239
475 8095.3644625425076811     240.1052897733659961     2244
476 8087.3951986294432572       0                      2248
477 8081.9162248666243613       0                      2253
478 8082.0210043464148839       0                      2258
479 8082.1794178690033732       0                      2262
480 8082.3534391592374959       0                      2267
481 8095.9586528852178162     238.15559428415673437    2272
482 8087.11041355629186         0                      2277
483 8081.966735841825539        0                      2281
484 8081.990814347858759        0                      2286
485 8082.0228337602984539       0                      2291
486 8082.9769341846149473       0                      2296
487 8083.1344662300689379       0                      2301
488 8083.5867940271691623     329.98119172045534242    2306
489 8084.0029451572536345       0                      2310
490 8088.5175331910422756     108.26643631714816252    2315
491 8104.7857097307423828     362.94329373515853376    2320
492 8133.4506880522512802     816.92940934561818267    2325
493 8082.8236716201727177       0                      2330
494 8103.9766460915216157       0                      2335
495 8085.3359412057807276       0                      2340
496 8088.4801734606935497     174.13223094665835333    2344
497 8082.6707915264105395     317.61944979206003836    2349
498 8082.1312212722295953       0                      2354
499 8081.9257260737977049       0                      2359
500 8081.9821474173168099       0                      2364
501 8081.988709776243013        0                      2368
502 8082.2187191198563596       0                      2373
503 8112.13760356784951         0                      2378
504 8084.1900729008148119     359.67304868183828148    2383
505 8082.1999764447755297     330.05271548188545694    2388
506 8089.0904335080322198     134.28501639449632421    2393
507 8089.7967832680060383     137.00734277520280102    2398
508 8115.1866738792186879     125.65936383702151602    2402
509 8087.7263757627461018     3654.4348194043404874     2407
510 8082.1188167856162181       0                      2412
511 8082.3566104129695304       0                      2417
512 8111.4351500985321763       0                      2421
513 8111.4468244659328775       0                      2426
514 8082.2110651130733459     329.14281925467287238    2431
515 8082.0411344515459859       0                      2435
516 8081.9958219556383483       0                      2441
517 8082.0713548500161778       0                      2445
518 8082.7552682246468976       0                      2450
519 8082.9274464145673846       0                      2455
520 8110.1238161508081248       0.03841141765906132266 2460
521 8114.1701357539695891       0.00665983796911625778 2465
522 8081.9229484476354628       0                      2469
523 8081.9535921102406064       0                      2474
524 8084.0220132435679261       0                      2479
525 8086.6666361220186445     126.64157044051870571    2483
526 8085.0046314119217641     392.84040909334453318    2488
527 8120.8643251387957207       0.00197258123092893499 2493
528 8082.0258276353652036       0                      2498
529 8082.0266600836648649       0                      2502
530 8120.1124947485532175       0                      2507
531 8120.1143574101533886       0                      2512
532 8082.3470541313754438     328.47652134594596873    2516
533 8081.9882569859710202       0                      2521
534 8081.915516104040762        0                      2526
535 8081.9494573828405919       0                      2530
536 8145.4449942040782844       0.16242077116633832357 2535
537 8106.5529131675784811       0                      2540
538 8108.6289348392310785       0                      2545
539 8082.9792779268709637       0                      2549
540 8084.4140774574816533     327.72865370902673021    2554
541 8082.5939814970060979     325.01583521798397669    2559
542 8082.0403194267637446       0                      2563
543 8081.9293642980419463       0                      2568
544 8081.949194097970576        0                      2574
545 8082.0311313632637393       0                      2578
546 8081.9925985318222956       0                      2583
547 8081.9334159218451532       0                      2587
548 8082.9191081757971915       0                      2592
549 8083.3969075086715748     345.33940830630820074    2597
550 8083.9688454725746851     555.14526052807832457    2601
551 8122.6017410571703294     101.48605085917401425    2606
552 8124.54886551756681       493.81368653422100579    2611
553 8082.0276279516401701       0                      2615
554 8082.0128988222950284       0                      2620
555 8082.8239112553019368       0                      2625
556 8082.3066631261781367     328.2166666855745234     2630
557 8082.0133385954532059       0                      2635
558 8081.9174166122029419       0                      2640
559 8081.940946836162766        0                      2644
560 8081.9444769443653058       0                      2649
561 8081.9888256743915917       0                      2654
562 8082.7598466433719295       0                      2658
563 8082.808868147186331        0                      2663
564 8082.1625053116486015     332.53839088270393631    2668
565 8082.9199913934471624       0                      2672
566 8120.2218367956356815       0.00272862834659938795 2677
567 8122.2325043722621558       0.27796576106470122225 2682
568 8088.2129658874873712      77.020879578373737218   2687
569 8084.9062805422236124       0                      2691
570 8082.5330502047600021     360.6757610871126758     2696
571 8081.9917741532453874       0                      2701
572 8081.9151187665493126       0                      2706
573 8082.0145964181019735       0                      2710
574 8081.9429209166773944       0                      2715
575 8082.7535575608608269       0                      2720
576 8120.916619440773502        0.00282856806010178385 2724
577 8081.9188346712653583       0                      2729
578 8081.9194838771190916       0                      2734
579 8083.0065709940145098     322.45095739250626821    2738
580 8083.9899556892514738       0                      2743
581 8089.0668070126694147     132.52322037977262426    2748
582 8082.1628485197206828     333.92999809756719287    2753
583 8120.8320956070592729       0.0004519019099143684  2757
584 8120.7453186404854932       0                      2762
585 8082.8028831034407631       0                      2767
586 8120.2570149373987078       0.00568235328197329477 2772
587 8083.9949998441479693       0                      2776
588 8082.5285275237574751     360.09896447201191449    2781
589 8081.9877965038213006       0                      2786
590 8081.9175675008364124       0                      2790
591 8081.9192505609962609       0                      2795
592 8082.2004037393426188     334.83252288998505719    2800
593 8088.3223852268138216     112.46588875374675354    2805
594 8082.161327442804577      332.23394583500663657    2809
595 8088.3112017077974087     110.63846833697694194    2814
596 8118.5439222005024931     414.47723555542575014    2819
597 8129.8604391538983691     358.99643673345156003    2823
598 8081.9447176600642706       0                      2828
599 8082.0353419012571976       0                      2833
600 8120.1564386002373794       0.00003518773520199058 2838
601 8118.1701114537327157       0                      2843
602 8081.9455101579496841       0                      2847
603 8081.9465757969765036       0                      2852
604 8120.0976486773324723       0                      2859
605 8082.3653472440510086     327.092012985761869      2863
606 8081.9882569859719297       0                      2868
607 8081.9252025324867645       0                      2873
608 8117.4905946759226936       0.09717245306539724903 2877
609 8082.1703909954931078     331.97235854717024495    2882
610 8086.6513684913616089     127.30622610603390399    2887
611 8088.3497055741481745     110.78251353704443716    2891
612 8084.026389374916107      542.15187249718394469    2896
613 8092.1502829763849149     262.25330184750976059    2901
614 8125.9837816147410194     117.3208937056078156     2905
615 8082.0083894133895228       0                      2910
616 8082.0166213032089217       0                      2915
617 8117.5179094411814731       0.11212199684459299431 2920
618 8082.1612705532834298     331.68064025877936274    2924
619 8081.9155207554695153       0                      2930
620 8081.9163619097953415       0                      2934
621 8081.9171294087400383       0                      2939
622 8081.9191705067814837       0                      2944
623 8082.7553443563438123       0                      2948
624 8117.8593297027273366       0                      2953
625 8082.1636453991768576     333.09223647733637108    2958
626 8088.3138388602392297     111.1418370592937066     2962
627 8124.6366835078479198     111.35075533146596172    2967
628 8082.161327442804577      332.23394583497912436    2972
629 8081.9151187665493126       0                      2977
630 8117.5360142479767092       0.10271998396830911426 2981
631 8117.4853710254665202       0.07520831465213040357 2986
632 8082.1612705532761538     331.68064025877936274    2991
633 8081.9193173883732015       0                      2995
634 8081.9904444413505189       0                      3000
635 8081.9917741532271975       0                      3005
636 8082.8043723298515033       0                      3010
637 8083.9994351151726732       0                      3014
638 8122.6234942352530197     492.13029476999196277    3019
639 8123.7334927751971918     108.31302988601636628    3024
640 8081.9172324014280093       0                      3028
641 8123.4852045064108097      81.313210806475609616   3033
642 8082.1613274428109435     332.23394583497912436    3038
643 8082.8036507160513793       0                      3042
644 8082.5040090381289701     359.76166651750804704    3047
645 8083.9933251506909073       0                      3052
646 8086.6553775415641212     126.97357304103651643    3057
647 8092.1322378396444037     261.75434305415984682    3061
648 8083.000732532503207      322.15116088679150153    3066
649 8083.9756112238364949     547.48827181243302675    3071
650 8119.2774422539787338     375.79522177197412702    3076
651 8127.7082123650025096     287.30015628302066943    3080
652 8083.9870840959056295     553.28398258563493073    3085
653 8081.9531786532616024       0                      3090
654 8081.9443189282110325       0                      3094
655 8119.3053513046952503       0                      3099
656 8124.7741383680995568     129.8758783433927988     3104
657 8082.1660826803554301     332.25535806023214036    3109
658 8088.3138943076637588     111.46633333929290188    3113
659 8083.9862395699301487     550.57433134705888733    3118
660 8089.0570496759346497     132.32695756909470219    3123
661 8089.1544967543586608     117.61108264802574297    3128
662 8093.8168226261250311     366.91252239502756538    3132
663 8127.6633162206035195     252.4078453638031192     3137
664 8121.3119124150189236     340.49183473238377928    3142
665 8081.9201433881253251       0                      3146
666 8119.5110456819902538       0                      3151
667 8120.8528479707865699       0.00004714774389562942 3156
668 8081.9164202459987791       0                      3160
669 8082.7534164636808782       0                      3165
670 8082.7558430909584786       0                      3170
671 8082.7847247852132568       0                      3174
672 8119.5845953347779869       0                      3179
673 8120.7343476246169303       0.00087467224482481315 3184
674 8081.9448984766559079       0                      3189
675 8081.9529912844691353       0                      3194
676 8116.2367726264783414       0.04440767021282894522 3199
677 8082.1648761327533066     331.39796647914954519    3203
678 8081.9171294087282149       0                      3208
679 8082.7816010570149956       0                      3213
680 8088.3373859250532405     110.93704221120461284    3218
681 8082.998138912075774      321.30702205301457752    3222
682 8082.1889081425924815     331.72289856819850229    3227
683 8129.0489480377582368     357.07525431100134483    3232
684 8118.0078761523745925     413.87539749611454454    3236
685 8081.915516104035305        0                      3241
686 8081.9438584510317014       0                      3246
687 8081.9429209166828514       0                      3251
688 8117.1838366398560538       0                      3255
689 8081.9154192493615483       0                      3260
690 8081.9171255172086603       0                      3265
691 8081.9186758322166497       0                      3269
692 8082.7539312078943112       0                      3274
693 8082.7544190113067089       0                      3279
694 8082.7582631589584707       0                      3283
695 8116.9037746542217064       0.05112106952508034541 3288
696 8126.6037659099129087     119.24835775655314762    3293
697 8081.919250560978071        0                      3297
698 8081.9167177763920336       0                      3302
699 8081.9172324014225524       0                      3307
700 8117.9912007449038356       0                      3312
701 8119.9623145694285995       0                      3316
702 8119.3189177858648691     415.62773080262900294    3321
703 8133.3365480645525167     691.61296594639168234    3326
704 8081.9822569468869915       0                      3331
705 8081.9842304234680341       0                      3335
706 8116.3858134598003744       0.02224843201886421429 3340
707 8081.9228797850337287       0                      3345
708 8081.9438694486234454       0                      3349
709 8082.7603888718831513       0                      3354
710 8129.116762857640424      357.93129191299567537    3359
711 8117.9471492830525676     413.57705231579853944    3363
712 8082.4908449041267886     356.5367529293617963     3368
713 8081.9438584510317014       0                      3373
714 8118.2256127123882834     403.48441154750048554    3378
715 8081.9169433636134272       0                      3383
716 8081.9195003569811888       0                      3387
717 8081.9443231457944421       0                      3392
718 8081.9470723914400878       0                      3397
719 8081.9545596545394801       0                      3401
720 8118.3892096342369769       0                      3406
721 8124.1009337240138848     112.17100561817582616    3411
722 8081.9214506986745619       0                      3416
723 8081.9155516068603902       0                      3420
724 8116.2758968805046607       0.03803021370172611493 3425
725 8081.9164449962163417       0                      3430
726 8082.7579632074530309       0                      3434
727 8081.9233698682846807       0                      3439
728 8082.7627423200319754       0                      3444
729 8082.9975285554637594     322.43002608420914612    3448
730 8088.3104717646356221     111.30921465429702266    3453
731 8118.8109835940549601     401.32981965666834867    3458
732 8129.0863053546117953     357.68905232628884505    3463
733 8082.1605025784774625     333.37565450306823323    3467
734 8082.5212477423738164     358.33844485348481612    3472
735 8086.6461067866302983     126.43516629326315126    3477
736 8083.9778798264187571     548.16102704997297224    3481
737 8083.9884955984225599       0                      3486
738 8092.161926992221197      262.60480639466817365    3491
739 8120.4850298764704348       0                      3495
740 8122.755054887346887      108.55136108054941246    3500
741 8098.1025542261168084     652.2345273833225292     3505
742 8081.9815468447659441       0                      3510
743 8116.3165099582092807       0.03214378388443559637 3514
744 8119.3800673041077971       0                      3519
745 8088.3225361445192902     111.64644903179393509    3524
746 8082.1648761327496686     331.39796647914607775    3528
747 8082.1720281186908323     333.95146206974601455    3533
748 8088.3175699302528301     110.14882465697405678    3538
749 8123.2937532622345316     109.57286107846410061    3542
750 8083.9926486939357346       0                      3547
751 8081.9428681556437368       0                      3552
752 8081.9432299018026242       0                      3557
753 8082.1700646811832485     330.56287170565661881    3561
754 8081.9444901388596918       0                      3566
755 8081.9847604919077639       0                      3571
756 8082.7986017235425606       0                      3575
757 8083.9843793784248192       0                      3580
758 8084.8802163107557135       0                      3585
759 8120.1240104594489821       0.00046926439341363121 3589
760 8120.9078001379111811       0.22671716767620742061 3594
761 8081.9929714388754292       0                      3599
762 8117.0826791838671852       0                      3604
763 8117.9572472216459573       0                      3608
764 8083.4318791422219874     325.93745783201291033    3613
765 8082.1901625482842064     332.58070078198835517    3618
766 8089.0847853926989046     132.65377355026828354    3622
767 8125.2159243994428834     111.85425513883660642    3627
768 8082.1625053116522395     332.53839088270393631    3632
769 8116.30574050510495         0.07847664215202360127 3636
770 8082.8024899778802137       0                      3641
771 8081.9956714638456106       0                      3646
772 8083.9929198818708755       0                      3650
773 8084.8622309441170728       0                      3655
774 8084.8525272052547734       0                      3660
775 8121.3725181440568122     340.76305408515929685    3664
776 8126.7234832990925497     222.56400751319588949    3669
777 8082.0036956308786102       0                      3674
778 8081.9429966318448351       0                      3679
779 8081.9516743226158724       0                      3684
780 8116.8288324711002133       0.04840992146877028113 3688
781 8116.2605232147352581       0.03855740736474890656 3693
782 8082.1723429173307522     334.79012136250503318    3698
783 8082.1858338612646548     332.55931728691450644    3702
784 8088.3200401864532978     112.13971983829097212    3707
785 8089.0489280703632176     132.31351826068654987    3712
786 8089.0914005161193927     133.74454502954577606    3716
787 8083.4672960051393602     328.22377120920418747    3721
788 8119.5055176078549266     361.52730505255578919    3725
789 8128.221158278745861      286.06482691729331691    3730
790 8082.1594189824718342     333.07080908923700235    3735
791 8081.9822569468869915       0                      3740
792 8116.2811016852492685       0.06605225342284118395 3745
793 8086.6479020274064169     126.78079346879187028    3749
794 8083.3630314147367244     348.08602058961980674    3754
795 8083.9926486939339156       0                      3759
796 8129.7037045413580927     394.32852128430477023    3763
797 8117.823797732587991        0                      3768
798 8082.8053453164857274       0                      3773
799 8082.4954242079811593     358.87015193793848766    3778
800 8125.4124278533117831     118.07985674041960067    3782
801 8088.3138943076673968     111.46633333930084575    3787
802 8117.0817723038862823       0                      3792
803 8117.105306992536498        0                      3796
804 8081.9877869282054235       0                      3801
805 8081.9997902212699046       0                      3806
806 8082.8022053214635889       0                      3810
807 8085.1876655408914303       0                      3815
808 8084.0009842928348007       0                      3820
809 8120.8742177800613717       0.23563563680864041405 3824
810 8081.9877965038194816       0                      3829
811 8081.9450563938280538       0                      3834
812 8083.9888614348701594       0                      3839
813 8083.9859596901706027       0                      3843
814 8092.145512025987955      263.03687633818987024    3848
815 8083.9855062337073832     548.35230898864165283    3852
816 8118.9821193884217791       0.88712427408662231088 3857
817 8121.929354650712412        0.8513484673611318998  3862
818 8088.2189867174856772      77.957854363172131684   3866
819 8081.9162248666279993       0                      3871
820 8082.9190409795346568       0                      3876
821 8117.8373860547144432       0                      3880
822 8082.1966304242496335     334.27765453102165338    3885
823 8088.3102320428288294     111.63388668983789387    3890
824 8088.3190959501398538     110.6509735831358654     3894
825 8089.7692792526422636     140.50651396306173524    3899
826 8083.0026347404555054     321.32794285104893106    3904
827 8081.923785096053507        0                      3909
828 8081.9163619098035269       0                      3913
829 8117.1304919055100981       0                      3918
830 8081.9428681556400988       0                      3923
831 8082.7533523686206536       0                      3928
832 8082.7809291720586771       0                      3932
833 8117.8732569759467879       0                      3937
834 8125.3519469045049846     119.17388305981266683    3941
835 8083.9884955984316548       0                      3946
836 8082.1648761327496686     331.39796647915977701    3951
837 8081.9194838771300056       0                      3956
838 8089.0940182648319023     133.20527253053188588    3960
839 8089.0549378238929421     131.77750064151544507    3965
840 8083.4288941946897467     323.7108244506547976     3970
841 8083.4667311696848628     326.64691379419224404    3974
842 8082.1660247780446298     330.84516020889492438    3979
843 8081.9206495070857272       0                      3984
844 8082.7586357894097091       0                      3989
845 8118.4415500501399947       0                      3994
846 8088.3152882094082088     110.81799840984479033    3998
847 8124.7918094658434711     116.30360774676512392    4003
848 8082.1612705532816108     331.6806402587827165     4008
849 8081.9508803802036709       0                      4013
850 8117.1257627581371707       0                      4017
851 8088.3410837832780089     111.44118950127842993    4022
852 8127.3659009468046861     222.82449924610330072    4027
853 8120.7344032019518636     338.20422440410499121    4031
854 8087.6523927043244839     3612.6541019762848919     4036
855 8081.9155207554531444       0                      4041
856 8081.9207105081786722       0                      4046
857 8116.8061443607421097       0.05493805637762808752 4050
858 8081.9469002222758718       0                      4055
859 8081.9907422604746898       0                      4060
860 8119.3375309628718242     376.07994259620710409    4064
861 8127.6397460553234851     286.53286270482482223    4069
862 8082.8002016792934228       0                      4074
863 8120.1262177930238977       0                      4079
864 8120.2078232763942651       0.00021622876241838423 4083
865 8117.8963516104804512       0                      4088
866 8081.9945348779756387       0                      4093
867 8082.0119760957677499       0                      4098
868 8084.0121552564032754       0                      4102
869 8084.0226160387119307       0                      4107
870 8124.606843486904836      111.8814680617824564     4112
871 8082.4911685311808469     357.42591302990200575    4117
872 8081.9167177763683867       0                      4122
873 8116.3586116060423592       0.02674919125197255249 4126
874 8082.4999120126185517     358.8917322724770429     4131
875 8083.9870840959056295     553.28398258564504886    4136
876 8086.6536580631982361     126.4489450613442898     4140
877 8092.1412482571222426     263.29295427996044054    4145
878 8084.1336329998621295     351.37575446817743341    4150
879 8088.3064839327371374     111.12929748926590889    4154
880 8120.1771203516618698       0                      4159
881 8084.1969716500316281       0                      4164
882 8082.0087549177042092       0                      4169
883 8082.8402799102059362       0                      4174
884 8082.9223788948083893       0                      4179
885 8083.624920966362879        0                      4183
886 8119.0461820968976099       0.90114839243088051823 4188
887 8121.864975598021374        0.79702472818120218001 4193
888 8082.4915085665988954     357.40441088859370211    4197
889 8081.9480346852324146       0                      4202
890 8082.8030234908392231       0                      4207
891 8083.9971784219824258       0                      4212
892 8083.9601627972160713     323.77125408513427374    4217
893 8086.6468671087959592     126.61396049689902554    4222
894 8083.9711242675866743     550.19104845557944827    4226
895 8093.0658523908832649     330.39810327738814522    4231
896 8118.8458515245447416     439.92445788924754879    4236
897 8134.4791646158309959     689.12957049269061827    4240
898 8082.824455953659708        0                      4245
899 8116.3320293548213158       0.09196822739694480997 4250
900 8089.1590545292892784     116.58934061846784402    4255
901 8089.1598723677807357     118.63770848843961403    4259
902 8082.996765917007906      322.13022492320459378    4264
903 8088.3266822002287881     111.15436506187062093    4269
904 8083.0101815336502113     322.17211795545921404    4274
905 8120.7237990846970206       0                      4278
906 8119.6153517301245301       0.00002963480249007525 4283
907 8118.0250012763535779       0.0001095018136765373  4288
908 8082.9330726268335638       0                      4293
909 8114.5650481532948106       0.01952462608827093896 4298
910 8081.9193024226542548       0                      4302
911 8081.9238411754131448       0                      4307
912 8081.9480346852287767       0                      4312
913 8082.7545906771074442       0                      4316
914 8116.8883424396008195       0.07019932916581415883 4321
915 8081.9953417875722153       0                      4326
916 8083.3896466459436851     350.13306309763214585    4330
917 8085.9339245309593025       0.12477960452315578488 4335
918 8125.5095965186828835     120.03539424846553629    4340
919 8116.6655900506375474       0                      4345
920 8088.3413736756683647     111.11675832725084945    4350
921 8088.3422985149554734     111.76627899307351299    4354
922 8082.1662878288216234     333.64622800430464622    4359
923 8119.0355635062160218       0                      4364
924 8120.2210243850613551       0.00017829598442586046 4368
925 8081.9356763177029279       0                      4373
926 8115.8100637356765219       0.08317374140555505724 4378
927 8117.2910491388374794       0                      4383
928 8082.8014668024216007       0                      4387
929 8124.8637337278541963     119.02228402191840928    4392
930 8082.4915085665943479     357.40441088859716956    4397
931 8115.8151563253650238       0.02658090577997832687 4402
932 8117.3032327717664884       0                      4406
933 8082.7989988746458039       0                      4411
934 8082.7997082776028037       0                      4416
935 8084.8156221361787175     579.90583573447156596    4420
936 8093.078570119606411      330.97517302387643667    4425
937 8124.11150968689617       114.03746958173135795    4430
938 8082.1636453991786766     333.09223647733989537    4434
939 8116.6415044049599601       0                      4439
940 8082.9499143900411582       0                      4444
941 8085.190826725091938        0                      4449
942 8118.2439044817638205     376.04221837982595389    4453
943 8083.9862745670443474     546.13527803831470919    4458
944 8081.935676317693833        0                      4464
945 8092.1512702718182481     262.10719467474206112    4468
946 8084.0157439405411424     541.29187841215275512    4473
947 8118.8179422862576757     376.95239435802460548    4478
948 8127.8116935540383565     320.31638038263827184    4482
949 8082.1660247780373538     330.84516020889492438    4487
950 8081.9162446564741913       0                      4492
951 8116.3599686117640886       0.10652635785235466115 4497
952 8081.9450563938398773       0                      4501
953 8081.9429966318512015       0                      4506
954 8082.7580098941934921       0                      4511
955 8082.7873546991995681       0                      4516
956 8081.9206835495506311       0                      4520
957 8117.4161310273175332       0                      4525
958 8124.6752267943465995     112.67634794585501368    4530
959 8083.6332613501008382       0                      4535
960 8082.9234475227376606       0                      4540
961 8082.8035923924480812       0                      4545
962 8085.1967691812578778       0                      4550
963 8118.215055811630009      375.15177782147401331    4554
964 8128.3963176566758193     319.75937749260543796    4559
965 8081.9191705067687508       0                      4564
966 8082.0115347993478281       0                      4569
967 8116.3511086783792052       0.08347118794896909999 4574
968 8082.9263065260938674       0                      4578
969 8082.9249325361151932       0                      4583
970 8119.6195931673082669       0                      4588
971 8119.6166656862842501       0.00196453308339370651 4593
972 8083.9888614348774354       0                      4597
973 8117.652531374080354        0                      4602
974 8082.9484890411022207       0                      4607
975 8082.9494417432688351       0                      4612
976 8083.6263736010359935       0                      4617
977 8119.0915092124778312       0.99384931477554783186 4621
978 8120.7566993351447309       0.77975812004443501024 4626
979 8081.918787448207695        0                      4631
980 8115.6936918755163788       0.04418992176514068004 4635
981 8128.6235369508922304     360.05898053730277297    4649
982 8117.350630465978611      413.20435232967577122    4659
983 8081.9815468447695821       0                      4665
984 8119.6359264753300522       0                      4670
985 8120.3334070437376795       0.2750485280742859806  4674
986 8086.6553775415568452     126.97357304104075126    4679
987 8082.7545906771301816       0                      4683
988 8082.78037787797075         0                      4688
989 8083.037925931648715      323.86330178541993519    4692
990 8119.7869781563022116       0.26836267056219670346 4697
991 8120.1883114755310089       0.00084602178722791585 4701
992 8088.3223852268320115     112.46588875374072813    4705
993 8081.9937192101097025       0                      4710
994 8116.8527019822349757       0.07876651502810935734 4714
995 8081.9443438167436398       0                      4718
996 8082.9206324697361197       0                      4723
997 8082.9247527445650121       0                      4727
998 8082.9520684453691501       0                      4731
999 8082.9540892527820688       0                      4735
1000 8117.256793895433475        0                      4739
