1 10754.959582094019424      47563.410160661609552      4
2 11173.174298799360258      39729.237897279264871      9
3 10398.366553455773101      57692.860582802619319      13
4 10969.733445418831252      48983.148401031445246      18
5 10976.613441097295436      48843.980783660488669      22
6 10968.018174856288169      48957.420442106878909      27
7 10721.832205525337486      24484.634130944457866      31
8 10698.802526622013829      4978.1497124472416544     36
9 10710.676272926430102      8502.6005172472887352     40
10 10705.618810021442187      7841.3540084813466819     45
11 11139.891217223499552      5098.0345950446362622     49
12 10708.082807267805038      8261.3629730363009003     53
13 10487.991156677857362      4891.3711560542533334     58
14 9929.2056176523401518     4768.6509729702447657     62
15 9472.895417647818249      4863.7331079784971735     67
16 11679.771249909625112      71529.210511474389932      71
17 10340.909455566656106      7634.7921675461329869     76
18 10171.638182138478442      8317.1220264482708444     80
19 9784.2682944328698795     9424.9545895443570771     85
20 10114.501834631137172      8692.3056535493306001     89
21 9473.667485902657063      8880.6353870767525223     94
22 9886.4603899959583941     408.18493515245194203    99
23 9880.6532924007769907     271.53202909700803502    103
24 9878.426932270751422      205.27301588917515573    108
25 10331.011328800228512      10464.641658666589137      113
26 8475.3039350946110062     2785.8498503670698483     118
27 9437.2895892873566481     430.96300273556033744    122
28 9420.0803386581865198     417.5649291208003433     127
29 9115.4761933537083678     1269.5560151007130116     132
30 8982.2667758338102431     264.00303095888494909    136
31 8903.607839434651396      880.28311959679035681    141
32 8847.2005144628419657     727.55451565561133975    146
33 9248.7173734556472482     666.62544430852972255    151
34 9381.7162032746746263     548.41585117123588589    155
35 11375.609368174749761      890.22275599793601941    160
36 8976.7180530371479108     778.84773762916120177    165
37 9223.0132875694798713     5585.1497836819262375     170
38 10075.159335180444032      226.36794318379489255    174
39 10870.029469475186488       36.521946500080815667   179
40 9782.2780343704471306     4908.3952308335237831     184
41 9383.944277723243431       47.867646667060661514   188
42 9749.1061567934630148     446.63460411976808473    193
43 8852.1455912866877043     413.84783838997424255    198
44 8706.0492624906364654     444.62320709628028226    203
45 9224.2187302701349836      44.363591702595947197   208
46 9056.4391285943820549     8343.3128737470196938     213
47 8345.8263502320733096     109.94962963902891318    218
48 8997.7512309935318626     170.18572087218453248    222
49 8995.3921272189072624     116.86140990347396951    227
50 9556.396072981031466      414.43002154913176582    232
51 9231.5685148396296427      55.095302176957950735   237
52 8889.2392864532448584     154.9588523813182519     242
53 8640.7591273248035577     344.47982939492555943    247
54 9382.7799587293120567      14.217628053153909207   252
55 9371.5654059796652291      99.641010300458589199   256
56 8996.3161661436934082     129.40250986034689618    261
57 9682.187582938477135      187.37962548762720871    266
58 8871.2997509363740392     141.04181461157298827    271
59 9676.3907300346545526      73.85047586531710806    275
60 9001.1162973307982611      95.774140339008809519   280
61 8588.7681020060663286      42.449222699254505642   285
62 9114.3052191897695593     559.72750569361187445    289
63 9556.8540817950433848     7457.2208247397747982     294
64 10573.898174916808784      481.86674853237809657    299
65 11899.714046014691121      603.11188283326828241    303
66 9367.3181736131300568     22430.053661517860746      308
67 8538.1819699442185083     2242.6270655192492995     313
68 8896.6274110738741001     74586.300653809666983      317
69 9872.5822095906878531       4.4619309202690997651  322
70 9949.6025205874611856      20.197293058936541144   327
71 9058.5967039340448537     270.73689741057529545    332
72 11108.614181847327927      691.2971825745823935     337
73 8719.319954919787051       10.024921937842385944   341
74 9388.2151901564720902     204.25410448439907896    346
75 9516.7661794441701204     133.15995408369784059    351
76 8713.2927888417398208     374.05605273928904353    355
77 9206.2826498984395585      37.517265120480054463   360
78 11239.762320878802711      1900.7405798516786035     365
79 11841.080873794726358      1166.6232058184752987     370
80 9182.024552641194532      279.44479571882442315    375
81 10529.685589563536269      4251.0756509993843792     379
82 9871.311514898088717       57.933204623682591716   384
83 9208.994276923189318       66.127875502298081756   389
84 9534.8605470771835826      22.326351236675321843   394
85 9319.6190001263912563      39.565146082757955526   399
86 9736.5516189663067053      29.590644596269154221   403
87 9506.901536948960711       16.524456276422366585   408
88 11902.49712185253702       2474.8249125558750166     413
89 8872.0542613079960574       0                      417
90 9742.1724035705010465      23.193540211485931479   422
91 9700.1072309077408136       8.2529425279457022668  427
92 9314.0545844161897548     308.21198149235914343    432
93 9765.0288628171892924      23.023824798585135198   437
94 9124.9062077665912511     162.12534785273936677    441
95 9517.4027741621721361      49.797859810852017404   446
96 8524.394613514199591      898.22510364969286911    451
97 9539.4769556022456527       0                      456
98 9685.7663768381644331       3.0496576874425791459  461
99 9212.1129130592598813     220.73996085230552922    466
100 9528.5442458791621902       5.5648100110681939512  471
101 9678.5099987031280762      14.617605720032550209   475
102 9029.6656704948709375       0.59851238276046503373 480
103 8996.1888252684457257       3.7394104297591779229  485
104 11602.61853583984157       737.74128093507908943    489
105 9702.9621992824213521       0.13911789417351244635 495
106 9892.2131793424669013       6.637282854493555817   500
107 8882.6251911939998536       0.12101565799563149262 504
108 8642.8142292211196036      49.821693142994874393   509
109 9632.5481223239912651     124.13998985035632927    514
110 9218.4954479689295113       0                      520
111 10080.791810295315372        1.7004755535014448586  525
112 9418.0163749079492845      96.629931178831981242   530
113 9173.922002324146888        4.6082836273614562472  535
114 8278.9553250913431839     375.01168045460508438    539
115 8517.5609539863999089     445.89812692918542325    544
116 8628.006795615043302        0                      549
117 8344.4938506605540169      27.757100416928469855   555
118 8412.2191233996218216     661.99023406829280702    560
119 8190.2429511310965609     1566.7580897519753762     565
120 8840.4409189148900623       8.1783112024567756748  569
121 9304.5700981580739608      61.829497118042809234   574
122 8935.8339698944928386     1549.6177478460563179     579
123 8925.8433665583779657     661.41193619458442754    583
124 8643.4575632335945556     675.26902746163523261    588
125 9035.5260462163132615     724.73708092965273408    593
126 9341.5073410457262071     143.07352621558339933    597
127 8513.1804514969426236     2634.9800599108630195     602
128 11179.207391631018254      1468.7657324771053027     607
129 8336.3636038723125239     6028.414305224607233      611
130 8287.0173550921426795     11068.485279917826119      616
131 11402.500685049704771      109253.93025333611877       621
132 9297.532783924283649      339.10354711204257683    627
133 9554.5019104893181066       6.766767949088364098   632
134 9318.6785950422254245      85.008558480827531412   636
135 8361.0160833260579238     2317.8225032590189585     641
136 8343.7011130026548926     1077.6830782625522716     646
137 8418.7750453928438219     898.09869098783769914    650
138 8519.5305216925717104      11.166819407650956819   655
139 8185.7758446470797935     293.58875455300528756    660
140 9825.7324853619011265     160.95644582376891663    664
141 8788.4524949597544037     20069.492637380069937      669
142 9292.4619814955767652     102.55656283653415528    674
143 8773.1418766099977802     245.33996706681332967    679
144 11018.366958608099594      1209.8473787612820161     683
145 8713.2701759583887906      99.680124883562868376   688
146 8330.6094345196597715       2.8544204641706549808  693
147 9385.4340373929735506       0                      698
148 9588.0846009983870317      40.067531631866430075   703
149 8534.4837857897873619       4.3689017186917187274  708
150 8272.9502861854325602      41.722484569329878923   713
151 8622.6905459098761639       0                      717
152 8645.26005276324031         0.92916852500420887839 722
153 8609.6889418583505176       1.5227136255138538079  727
154 8466.7444897083587421      24.136109244988372069   732
155 9588.0846009983906697      40.067531631865236363   737
156 8633.4499510474652197       0                      742
157 8820.4069300682313042       1.5208548874739742374  747
158 9308.5021838547108928      51.250210283361965935   752
159 8882.9917310269884183       0                      756
160 8358.9728560472285608     321.66946163172156048    761
161 8551.2637418493704899       0.00127843903984231773 766
162 8406.0693692045024363      12.290897503012841341   771
163 8958.5890103094152437       0                      776
164 8513.8354015046243148      67.718910901306117012   781
165 8689.2777277858167508       0.22410153029011384285 785
166 9147.2709449229223537      86.009097487494983625   790
167 8490.7233090855388582     820.28040398637176622    795
168 8672.7516881020019355       0                      800
169 9027.8846340021282231       0                      805
170 8554.3370177225042426       2.1459299284569093302  810
171 9496.5435226845656871      75.82022370443482373    815
172 9008.7633317375002662      56.72891042584448229    819
173 9137.6110260335535713      53.508228382730663952   824
174 9480.6462550773394469      20.644627488109861702   829
175 8199.5518510077199608     4746.0865729404340527     833
176 10286.554671927728123      1484.9405537378092959     838
177 8616.1880700444726244       0.12229629646370936136 843
178 8424.0410500559719367       5.9355856661816517317  848
179 8416.1832350053755363       5.1180907906184769374  853
180 8405.593865787384857       11.640988623658669709   858
181 9157.2079961899271439      62.457117837895893331   862
182 8296.2197661925474677      37.865559003301697771   867
183 8223.6357213095725456       0.09567155315336643706 872
184 8357.9182841764086334       1.671406712933123373   876
185 8421.6232911745355523       6.6612547013681107089  881
186 8632.7523635717134312       0.02523170827434632196 886
187 8673.3353342901173164       0                      890
188 9179.9577723248876282       0.81535865067854818022 895
189 8355.3925275651035918     751.6221836163028911     900
190 8677.2551140790947102      41.826129351640354059   905
191 9045.9833582939827465     198.57278503736176845    909
192 8632.4193031524937396       0                      914
193 8102.1961108057867023       0                      919
194 8381.7255306810166076     2188.2161955108244911     924
195 8181.7065191948931897       0                      929
196 8349.71693821966619        12.777932496088622472   933
197 8211.2477769219331094      80.068770933726185035   938
198 8613.9440047257412516       0                      943
199 8117.0409284602810658       0                      947
200 8168.3507555281921668       0                      952
201 8165.5939172016333032      34.110948580721505152   957
202 8108.656886153456071        0                      962
203 8110.4434076723991893     2617.8338099527682061     966
204 8127.1701731932062103       0                      971
205 8277.6478951507106103       0.06553412242711681435 976
206 8136.2510736045505837       0                      981
207 8489.4913655218879285     108.67870577742246496    985
208 8194.9944833277295402     1442.7703238286587748     990
209 8188.521943946772808      1048.6205133022540394     995
210 8329.3885758416254248     2270.1357890704034617     1000
211 8277.5391417639493739      68.848500339476615295   1005
212 8216.5746550181556813     110.73753306585480516    1010
213 8103.8040474813969922      38.677980875939439898   1014
214 8171.441046358560925       43.067503492076887994   1019
215 8264.276903964293524       68.019303526280339156   1024
216 8101.1637211619517984       0                      1028
217 8420.8437533104424801      72.326580208871391164   1033
218 8094.2710696686699521       0                      1038
219 8250.396273461445162      2104.6018748851147393     1043
220 8136.0167294663597204       0                      1048
221 8275.5684093232011946       1.4948243542262111827  1053
222 8267.7523936894504004       0                      1058
223 8404.6697609824695974      11.992337950957121961   1062
224 8163.2977785577259056      57.465148955155413546   1067
225 8264.7087173020263435      58.531638754252064416   1072
226 8121.2724492997667767       0.00004337134062703716 1076
227 8225.9953286693416885     1699.401097019491317      1081
228 8289.4826259883211605       7.4602013212680846621  1086
229 8488.3063748012064025      22.742047157725249207   1091
230 8132.1887450836293283      11.263829217725152887   1096
231 8133.0044381695188349       9.9272179186344473578  1100
232 8437.4126043547985319      25.269065923440084731   1105
233 8201.4859980580422416     781.8139208252117669     1110
234 8131.1895168511400698       2.4895247947780454467  1115
235 8120.4584626204414235     840.93176141054743766    1119
236 8185.9352230063095703     4716.506228821390323      1124
237 8440.6689204522699583     812.00963514765214768    1129
238 8792.8921221183736634     593.18365335160899576    1134
239 8300.0232630292866816     876.09599776119478065    1139
240 8109.0768454385779478      85.79927630206130118    1144
241 8270.8105749140941043       5.1589858125420064994  1149
242 8115.5725268329915707       0                      1154
243 8114.0096206641892422       0                      1159
244 8153.8329646304500784      39.153528516371565615   1164
245 8261.7621679896346905      62.977222744774955743   1168
246 8105.8054046337656473       1.4131124467867768324  1173
247 8117.9478151173916558       4.2410592827751267819  1178
248 8127.25608945579188         8.0781689633385926896  1182
249 8132.4816320945283223       0                      1187
250 8105.5139133914035483      71.408162642187605229   1192
251 8139.0186276941121832     454.58433033578745608    1196
252 8134.0048505558079341      60.371723833288456262   1201
253 8145.3261298927372991     302.24758061805761145    1206
254 8272.9276539736983977     111.91538065948262215    1211
255 8195.0287832029353012     469.87419420003732284    1215
256 8258.2377718224543059      54.9037065698171034     1221
257 8088.0515808968866622       0.50316328991887926403 1226
258 8084.6239768864434154       0                      1231
259 8149.5853610111444141       0                      1235
260 8138.6747622060483991     119.32529694995122327    1240
261 8144.0842317802262187     146.69411206119747249    1245
262 8084.6858413617428596       0                      1250
263 8084.6117433232411713       0                      1254
264 8134.8374843355159101      83.463414723355697333   1259
265 8086.0626914337972266       0                      1264
266 8086.7897235057753278       0                      1269
267 8272.3452213432155986       8.6503740564531099722  1273
268 8273.1001074500363757      10.538799485908425524   1278
269 8190.1236338363523828      18.671711120961280272   1283
270 8287.5111086960205284      40.465602414661944408   1288
271 8101.3851319605946628       2.9522619714766298316  1293
272 8086.3445148645514564       0                      1297
273 8100.7024707604577998       0                      1302
274 8087.5118826942252781       3.468887171223784982   1307
275 8121.9874303697652067       0                      1312
276 8122.9601229858717488       0                      1316
277 8123.7686858335982834      59.19712234089988101    1321
278 8136.4468062369560357     659.54415583123670785    1326
279 8136.3400804643115407       8.9141723779903241365  1331
280 8189.8152225208286836      19.008414572190698522   1336
281 8090.4248817288635109       0                      1343
282 8121.4955006915979538      83.410280271976105837   1348
283 8094.6763414735078186       0                      1353
284 8127.7557727272542252     172.72351993821467886    1358
285 8125.9147646043620625     170.51673919160211312    1362
286 8181.1663136315892189      32.885578595386611767   1367
287 8242.6027591475103691      67.619143828595895229   1372
288 8096.0184466342134328       0                      1377
289 8089.1174939575375902       0                      1381
290 8086.5701711416495527       0                      1386
291 8085.488789417132466        0                      1391
292 8092.8826077524199718       0                      1395
293 8085.3675854284001616       0                      1400
294 8119.0773530676306109       0                      1405
295 8144.9327067683479981      78.755345967806533736   1409
296 8123.3053586202695442       0                      1415
297 8322.0897184947643836      25.952890191033539224   1420
298 8085.0184080997796627       0                      1424
299 8102.9762223853695104     419.18329275494596686    1429
300 8120.5885150403282751      90.146021394433233809   1434
301 8152.542210098697069      127.68136767418410216    1439
302 8084.4408629582248977       0                      1443
303 8083.963957518355528        0                      1448
304 8082.8553505349036641       0                      1453
305 8085.5595058614699155       0                      1458
306 8130.6541377525363714     156.84939131189045725    1463
307 8088.9497364330773053       0                      1467
308 8088.9377200260341851       0                      1472
309 8198.269895535591786       83.049652745478937277   1477
310 8197.232929808587869      108.4344924245896209     1482
311 8082.7812620817412608       0                      1486
312 8082.7044270687729295       0                      1491
313 8083.7829802791429756       0                      1496
314 8087.4434593139376375       0                      1501
315 8105.0350234380466645     403.1062364504823563     1506
316 8191.3888125424418831     974.69070303882097051    1510
317 8192.2881233100215468     975.40602888145156157    1515
318 8197.3957318848952127      82.223441846127926169   1520
319 8197.2287163017463172     108.96123307709991934    1525
320 8082.5696193108105945       0                      1529
321 8095.1549235063439482     329.39542799738751455    1534
322 8098.028913251618178      441.94652554771209907    1539
323 8098.2942644804497832     442.90758456877432536    1544
324 8089.5212634715580862       0                      1549
325 8199.1683887858853268      83.880348708658530654   1553
326 8083.9941172682138131       0                      1558
327 8085.4952757258206475       0                      1563
328 8088.2134713967789139       0                      1568
329 8094.2672108217511777       0                      1572
330 8180.1146717591527704       0                      1577
331 8099.0529811680698913     222.01175235992485568    1582
332 8086.2308314102874647     394.25520443479729238    1586
333 8117.8247736922512559     121.700986799462882      1591
334 8161.7637110524319723      23.298628916724151594   1596
335 8114.7123903469764628     338.90191769476876971    1601
336 8127.3797267924355765       0                      1606
337 8094.1204430290390519       0                      1611
338 8106.6179173729451577     323.04455924645111509    1615
339 8106.8436349233224973     322.53384346903180813    1620
340 8099.3332333501393805     248.5744668057400304     1625
341 8192.1182254719951743      66.879834970655409165   1629
342 8206.1707308651202766     101.60408093773396843    1634
343 8094.8861377616449317       0                      1639
344 8082.3435355516367053       0                      1644
345 8082.3811300487968765       0                      1649
346 8137.2450258869885147      45.331729610758387139   1654
347 8082.4853809204951176       0                      1659
348 8082.3318256678330727       0                      1663
349 8082.4421427314437096       0                      1668
350 8135.9374042347399154     313.92458707795816508    1673
351 8131.3529035782803476     258.54782316722810265    1678
352 8084.9105416678894471       0                      1683
353 8082.3443574306065784       0                      1687
354 8190.8148477812246711      65.769016084105942355   1692
355 8194.9424285163604509     110.82370407590505579    1697
356 8083.3045799764458934       0                      1701
357 8083.5478869137168658       0                      1706
358 8084.4890135646028284     324.10596746381679623    1711
359 8093.4387270176912352       0                      1715
360 8094.1119215726903349       0                      1720
361 8092.4263789506012472     137.93559481215908136    1724
362 8083.2024358698590731     314.33458109897549093    1729
363 8083.1563324286516945       0                      1734
364 8117.8754381842436487       0                      1739
365 8125.6428270716387487       0.14372210109581168291 1743
366 8083.6892952811394935       0                      1748
367 8091.5079041684502954       0                      1753
368 8092.4809368080905188       0                      1758
369 8229.1411924722069671       5.0252089115320970336  1762
370 8294.4876575059915922     470.30614162984301174    1767
371 8083.3676520691551559       0                      1772
372 8082.342208132837186        0                      1776
373 8082.8936929695246363       0                      1781
374 8085.292782435519257        0                      1786
375 8082.0092203147869441       0                      1790
376 8082.1165160091886719       0                      1795
377 8086.8716171748674242       0                      1800
378 8133.089350261101572       59.030509939973022426   1805
379 8139.1611856504896423      60.062666956319475275   1809
380 8089.3875705861610186     157.45285590671255704    1814
381 8179.5733995815289745      25.961594203684366988   1819
382 8256.4085365318114782      47.367931404389970851   1824
383 8082.0456004836205466       0                      1828
384 8082.1275008978891492       0                      1833
385 8082.1779394223121926       0                      1838
386 8082.8445861910940948       0                      1842
387 8083.0384848509766016       0                      1847
388 8087.6862281034727857       0.03830110449058054395 1852
389 8091.4855525828297687       0                      1856
390 8083.5783459968151874     299.44533193858063669    1861
391 8124.8422219311532899     120.10583488988774548    1865
392 8139.7309174087895371     900.38830614430435162    1870
393 8088.3737206644345861     110.88095125746096414    1875
394 8084.3547863910480373       0.00043843869606989002 1880
395 8087.5616584021681774       0                      1885
396 8089.491467057859154        3.4677233181214415225  1889
397 8192.1174272793577984     122.89489348570437244    1894
398 8105.9678492881530474       3.8349216118875242287  1899
399 8083.1087529874002939       0                      1904
400 8085.14332274908611         0                      1909
401 8082.3436148264372605       0                      1913
402 8082.1056373242990958       0                      1918
403 8082.6916633607652329       0                      1923
404 8083.2662467996979103       0                      1928
405 8085.3192278481901667       0                      1932
406 8082.4122550141319152     324.06529616940542837    1937
407 8115.7397118292856248       0.05827018698017989717 1942
408 8121.3594943133984998       0                      1947
409 8090.7411571155253114      87.087773728314417099   1952
410 8083.9059572108271823       0                      1957
411 8084.4908685522077576       0                      1962
412 8085.1567940918903332     286.81537767220339674    1967
413 8082.505653231096403        0                      1971
414 8081.9680013643173879       0                      1976
415 8081.9898310508133363       0                      1981
416 8084.4192430717921525       0                      1986
417 8083.2911089502877076       0                      1990
418 8081.9404449142448357       0                      1995
419 8082.6535592373447798       0                      2000
420 8083.085188159640893        0                      2005
421 8083.0753897074255292       0                      2010
422 8084.8082680191155305     289.17130708890795177    2015
423 8082.5099285593150853       0                      2019
424 8082.339603028935926        0                      2024
425 8082.9412465263794729       0                      2029
426 8082.1964996534597958       0                      2033
427 8082.3608237523594653       0                      2038
428 8084.7977885286445598       0                      2043
429 8081.9726673667773866       0                      2048
430 8082.1760598385917547     329.468901082082823      2052
431 8082.7756699154278976       0                      2057
432 8115.8997082709529423       0                      2062
433 8124.8024064766450465       0.03706737966479217716 2066
434 8092.6576475496631247     132.91205992363009614    2071
435 8082.9535366449163121       0                      2076
436 8085.4055840553846792     283.81005673140572299    2081
437 8082.4127773610080112       0                      2085
438 8082.0458461707066817       0                      2090
439 8082.0218448642363001       0                      2095
440 8082.0749498884506465       0                      2099
441 8081.935676317693833        0                      2104
442 8081.9999785147165312       0                      2109
443 8082.1862538947962094       0                      2114
444 8082.1749409895883218       0                      2118
445 8085.2355690854865315     284.50229632395218005    2123
446 8082.442161452732762        0                      2128
447 8082.0305733601999236       0                      2132
448 8082.2476118592721832       0                      2137
449 8082.4523578734206239       0                      2142
450 8082.5650848226241578       0                      2146
451 8083.3704405824473724       0                      2151
452 8084.4889953372712625       0                      2156
453 8082.1747346429201571     331.36349985149360009    2160
454 8082.7770915521859934       0                      2165
455 8120.6603741046701543       0                      2170
456 8122.301031251024142        0.76868693691604184082 2175
457 8082.1865378072670865       0                      2179
458 8082.1828327746143259       0                      2184
459 8082.1360535200119557       0                      2189
460 8085.2743446766899069     284.22327277824319935    2194
461 8081.9439156490043388       0                      2199
462 8081.992525919673426        0                      2204
463 8083.119041070242929        0                      2209
464 8081.9540447663748637       0                      2214
465 8081.9679278648791296       0                      2218
466 8082.7603888718786038       0                      2223
467 8082.8263355892995605       0                      2228
468 8083.9554661333750119     320.77017480051097209    2233
469 8122.6774738507110669     507.32335829455860221    2238
470 8125.8150044276389963      97.183670537411060764   2242
471 8086.7469026292710623     128.61017810237703429    2247
472 8085.9885595130026559     366.14927099012811595    2253
473 8082.3063351521486766     327.62001477538768768    2257
474 8081.9301660859018739       0                      2263
475 8082.4210245003087039       0                      2267
476 8083.4614578135833654       0                      2272
477 8082.2710617833336073     327.92285900697555689    2277
478 8081.9432354235796083       0                      2282
479 8082.0058009234444398       0                      2286
480 8081.923768140834909        0                      2291
481 8081.9406543932200293       0                      2296
482 8082.1051328837220353       0                      2301
483 8082.1440514659761902       0                      2305
484 8082.2391308976375512     328.77625107932425408    2310
485 8081.9388639462922583       0                      2315
486 8082.8001678556365732       0                      2320
487 8081.9565367376399081       0                      2325
488 8081.9228235066302659       0                      2330
489 8081.9290101588312609       0                      2334
490 8082.4547923198779245       0                      2339
491 8082.1130514122150998       0                      2344
492 8082.2137918564503707     330.18181460175151187    2349
493 8082.0437543500502215       0                      2353
494 8081.941116510077336        0                      2358
495 8081.9776068166638652       0                      2363
496 8081.9363607777786456       0                      2367
497 8082.2949099480592849       0                      2372
498 8083.6153975844117667       0                      2377
499 8082.1872981706474093     331.7561216354712883     2381
500 8082.9528424126483515       0                      2386
501 8118.2751606624960914       0.00551634825434715956 2391
502 8124.2232396692752445       0                      2395
503 8082.0008227024882217       0                      2400
504 8081.9922384139235874       0                      2405
505 8085.0987933210190022       0                      2410
506 8082.2192810874666975     328.79758913708622003    2415
507 8081.959719528496862        0                      2419
508 8081.9231734627464903       0                      2424
509 8081.9535374351498831       0                      2429
510 8081.9356188637757441       0                      2434
511 8082.9426382102965363       0                      2438
512 8082.1848933919482079     332.31010729120151836    2443
513 8082.76066621541122         0                      2448
514 8083.990276496374463        0                      2452
515 8127.3181059570752041      78.775921909435368207   2457
516 8128.1825336311367209     962.01378951823676289    2462
517 8082.0190797061186458       0                      2467
518 8084.7921710529453776     306.61490554287780697    2471
519 8084.2504080921535206     284.70725822510519265    2476
520 8082.762859513458352        0                      2481
521 8082.9259190514640068       0                      2485
522 8081.925202532493131        0                      2490
523 8081.944198541701553        0                      2495
524 8081.9511306079020869       0                      2499
525 8081.926215756120655        0                      2504
526 8084.00633385717083         0                      2509
527 8084.8098625284646914     342.22085233685851335    2513
528 8120.9167544995125354       0.13056078598158341042 2518
529 8121.5913050301187468       0                      2523
530 8082.0782169043723115       0                      2528
531 8084.8056360451291766     316.34457502198114298    2533
532 8084.7953900230322688     315.52883400503810662    2537
533 8081.9164202459942317       0                      2542
534 8081.929624211205919        0                      2547
535 8118.2595323101368194       0                      2552
536 8081.9395505539514488       0                      2557
537 8081.9155516068603902       0                      2562
538 8081.9551552397588239       0                      2566
539 8082.921651116738758        0                      2572
540 8119.388465067891957        0                      2577
541 8119.0812877686821594       0.00952628718923244702 2582
542 8082.1950729988393505     331.03762200470345078    2586
543 8081.9444769443598489       0                      2591
544 8081.9863780772511745       0                      2596
545 8081.9172324014280093       0                      2601
546 8081.9851735521679075       0                      2605
547 8081.9900889973196172       0                      2610
548 8082.1614191610669877     335.05283062145349504    2615
549 8082.7539312078697549       0                      2620
550 8083.4400491161914033     301.54139442790301473    2624
551 8119.3248851414209639       0                      2629
552 8122.9734477986457932       0.0237088218263733462  2634
553 8106.9856404913807637     1099.3038635462150978     2639
554 8081.9487332523031          0                      2644
555 8081.9713232947970027       0                      2649
556 8118.1026472171033674       0.0001812995896696613  2653
557 8119.374960082225698        0                      2658
558 8082.2135323922839234     332.40382691646027524    2663
559 8081.9256943218033484       0                      2668
560 8081.9904444413541569       0                      2672
561 8081.9340450471772783       0                      2677
562 8081.9433451492432141       0                      2682
563 8082.7926778893424853       0                      2686
564 8085.2045372298880466       0                      2691
565 8088.331195107935855      110.98713386093123745    2696
566 8121.1315278987785859       0.59318856448031087591 2700
567 8123.6687373033992117       0                      2705
568 8083.6856793956094407       0                      2710
569 8083.6932079075950242       0                      2715
570 8119.0876070925987733       0                      2720
571 8122.2298706403980759       0                      2724
572 8082.2148489034707382     333.24046717009076701    2729
573 8081.9369658289679137       0                      2734
574 8081.915516104035305        0                      2739
575 8081.9252775892764475       0                      2743
576 8081.9172030414929395       0                      2749
577 8120.0038622234878858       0.03949209070330698262 2754
578 8125.101409044970751       83.728444524849734876   2758
579 8082.2352141155370191     332.38236033475232034    2763
580 8081.919250560978071        0                      2768
581 8081.9485514623493145       0                      2773
582 8081.9154192493651863       0                      2777
583 8081.93210442990312         0                      2782
584 8082.1330418743755217       0                      2787
585 8082.1573010827014514       0                      2792
586 8128.7208909579621832     985.00293142071450347    2797
587 8082.2412825231531315     332.93483949400183519    2802
588 8081.9360582422323205       0                      2807
589 8081.9973591352600124       0                      2811
590 8082.7534164636772402       0                      2816
591 8081.9198844332922818       0                      2821
592 8081.9434730164439316       0                      2825
593 8081.9374699026757298       0                      2830
594 8082.1675192900283946     332.80885166625824922    2835
595 8082.927091220454713        0                      2839
596 8118.9841751519970785       0.94098047743800994347 2844
597 8124.9652770901102485       0                      2849
598 8081.9191705067687508       0                      2856
599 8081.9815468447695821       0                      2861
600 8124.2497931334673922       0                      2866
601 8081.9187425570762571       0                      2870
602 8081.9171255172268502       0                      2875
603 8081.9195003569802793       0                      2880
604 8081.9432299018026242       0                      2884
605 8081.9932133078846164       0                      2889
606 8082.7539192050271595       0                      2894
607 8089.0536067746206754     132.50976145513874371    2898
608 8083.9588659387491134     323.2129813385450916     2903
609 8125.1149688477944437      87.15189115464973213    2908
610 8124.0432055909341216     709.15380058377570549    2913
611 8081.9951015863925932       0                      2918
612 8083.5383892315985577       0                      2923
613 8119.1181243037808599       0.30644094625954637623 2927
614 8118.7749920498808933       0.83788584612401928453 2932
615 8082.2398712872291071     332.09860051135251524    2937
616 8081.9162586047232253       0                      2942
617 8081.9155207554531444       0                      2946
618 8081.9174005135373591       0                      2951
619 8081.9444901388505968       0                      2956
620 8082.949974632766498        0                      2961
621 8083.9861339457593203       0                      2966
622 8088.3104717646374411     111.30921465429506156    2970
623 8126.9825821000376891     112.26097565260154454    2975
624 8122.3953026201488683     650.88610083857463451    2980
625 8081.9302705392865391       0                      2985
626 8083.6986148325522663       0                      2990
627 8120.6343732971927238       0.08972315094702264238 2995
628 8120.9738546415101155       0.10419228848577394286 2999
629 8082.246236516009958      332.65072744417011563    3004
630 8081.9168212659114943       0                      3009
631 8081.9162248666279993       0                      3014
632 8083.4862322749859231       0                      3018
633 8082.8065553666738197       0                      3023
634 8085.9220658769318106       0.08169581826976046735 3028
635 8083.9895338561073004       0                      3032
636 8083.9887964907966307       0                      3037
637 8120.4633747077368753       0.46775803075581384727 3042
638 8124.292190875173219        0                      3047
639 8082.0001393699822074       0                      3051
640 8121.48945060132246       522.28737662120022378    3056
641 8119.1816858271167803       4.0512962030577810424  3061
642 8081.9938888684982885       0                      3066
643 8092.1261813237551905     137.01832495083709773    3071
644 8085.7392835588498201     350.47959196652942637    3075
645 8089.0521513972335015     132.86420656964125442    3080
646 8082.1660826803517921     332.25535806025959573    3085
647 8082.1704583264327084     333.36249111754392516    3089
648 8089.0565678856401064     132.15599202866260953    3094
649 8119.8951136943560414       0.98697315897183457434 3099
650 8124.9887383683162625       0                      3104
651 8082.4926641940082845     357.70778458803476951    3109
652 8081.9595759902613281       0                      3114
653 8119.0712659364544379       1.4174256836611214272  3118
654 8118.7339164811000956       1.3626014854574564072  3123
655 8081.9945348779774577       0                      3128
656 8082.8059222320107438       0                      3133
657 8082.8043271859969536       0                      3137
658 8084.8484637736937657       0                      3142
659 8085.9247425266603386       0.08781210241272151273 3147
660 8082.4994919694017881     359.15191054856705932    3152
661 8087.8767593162947378     157.07199185745025716    3156
662 8119.2769036452455111       1.5123990965361546746  3161
663 8123.7979622784587264       0                      3166
664 8082.4952145646175268     358.57644185340143395    3171
665 8081.9163619098035269       0                      3176
666 8118.6979945992989087       1.3297520526321020551  3181
667 8082.9227970572601407       0                      3185
668 8083.9843793784175432       0                      3191
669 8122.5772042563694413       0                      3196
670 8123.1640861565965679       0.37116807988036626398 3200
671 8082.0046442723005384       0                      3205
672 8084.8439945928184898       0                      3210
673 8119.8021772597467134       1.062333160046711189   3215
674 8082.920219934857414        0                      3220
675 8082.9229032592138537       0                      3224
676 8126.3820682217483409      93.604309666760073583   3229
677 8129.0725043357197137     941.42246881974006101    3233
678 8082.166148232764499      331.70201113351868116    3238
679 8120.9026612908364768       0                      3243
680 8082.1703909955294876     331.97235854717024495    3248
681 8082.9491051329368929       0                      3253
682 8088.3073054306232734     111.80161704222456365    3258
683 8082.1916465295253147     333.13453252566716856    3262
684 8088.3413736756720027     111.11675832724492352    3267
685 8120.0850118057214786       0.08067460692190651927 3272
686 8122.6468090905627832       0                      3276
687 8082.1701599920934314     331.41936353008532024    3281
688 8081.9923318262390239       0                      3286
689 8120.3765117208058655       0                      3292
690 8119.5825111026606464       0.35929367165390463379 3296
691 8082.9237054621398784       0                      3301
692 8082.9529979891112816       0                      3306
693 8081.9441490603503553       0                      3311
694 8120.559309032035344        0.49095964499488520261 3316
695 8124.19985036811795         0                      3320
696 8085.9422084083371374       0.03655255402953039301 3326
697 8118.8948596536329205       0.87124948161224491372 3331
698 8088.3122163685820851     110.9852002060545999     3335
699 8083.0026347404700573     321.32794285109616794    3340
700 8089.1511887691603988     117.78335180952178973    3345
701 8124.0092977947651889     672.87395915386787237    3350
702 8125.2373103852614804     107.10421848789050614    3354
703 8082.170064681184158      330.56287170565661881    3359
704 8119.0755732449488278       0.85458146201986795454 3364
705 8123.923879644596127       82.050549976459876689   3369
706 8125.6478719071010346     740.01513575484000285    3374
707 8082.1652295206722556     331.95092014032735506    3378
708 8118.5557417355084908       3.7166897097424325125  3384
709 8081.9477039226931083       0                      3389
710 8081.9164530493508209       0                      3393
711 8081.9188346712762723       0                      3398
712 8081.9429209166828514       0                      3403
713 8123.4898133892193073      65.316096685097903674   3407
714 8126.9507764416139253     796.89090148185073303    3412
715 8081.9233821202951731       0                      3417
716 8118.9023414441180648       3.8067801828617851001  3422
717 8119.8689984163520421       0.98439797488170921458 3427
718 8088.3191996286223002     111.81420999813627759    3431
719 8082.1758738120615817     333.66771823267225727    3436
720 8083.9988199759791314     324.380590119586941      3441
721 8087.4738235126969812     134.61235622870884754    3445
722 8083.4356849114437864     299.33743759789541627    3450
723 8121.4188160436569888       0                      3455
724 8124.117429341328716        0.09533899418874382248 3459
725 8086.6495674126881568     127.1389043702560997     3464
726 8081.9929876550713743       0                      3469
727 8118.1608870741692954       3.6681117040890831582  3474
728 8118.5024912901244534       3.7576151320440174253  3479
729 8081.9191948144507478       0                      3483
730 8082.9243041907993756       0                      3488
731 8082.9247527445622836       0                      3493
732 8081.9171287848039356       0                      3497
733 8082.9211726804669524       0                      3502
734 8081.9193173883704731       0                      3507
735 8125.3076272565967884       0                      3511
736 8119.655806712082267        2.704758081114742474   3516
737 8081.9191948144716662       0                      3521
738 8082.8069418731447513       0                      3526
739 8118.6798385018173576       2.3424812243634218767  3530
740 8117.6741903495894803       3.3508219884104355479  3535
741 8082.7553606170868079       0                      3540
742 8082.7584846289937559       0                      3545
743 8081.9175675008182225       0                      3549
744 8082.7591331828389229       0                      3554
745 8120.3602396811902508       0.08517004139146323871 3559
746 8122.3671636969620522       0                      3563
747 8082.7611091933840726       0                      3569
748 8120.2452516536104667       0                      3573
749 8118.6379828747103602       0.75955772343024796633 3578
750 8082.9223788947847424       0                      3583
751 8081.9428681556437368       0                      3588
752 8081.9887097762302801       0                      3592
753 8082.8317892778850364       0                      3597
754 8083.9809942730416878       0                      3602
755 8122.5842855494229298       0                      3606
756 8120.3424401356414819       0.86235580005168388507 3611
757 8081.9973873694079884       0                      3616
758 8121.5416109537227385       0                      3621
759 8081.9991307027485163       0                      3626
760 8118.6999387849728009       0.78678579414529026259 3631
761 8082.7542157239631706       0                      3635
762 8082.7577255126752789       0                      3640
763 8122.8632455696933903       0                      3645
764 8120.2982539059730698       0.89056538333270374164 3650
765 8081.9155207554449589       0                      3655
766 8081.9448984766613648       0                      3660
767 8081.9214506986809283       0                      3665
768 8082.1662878288416323     333.64622800430112193    3670
769 8122.757435213028657        0                      3674
770 8120.0756349785160637       1.7050886263076876492  3679
771 8081.9238411754149638       0                      3684
772 8082.8027899989729121       0                      3689
773 8082.8076897193113837       0                      3694
774 8081.9207226971520868       0                      3698
775 8081.9443189282110325       0                      3703
776 8081.9464305148812855       0                      3708
777 8082.1889081425933909     331.72289856819850229    3712
778 8088.3051422003518383     110.97263390736928557    3717
779 8082.0161615934021029       0                      3722
780 8121.0082596164047573       0                      3727
781 8120.2735969227378519       0                      3732
782 8081.9507148661941756       0                      3736
783 8122.4449334005303172       0                      3741
784 8081.9953417875658488       0                      3746
785 8081.9964873423859899       0                      3750
786 8083.991710334174968        0                      3755
787 8084.0127504433003196       0                      3760
788 8083.9859596901687837       0                      3764
789 8120.7081182852052734       0.96500440525334096886 3769
790 8082.0018877256161431       0                      3774
791 8120.5744429526139356       0                      3779
792 8081.9452364257558656       0                      3784
793 8082.7552682246505356       0                      3788
794 8082.9197071597036484       0                      3793
795 8083.4625580414085562     298.81010018026483976    3798
796 8125.4500019610313757      75.578736735434361549   3802
797 8129.7737446078517678     1017.6386817393115507     3807
798 8088.3191939456601176     112.63417811436121951    3812
799 8082.7618220919630403       0                      3817
800 8120.3385867549250179       0                      3821
801 8083.4318791422310824     299.58820172437458496    3826
802 8089.1486185413996282     117.95580012729499231    3831
803 8120.4892489812036729       0.46954923152249999907 3836
804 8124.266911811261707        0                      3840
805 8081.9206835495560881       0                      3845
806 8082.9525719544581079       0                      3850
807 8121.400283574786954        0                      3855
808 8121.631151616531497        0                      3860
809 8123.8176479390076565      82.590661769434035477   3864
810 8125.5317733629399299     741.62678378020018499    3869
811 8082.8135043561233033       0                      3875
812 8082.0046442722987194       0                      3879
813 8081.991707836941714        0                      3884
814 8081.9933946921119059       0                      3889
815 8081.9173560131575869       0                      3893
816 8083.9855067113321638       0                      3898
817 8083.9966952259455866       0                      3903
818 8121.5875201473736524       0.1596243965748384841  3907
819 8123.1796975659162854       0                      3912
820 8081.9993606999514668       0                      3918
821 8082.0159328048575844       0                      3922
822 8082.8019485329887175       0                      3927
823 8084.0087797397118266       0                      3932
824 8084.8826321951455611       0                      3936
825 8084.8451334191113347       0                      3941
826 8125.7409033749308946      82.612620029513777808   3946
827 8123.5878265311093855     541.20257254241573719    3950
828 8084.9202514966746094       0                      3956
829 8120.6130854015545992       0                      3960
830 8093.8085300512129834     187.70264700253639489    3965
831 8083.9948971539852209     343.12275493788189351    3970
832 8121.2305370639523971       0                      3975
833 8121.3158857781190818       0.0004288560261409043  3979
834 8083.989692803642356        0                      3984
835 8081.9233698682774047       0                      3989
836 8083.4327281802097787     298.46673385689354063    3994
837 8082.5037701254987041     359.467598474421834      3999
838 8083.0021041082873126     321.02855024282575869    4003
839 8083.6266678479396433       0                      4008
840 8087.9145817119069761     157.64227141574716029    4013
841 8089.1487952523475542     117.26509587271384305    4017
842 8089.0514643001597506     131.95992041653769888    4022
843 8121.1642102148634876       0                      4027
844 8121.3860400087323796       0.00130541205720786186 4031
845 8082.8694483325616602       0                      4037
846 8120.6421790394015261       0                      4042
847 8081.9151187665493126       0                      4046
848 8081.9186172812878795       0                      4051
849 8119.6310019071324859       0                      4057
850 8082.946002683682309        0                      4061
851 8118.0652078683087893       0.63148547231657736756 4066
852 8081.9174166122047609       0                      4071
853 8081.9888256743861348       0                      4075
854 8082.9249325361197407       0                      4080
855 8088.3225361445511226     111.64644903179197399    4085
856 8082.1636453991786766     333.09223647733989537    4089
857 8082.7535575608608269       0                      4094
858 8089.0570496759073649     132.32695756910345608    4099
859 8124.1500261142427917     676.10950150808639592    4103
860 8125.3410043136336753     107.27020550144740696    4108
861 8120.8317543447283242       0                      4113
862 8081.9171294087282149       0                      4118
863 8082.9199913934398865       0                      4122
864 8123.1025235363931642       0                      4127
865 8081.9206495070820893       0                      4132
866 8081.9443438167600107       0                      4136
867 8083.6579306213725431       0                      4141
868 8083.9899556892496548       0                      4146
869 8088.3138388602483246     111.14183705929168866    4150
870 8119.9644515751306244       1.6288513834911197975  4155
871 8121.1337874519322213       0                      4160
872 8121.4746023637981125       0                      4165
873 8082.4929041814511947     357.97956503492900993    4170
874 8082.5287687067966544     359.22947743355035755    4175
875 8084.0032704202512832     341.29411405630014542    4179
876 8092.1322378396325803     136.76083947590370826    4184
877 8083.9826427896177847     345.71719711405791031    4188
878 8124.4066740324014972      70.520539807853296566   4193
879 8126.1348233435710426     766.77673152298962123    4198
880 8083.4288941946724663     298.7180324713229993     4203
881 8088.3112017078110512     110.63846833698090677    4208
882 8082.1613274428182194     332.23394583497565691    4212
883 8089.0549378238902136     131.7775006415132566     4217
884 8082.1720281186780994     333.95146206974601455    4222
885 8124.2384029558261318      88.195090209854640761   4226
886 8124.9352139105394599     713.9849313145502947     4231
887 8082.4915085665988954     357.40441088859370211    4236
888 8082.8324210517321262       0                      4241
889 8119.5327720996192511       0.04906663215497011205 4246
890 8082.161327442804577      332.23394583497912436    4250
891 8087.4618847387946516     133.68987723052197225    4255
892 8082.4994063634376289     359.44597617525300848    4260
893 8124.4740208945977429      70.260182761879661939   4264
894 8126.0634821542034842     764.93309346941623517    4269
895 8086.6684142120329852     128.19468943865342681    4274
896 8081.9223198130603123       0                      4279
897 8121.2821848932835564       0                      4284
898 8093.0254128050928557     151.93719265425471576    4288
899 8083.983087608601636      322.14179457753584757    4293
900 8083.9783152727914057     343.38869864967551848    4298
901 8086.6428960883968102     125.89801050905950319    4302
902 8125.833989593986189       64.896147929892009643   4307
903 8130.404688955819438      1061.4300782870773219     4312
904 8082.9482133359324507       0                      4317
905 8082.780377877965293        0                      4322
906 8083.6263736010196226       0                      4327
907 8121.4591250521089023       0.41483181027714044475 4331
908 8122.1537446893607921       0                      4336
909 8081.9277345964610504       0                      4341
910 8119.5217114893375765       0.04353251533838418258 4346
911 8081.9429966318448351       0                      4351
912 8082.9190409795255619       0                      4355
913 8082.9484304515463009       0                      4360
914 8083.0287179682500209     320.526551928449976      4365
915 8089.0591473985614357     131.59526306065785661    4369
916 8125.9007895161294073     764.98051556013444952    4374
917 8082.9379996663428756       0                      4380
918 8119.570223504655587        0.34403809260172302231 4384
919 8082.1625053116522395     332.53839088270393631    4389
920 8088.3152882093845619     110.81799840984875516    4394
921 8124.7717326287129254      87.589733128315842237   4398
922 8124.624353831368353      713.20473443455296092    4403
923 8083.9888614348774354       0                      4408
924 8082.8194863559192527       0                      4413
925 8121.3781187336180665       0                      4418
926 8083.0007325325213969     322.15116088678820461    4423
927 8089.1544967543732128     117.61108264801966072    4427
928 8093.07346602938469       171.28685345995234002    4432
929 8089.0652658458102451     2268.4962597349499447     4437
930 8082.810875962351929        0                      4442
931 8082.8503657051542177       0                      4447
932 8121.9294978423286011       0                      4451
933 8082.9225881520123949       0                      4456
934 8085.1908267250810241       0                      4461
935 8086.6513684913543329     127.3062261060318292     4465
936 8082.5052399604210223     360.31638686560160068    4470
937 8120.5919732356496752     515.55804087809917746    4475
938 8127.0868629872338715     120.39902325015445683    4479
939 8082.4954242079738833     358.87015193793848766    4484
940 8082.955883638850537        0                      4490
941 8082.757334491147958        0                      4494
942 8120.0891663432557834       0.06492325401155181475 4499
943 8122.4127438996729325       0                      4504
944 8121.39402990695271         0                      4509
945 8081.9289712638446872       0                      4514
946 8119.8267662770522293       0.06752255888904735992 4519
947 8123.4472050929862235       0                      4524
948 8081.987796503825848        0                      4528
949 8082.8260250154580717       0                      4533
950 8083.9888614348865303       0                      4538
951 8085.9444935050642016       0.07247583910908833582 4542
952 8119.6176402544742814       1.5700914049499961056  4547
953 8081.9877965038213006       0                      4552
954 8082.9349165642133812       0                      4557
955 8083.9525587139132767     321.82164567716040438    4562
956 8086.6433957136059689     125.37583691623619586    4567
957 8083.9756112238474088     342.11337139171200761    4572
958 8092.1519347317598658     137.73808458962625423    4576
959 8085.0660531954708858     343.20418737664647324    4581
960 8125.8139464148516709      75.149211903045056715   4586
961 8129.1627266341774884     1012.4930279054001403     4590
962 8101.3567847174199414     908.229225046136321      4595
963 8082.7982146377880781       0                      4600
964 8082.1901807397480297     332.02701568380086883    4605
965 8083.0065709940172383     322.45095739250626821    4611
966 8088.3138943076673968     111.46633333930084575    4615
967 8088.3500512881610121     111.62131165394919208    4620
968 8089.1565572583158428     117.2779062962932386     4624
969 8089.181357815683441      118.25327614138123522    4629
970 8083.0283573214965145     322.19311295808483919    4633
971 8120.5158417760767406       0.47134067422627079491 4647
972 8124.2423519450057938       0                      4655
973 8088.322905107389488      111.32177321600364905    4661
974 8081.9864761679291405       0                      4666
975 8123.923570062993349        0                      4671
976 8120.059254802522446        0.07994082700396576424 4675
977 8081.9186758322175592       0                      4680
978 8081.9847604919104924       0                      4684
979 8083.9884955984316548       0                      4688
980 8122.9672998380119679       0                      4693
981 8122.549683469993397        0.30142799545135845474 4697
982 8082.8273310601252888       0                      4702
983 8082.8019560780858228       0                      4706
984 8123.0936100631115551     534.33073366184089537    4711
985 8125.1499298222061043      94.768311294461966554   4715
986 8082.1660247780446298     330.84516020889492438    4719
987 8081.9307360790553503       0                      4724
988 8121.6007151407802667       0                      4728
989 8120.2101166516367812       0                      4732
990 8082.7813318836797407       0                      4737
991 8121.8473157371608977       0                      4741
992 8120.8902513379198354       0.1296289778195088005  4745
993 8081.9275590463748813       0                      4749
994 8082.7863732322530268       0                      4754
995 8083.4808464506195378       0                      4758
996 8084.854596975844288        0                      4762
997 8120.9974178420752651       0                      4767
998 8082.4915085665943479     357.40441088859716956    4771
999 8082.7891979363648716       0                      4776
1000 8081.9877869282199754       0                      4780
