1 9764.443792691170529      26891.347331246422982      4
2 9931.3510313936676539     17656.02465485789071       9
3 9654.4634880115972919     31387.884750044500834      13
4 9952.8260423983265355     27006.516183600335353      18
5 9968.604939399567229      28076.908632436348853      22
6 9953.651600993158354      27934.214397409981757      27
7 9744.2084058512300544     6738.4067613010010973     31
8 9748.8829932871230994     6475.0372728321244722     36
9 9628.3716392119331431     2948.7818832215889415     41
10 9578.1522819659494417     2226.982058219353803      45
11 9555.9479705380235828     463.04653546033006251    50
12 9556.0636559816630324      32.940861958705177415   55
13 9369.1135117139128852     723.47469725493920123    59
14 9413.7788434264220996     629.55474630994501695    64
15 9410.7399900317122956     373.49389869908850415    69
16 9279.5807383619576285     574.16715722212347828    73
17 9585.2460330099820567     2055.7534944599733535     78
18 9582.5177826195904345     2088.967840946861088      83
19 9554.5183370748382004     327.40870622142949742    87
20 9530.2126801157246518     121.00327846381422603    92
21 9563.2862045965448488       5.3451221933544106335  97
22 9538.636066636090618      868.00883577014508319    102
23 9554.5301424658864562     391.99777084168891861    106
24 9807.335069299379029      1258.9156501511042734     111
25 9571.0385311319605535     1042.6464946745247744     116
26 10274.533000665031068      10185.431340157758314      120
27 9561.7944126984730246     229.10004716864392549    125
28 9742.5638374629015743      27.97699710760575087    130
29 9563.695245138482278        3.710543938454361701   134
30 9908.9020201998591801     663.71384766225276053    139
31 9467.8397850516867038     4306.8229737569008648     144
32 8825.6151917637307633     645.11560312612891721    148
33 9569.794370641662681      303.16168374749139502    153
34 8899.4183402685976034     14697.654777736312099      158
35 9640.2579152413236443     40763.176798737789795      163
36 10359.432903187949705      1330.9435846813551052     167
37 9214.4343607615119254       0                      172
38 9742.1720560751564335      24.815509652966362353   177
39 9740.6335028746962053      18.568450533755349596   181
40 8662.8413794221451099     1197.7300046932202804     186
41 8556.3946820308410679     33485.230272326538397      191
42 8490.2378629102458945     29480.390162929579674      196
43 10043.920024572424154      102.5629056626317066     200
44 9531.3850390055667958     300.02457181476677306    205
45 9546.9500938178553042       1.3290110253642106741  210
46 9619.1490443931415939       7.4715029822024696671  214
47 8443.2600662157838087     4414.8913188652149984     219
48 8914.8055969142187678     19721.824846720330243      224
49 9111.1867218639545172     4587.2105394765958408     229
50 9400.5508465756120131     309.42786508003712242    233
51 9529.7219187858136138     179.39805109447772224    238
52 8942.0315217868555919     29792.383649038754811      243
53 9111.7856122621033137     447.01701378501024919    247
54 9390.2417986344189558     386.66024124794904537    252
55 9493.5620427766825742     788.14404093233270032    257
56 10165.203951242798212      4279.001955777232979      262
57 8691.7188966137873649     13831.326686970531227      266
58 8898.4501965716099221     1138.9383247618434325     271
59 9078.5101675583428005       0.00224778054828695447 276
60 8750.2267686436734948      44.879425132440672996   280
61 8148.1914353691345241     1076.2255910400274388     285
62 8170.7449579071299013     1824.1819112201258122     290
63 9018.7155615763804235     825.3172891507509803     295
64 9375.8524926269037678     222.4822333189260064     300
65 9373.1429818982651341       0                      304
66 8574.5691102216296713     399.81391537062040697    309
67 9062.8393639835940121     9161.5948343906056834     314
68 9395.2863583820471831       0                      319
69 9132.6365643966491916       8.240356710327873202   324
70 9131.7657697083159292      24.768780324789524627   328
71 9381.1487615247406211     5342.8915743279721937     333
72 9312.9441945989037777     461.72423993703841916    338
73 9052.9291162508197885     44186.982723083514429      342
74 9206.7500237126459979       0                      347
75 11999.980527412619267      124.89391303624857699    352
76 8133.842714144947422      3108.3349008562513518     357
77 8136.9940710679929907     2845.4825786431165398     362
78 8128.594516026585552      2498.5714393584917161     366
79 9085.3602061557066918     170.95003679839311417    371
80 9082.4743563612755679       0                      376
81 10471.41490496942788        77.964420760135638488   380
82 8138.3478757449238401     163.5646189921868654     385
83 8147.5566102628308727     1079.9084810300219033     390
84 8154.8138554439829022     5269.213302552132518      395
85 8134.1563431390823098     546.37993618731229617    400
86 8500.5945824109858222     346.70498764404788972    404
87 9929.5079898981821316      77.182117428554192884   409
88 8837.9205493443259911      66.240894112799139748   414
89 9391.992489046362607      135.4800765527211297     419
90 9396.7519612402193161      12.23582203185502415    424
91 9461.8539720583630697      81.674652809230309458   428
92 10004.542002686595879      2067.6291237908130825     433
93 11490.858281606057062      594.39578173218149004    438
94 8982.532934886030489       30.448119588636185284   442
95 9414.4306815172822098     2375.155173907207427      447
96 8566.6985142688099586     1667.7218749590902007     452
97 8102.5890180084097665     256.14602174667896861    457
98 8109.8006149751145131     2684.4211140495708605     462
99 8091.3066283112884776      66.306077368277740902   467
100 8104.6645860901444394     1733.3912707376143771     472
101 10769.452957006969882       30.086117733608229941   477
102 8328.7462787384356488      86.635670980719766021   481
103 9132.0993864203155681       2.4791427195543778161  486
104 9023.2592436364011519      57.602703334164942817   491
105 9133.8339981930803333     122.75780150252251133    497
106 9144.3491767391897156     548.93074906413028202    501
107 9438.2703449933032971       1.9292074336464346551  506
108 8478.8419121515471488      58.024034584992449481   511
109 8632.0879856424944592     115.47884727854453502    515
110 9458.1845638202139526     110.1147158964196251     520
111 8635.8400405146112462     3925.0552439166785916     525
112 9735.718184018645843      4703.173261759817251      530
113 9254.6552626044940553     195.38637600348090473    534
114 8277.8959341636218596     453.60916547126134901    539
115 8280.0203666194975085     584.25986204342370911    544
116 8995.6257219000181067     530.12251542467265608    548
117 8281.8596905818703817     573.97522034380176592    553
118 8300.5930315508339845      25.844753209822123097   558
119 8626.462099443502666       30.484428384945172041   563
120 9106.6052230034783861      97.69176604404250952    568
121 9090.7989423100189015     656.69013841205628523    573
122 8851.3493942938603141     708.16154591720805911    578
123 9248.8755640564741043       1.302904188446180056   582
124 9459.4792835124189878      67.435935557015824315   587
125 9143.9374625884865964       0                      592
126 9028.7242262570343883       1.4842960727211422789  596
127 9082.4620663658242847      86.051473876273675501   601
128 9075.9628755601534067       0                      606
129 9105.7342261581907223     3091.314775116434248      610
130 8748.3428879768180195      57.910739115508796715   615
131 8744.8014446505876549       8.6232148411249500697  620
132 8333.3690757044132624     2814.1339803843743539     625
133 8346.6675836028916819     3193.0344219451180834     629
134 10706.601479309023489        8.3816260688176136284  634
135 9847.2099720699552563      43.661741705544841352   639
136 9385.7458105545811122       0                      643
137 9237.1728868247537321       0                      648
138 9072.8188954110373743      21.919287009428916946   653
139 8896.0396465923386131      55.890790943607960628   657
140 8921.0669741299843736      57.213448928985648934   662
141 9079.8528854000232968      11.351035399046734753   667
142 8896.3848815263263532     165.61422886612569982    671
143 9155.4834936628685682       0.2866676548669347957  677
144 9466.8213577108108439      13.554528689560758181   681
145 9144.3635084374946018     371.96864023230057228    686
146 9650.7037928396493953      18.330207498467093075   691
147 9183.4473221306398045     1326.3249144190276638     695
148 9308.4589977022442326       0                      700
149 8706.2220143971298967     728.16135331254179164    705
150 8993.3752160800559068     1130.267169201825709      710
151 9085.1648241974235134     1086.5947441123037152     714
152 9230.228652994355798      741.64098102606999419    719
153 9591.6428613577336364     148.32570959094539376    724
154 9043.4508274569852802       0                      728
155 9040.1788026422000257     179.39618355784423898    733
156 8275.0703090416463965     455.45171853326814926    738
157 8361.1127198587691964       7.0092630333629379891  743
158 8360.955118075828068       59.911968102708200945   747
159 8625.3940686521309544     4582.5751636862923988     752
160 10314.853760438509198       23.534776978574733164   757
161 8687.1389152860901959       0.09060021477779335586 761
162 8806.4192307156808965       1.7803579644203697541  766
163 8896.1869517925497348      86.544028343207884291   771
164 9110.5813672436888737       0                      776
165 9100.9742224041910958       6.0068573317704636594  780
166 8759.8998492289629212      53.952091949119491687   785
167 9046.8716118984502828       0                      790
168 9044.4954095760276687     689.45204270606745922    794
169 9127.9866960279614432     1521.6871775233416884     799
170 9209.4046663572225953      65.88333951227690477    804
171 9412.2964402423604042     240.38485453955451021    809
172 8954.5998891309645842     803.17112550273373017    813
173 8626.030984023336714      197.390312277395509      818
174 8637.9971909982141369       0.01214404878612486069 823
175 8746.1321602370589972       0                      828
176 9358.9899447570933262     4920.1798211954601356     832
177 8461.9311169918000815      32.332252744278108025   837
178 8332.8938093037613726       3.6480717532626485422  842
179 8141.6227703719305282       0                      846
180 8787.2527346450006007     12711.099265867544091      851
181 8101.5279032910148089      65.175791414825042125   856
182 8087.4484884574067109       0                      861
183 8428.4029105974605045       0.0402325350554693234  865
184 8099.2564067197836266       0                      870
185 8105.5180993181693339       0                      875
186 8111.2946977049632551     862.25172155662812656    880
187 8448.1658779525459977       4.7099142577522270514  884
188 8100.8780249206865847       0                      889
189 8086.5507732338792266       0                      894
190 8085.3364684101770763       0                      899
191 10493.935430739806179      6790.5341532498114248     904
192 8094.0331832326710355     241.63158097532098623    909
193 8230.265895125005045        0                      913
194 8102.5722655737317837     227.10428688188486035    918
195 8107.2308272931068132     163.14156785838008545    923
196 8345.8619365666218073      33.990992502651636187   927
197 8463.5453122367198375     188.50861847509506219    932
198 8538.8902701367514965     25104.11194307425103       937
199 8838.901515354453295       91.103094994879569413   942
200 9141.979075406325137      232.47226469720959585    947
201 8157.7606346673101143       0                      951
202 8486.703210546860646      1063.0944757274862695     956
203 8919.264650929144409      902.25926603699303996    960
204 8800.9854693786510325     318.01996884331424553    965
205 12881.135026221041699      2008.3656616388159364     970
206 9444.4831061967779533     57098.458137028705096      974
207 9614.6635876548352826     2759.135412314145924      979
208 8153.8875669436156386       0                      984
209 8089.5679134186675583       0                      989
210 8088.4090059640420804       0                      993
211 8105.6740000638537822     116.27141511251900852    998
212 8191.438278326560976        0                      1003
213 8086.6101723131641847       0                      1007
214 8086.1416812878142082       0                      1012
215 8112.6149322747278347       3.9458587902857567009  1017
216 8101.32482609262388       316.02050973496636743    1022
217 8479.8355907289260358     2866.6935337826339492     1027
218 8517.6304689226763003     754.71441638891883485    1031
219 8520.0273718074149656     1536.3618381380749724     1036
220 8499.6145455991936615     3435.5042912534813695     1041
221 12432.692197485026554      37964.064284861422493      1045
222 8134.4924706975652953       0                      1050
223 8097.4948155929960194       0                      1055
224 8387.0186150498193456      20.230131600551235493   1060
225 8121.8117317094947794     1250.3559359492555814     1064
226 8126.1077943876480276     1948.8257024115275726     1069
227 8109.3259000618936625      68.511455171792235319   1074
228 8244.0209141986761097      74.40519609557125591    1079
229 8238.4500714731802873       0.26648665934450266324 1084
230 8248.0862960498488974       0                      1088
231 8736.2563852121129457      30.023970950508342526   1093
232 8087.2293091491201267       0                      1098
233 8098.2147698209009832       0                      1102
234 8143.5886715611186446     196.38620848379829908    1107
235 8477.1178486845674342      29.867123461026228171   1112
236 8466.9676374295559071      47.894910127757214013   1117
237 9071.6798642929989001     514.92736722565041418    1121
238 9313.4133001960126421     682.17981730008864361    1126
239 8170.2720580909262935       4.8705814265660025697  1131
240 8658.2556059984053718     583.48874487352418328    1136
241 8658.503641815539595      538.5110408840804439     1140
242 8232.0149834049989295     603.94552877503656418    1145
243 8105.9716831259911487      79.167720567873018922   1150
244 8247.5771802827675856      71.797069256993751196   1154
245 8085.3011330258304952       0                      1159
246 8085.2049558439130124       0                      1164
247 8085.0049729110724002       0                      1169
248 8516.5731376940093469       9.4480670048854484833  1174
249 8265.5465476825593214     112.06782106901124507    1178
250 8113.2020478361564528     2434.3457655312145107     1183
251 8129.3196184674725373     2387.7052709274139488     1188
252 8105.1427257143814131      75.38598064421309175    1192
253 8259.8298542152733717      63.421838910033386583   1197
254 8085.8268849428459362       0                      1202
255 8121.7576728259591619       0                      1206
256 8134.4851159121344608       0                      1211
257 8269.4437518888553313       0                      1216
258 8131.4725618506799947     384.01647561536452713    1220
259 8153.3126829618959164       0                      1225
260 8087.223508141196362        0                      1229
261 8185.4080168992240942       7.4888668515495089295  1234
262 9319.2007080304974806     131.59141598936281525    1239
263 9007.1550866078105173      89.473144504272099198   1243
264 8103.8836707838481743      74.68802114177347562    1248
265 8085.204342603204168        0                      1253
266 8587.6368243213346432      14.318048450303578534   1258
267 8588.592791139959445       14.479829706471722517   1263
268 8094.4988735252327388     181.69812427434919755    1267
269 8099.0166546564951204     226.03921628492926743    1272
270 8107.3986565489967688      71.522922404740754132   1277
271 8243.5099975454286323      74.483254705360465664   1281
272 8132.4944759628797328       0                      1286
273 8084.9516865541299921       0                      1291
274 8084.8513199537410401       0                      1295
275 8423.68879056143669       102.21169922942631558    1300
276 8110.6713493153838499     210.09553457883839656    1305
277 8174.5769544896420484     161.75673563533143806    1309
278 8107.8702495829165855      70.763489283804545948   1314
279 8261.8525581616304407      63.55673859769353129    1319
280 8085.6691318537305051       0                      1323
281 8092.9432465651425446       0                      1328
282 8096.2268310732461032       0                      1333
283 8132.9726905149682352       0                      1337
284 8084.8163282636178337       0                      1342
285 8097.593919038180502      387.29030698497956564    1347
286 8423.8376827364154451       0.00128009210575476327 1351
287 8239.3887440928665455     3887.8717648966367051     1357
288 8086.6585440343460505       0                      1362
289 8088.7800956526098162       0                      1366
290 8100.0977786637849931       0                      1371
291 8156.7004831620088225       0                      1376
292 8087.7327066321531674       0                      1380
293 8638.7867824606219074     851.9062783060755919     1385
294 8241.6052899469395925       0                      1390
295 8088.131881069973133        0.00007028988872951116 1394
296 8116.9378945896141886     1612.0293565441265855     1399
297 8088.9109713635325534       0                      1404
298 8091.6953826861135894       0                      1409
299 8150.2031312319168137       0                      1413
300 8170.5370546602143804       5.6539339507734087675  1418
301 8124.2285971024248283       0                      1423
302 8090.0118058969501362       0.01066519665894620147 1427
303 8115.8134318416023234       0                      1432
304 8104.4655094259678663     218.8953031179639197     1437
305 8135.779150506705264      504.55329129069735927    1441
306 8099.9327269661871469     2915.876240105539182      1446
307 8108.290242650627988      1295.7276380892590169     1450
308 8125.8431840856337658       3.1970798189742732909  1455
309 8116.8503171951788318     1864.747290392756895      1460
310 8085.6583841736874092       0                      1465
311 8110.2930693792022794      85.267891905522347429   1469
312 8087.7798378339657575       0                      1474
313 8194.1807902578202629      10.476563259036131726   1479
314 8091.690133840854287        0.00010786233683626037 1483
315 8084.8726628345002609     317.66979547999841316    1488
316 8115.655174673496731       10.646501469288331521   1493
317 8087.7921557412882976       0                      1497
318 8098.123581513946192        0                      1502
319 8103.1505649722048474     855.34138176805390685    1507
320 8097.3819214239138091     237.78565396152208677    1511
321 8131.1578292998756297     800.85546030921614147    1516
322 8092.7885343566867959       0                      1521
323 8081.9225803721010379       0                      1526
324 8108.4222409633030111       0                      1530
325 8082.2387223301129779       0                      1535
326 8084.3251577315058967     358.71199349525193156    1540
327 8084.8262741841735988       0                      1545
328 8118.4548270457462422      77.633645369896782995   1549
329 8140.3354832129816714     166.02038982416232216    1554
330 8084.952910467237416        0                      1559
331 8086.7147670438771456       0                      1563
332 8091.7745572765225006       1.0949741319467913847  1568
333 8112.628880691676386        1.9383127731872200616  1573
334 8081.9400292048312622       0                      1577
335 8085.4664672997250818       0                      1582
336 8086.3386417409146816     399.28760781778225919    1587
337 8084.2419893604119352       0                      1591
338 8089.6097226871970634       0                      1596
339 8097.091706732278908        0                      1601
340 8085.9009135182368482       0                      1605
341 8105.6642393565416569       0.01471771533573648649 1610
342 8087.4615626167042137       0                      1615
343 8085.6916728861688171       0                      1620
344 8087.673130660181414        0                      1624
345 8122.7476610512239859     473.36178287987343083    1629
346 8354.3485613912307599       9.4372003120989713665  1633
347 8530.181851124343666      738.48984940044931591    1638
348 8420.18700477321363        83.097988347224386985   1643
349 8140.6080411544053277       6.098018744356436649   1647
350 8083.2987704120841954       0                      1652
351 8082.1818478421782856       0                      1657
352 8088.9768261951121531       0                      1661
353 8081.9795646963566469       0                      1666
354 8083.4631355641713526       0                      1671
355 8088.9746118127113732       0                      1675
356 8083.5882438591306709       0                      1680
357 8082.7903129923461165     317.58872271830426826    1685
358 8096.8959164357320333     296.0297219333676253     1689
359 8096.0354927951893842     410.41200107396161911    1694
360 8090.0390666567327571      95.233243854281127483   1699
361 8086.0268823594087735     384.81201916190229895    1704
362 8088.8040863975047614     292.86153699607365297    1709
363 8101.9240955341601875     216.21121758705689331    1713
364 8086.036172190826619        0                      1718
365 8102.0109754413724659     258.09689058241434623    1722
366 8085.3439878751905781       0                      1727
367 8082.1880645084474963       0                      1732
368 8082.875722162954844        0                      1736
369 8082.8042631311491277       0                      1741
370 8082.92987315179289         0                      1746
371 8083.2015271185709935       0                      1750
372 8081.9415850846198737       0                      1755
373 8084.1252203615613325       0                      1760
374 8086.1779628486701768     306.35127162818406532    1764
375 8085.4502709631369726     466.43017274198496125    1769
376 8096.9974267161114767     358.12943381267376708    1774
377 8093.461239103097796      254.10684685207141342    1779
378 8090.6498902094581354     191.34618147329163662    1784
379 8090.7910678156840731       0                      1788
380 8095.6478514956988874     387.32255527693246222    1793
381 8083.2613286131809218       0                      1798
382 8099.494498412660505      266.49314772056436595    1802
383 8085.5815055394123192       0                      1807
384 8082.2766035701433793       0                      1811
385 8082.1813900184506565       0                      1816
386 8081.9238556177615465       0                      1821
387 8085.3886184151724592       0                      1826
388 8083.0242422851933952       0                      1830
389 8082.542131417996643        0                      1835
390 8082.77119458469042         0                      1839
391 8084.1767207600087204       0                      1844
392 8082.1540071079334666     333.08322264682919922    1849
393 8094.194297465443924      104.90618665524034725    1853
394 8082.0058124874985879       0                      1858
395 8086.3673031480930149       0                      1863
396 8089.7684511557563383     1022.1725758156790107     1868
397 8086.0660146196041751     633.10410706402592496    1872
398 8084.0580208230021526     305.07750309410880618    1877
399 8082.4017524797027363       0                      1882
400 8081.9633900522158001       0                      1886
401 8081.9285198576890252       0                      1891
402 8081.9841361870703622       0                      1896
403 8082.7804118556005051       0                      1901
404 8082.927074192280088        0                      1905
405 8081.9217177169321076       0                      1910
406 8081.9281507394234723       0                      1914
407 8082.0776827601366676       0                      1919
408 8084.537915556436019        0                      1924
409 8087.8119418218338978     327.70878566164213908    1928
410 8086.5844548281174866     311.71011425808012518    1933
411 8084.0081882467156902     305.88747350815316395    1938
412 8082.3115493342975242       0                      1942
413 8081.9958178480792412       0                      1947
414 8081.9286694718666695       0                      1952
415 8082.7623411269996723       0                      1957
416 8082.9274927337064582       0                      1961
417 8086.6900346175634695       0                      1966
418 8081.967936876546446        0                      1971
419 8081.9785962965170256       0                      1975
420 8084.0125880132136444       0                      1980
421 8092.3220379610693271      79.02427021932534501    1985
422 8089.1788644599555482     116.94698837665555402    1989
423 8082.2249720148402048     329.90418308408408166    1994
424 8085.8475606070924186       0                      1999
425 8090.7859418996877139     444.96103704607958207    2003
426 8083.7011195061249964       0                      2008
427 8084.0622000838366148       0                      2013
428 8082.1873162019355732     332.03837156663064434    2017
429 8082.760309250013961        0                      2022
430 8081.9296892865604605       0                      2027
431 8082.7629364214999441       0                      2031
432 8081.9331911527360717       0                      2036
433 8081.9223583818557017       0                      2041
434 8081.9514184248600941       0                      2045
435 8081.9823796842110823       0                      2050
436 8082.9294154410863484       0                      2055
437 8084.7928247735899276     593.03103232516923526    2059
438 8087.7914238150679012       0.00036789040442541054 2064
439 8088.5024196046051657       0                      2069
440 8081.9352401448113596       0                      2074
441 8089.4778113551819843       1.3940047546405882617  2079
442 8085.9888605705982627       0.07759054760488695579 2083
443 8082.1584979460367322     332.55015350343984437    2088
444 8081.9493971212696124       0                      2093
445 8082.9258458638578304       0                      2098
446 8082.9281595492902852       0                      2102
447 8081.9306614884753799       0                      2107
448 8081.9227807664246939       0                      2112
449 8081.9820478469810041       0                      2116
450 8082.1568494591383569     334.19238507218653922    2121
451 8086.7118255811728886     308.32065565278213626    2126
452 8096.222514526742998      359.87798851756303975    2130
453 8081.9877869282199754       0                      2135
454 8091.8963133846073106     152.87834185195765713    2140
455 8087.051810759541695        0                      2144
456 8082.1596588948004865     332.82145692804937198    2149
457 8082.7615512044549178       0                      2154
458 8081.9188363476550876       0                      2159
459 8081.9465676450527098       0                      2163
460 8084.0071917028453754       0                      2168
461 8084.525767791891667        0                      2173
462 8081.9881368581027345       0                      2177
463 8082.1562519835288185     332.24608779309306783    2182
464 8081.9186172812906079       0                      2187
465 8081.9269781129505645       0                      2191
466 8081.9286229586487025       0                      2196
467 8082.0220902775317882       0                      2201
468 8084.6557897417578715       0                      2205
469 8082.1575434353735545     333.10455610977089691    2210
470 8081.9326057779844632       0                      2215
471 8082.9237068045995329       0                      2220
472 8084.869116024723553        0                      2224
473 8087.9972014887707701       0                      2229
474 8081.9211737546747827       0                      2234
475 8081.9226884304589476       0                      2238
476 8081.9463932919043145       0                      2243
477 8081.9790688405628316       0                      2248
478 8082.1564101694466444     333.94258985249945226    2252
479 8088.3097697803159463       0.00222351340983320805 2257
480 8088.3293254544687443     109.63756842827343974    2262
481 8081.9205588636204993       0                      2267
482 8081.9851735521679075       0                      2272
483 8084.5348781175998738       0                      2276
484 8082.1658987855807936     331.9207222895427094     2281
485 8081.9207166047208375       0                      2286
486 8081.9199013977613504       0                      2291
487 8082.7925254448173291       0                      2295
488 8084.005808381886709        0                      2300
489 8084.0085933092950654       0                      2305
490 8081.9177064189643716       0                      2309
491 8081.9248437405776713       0                      2314
492 8081.9279991125122251       0                      2319
493 8082.765549955748611        0                      2324
494 8084.5416410047382669       0                      2328
495 8082.157255636588161      332.77875884275340468    2333
496 8081.9201980625466604       0                      2338
497 8081.922780766404685        0                      2342
498 8082.164731104711791      331.43114082733075065    2347
499 8083.998921408168826        0                      2352
500 8086.6761005860271325     125.69503939039226736    2356
501 8088.3497006748930289     111.92428942524642821    2361
502 8084.6812156871483239     311.09087814134477412    2366
503 8083.4248493467184744     325.51445457081683799    2370
504 8092.1934302747822585     143.98589909402281251    2375
505 8089.4301869279534003     423.64485844622561217    2380
506 8089.0788810564881715     4487.7972422006660054     2384
507 8081.9650702690787512       0                      2389
508 8081.9187874482086045       0                      2394
509 8082.1594063137408739     331.94202413788650574    2399
510 8081.9183175800153549       0                      2404
511 8081.9186943880222316       0                      2408
512 8081.9201044582914619       0                      2413
513 8082.7554296977359627       0                      2418
514 8081.9527861514543474       0                      2422
515 8081.9844697470161918       0                      2427
516 8082.9214427212991723       0                      2432
517 8088.0219930964904052       0                      2436
518 8088.3549752304916183     110.61565626249642946    2441
519 8091.2194872386462521      80.846678863256727254   2446
520 8082.1624772423156173     331.71350317350697878    2450
521 8084.0140053885679663       0                      2455
522 8081.9773264851746717       0                      2460
523 8086.8524328318708285     321.5402970141934702     2465
524 8082.1610251301144672     331.38855552494453605    2469
525 8087.14911843968639         0                      2474
526 8089.7605876160350817       1.1752754833381500177  2479
527 8081.9167177763929431       0                      2484
528 8081.9227725220280263       0                      2488
529 8081.9800758644023517       0                      2493
530 8084.6457462465668868       0                      2498
531 8081.9162446564951097       0                      2502
532 8081.9246942478084748       0                      2507
533 8081.9164449962072467       0                      2513
534 8081.949319466979432        0                      2517
535 8084.5040060856317723       0                      2522
536 8084.6394983535647043       0                      2526
537 8082.1631973632838708     331.10617399545589024    2531
538 8081.9506722852565872       0                      2536
539 8082.9199087544075155       0                      2541
540 8089.9353844547877088       0.93520585396051703064 2545
541 8081.9224986872004592       0                      2550
542 8081.9870893957722728       0                      2554
543 8082.1733538938433412     333.11368528477061091    2559
544 8082.164899584376144      333.96395979862700187    2564
545 8082.75402344464419         0                      2569
546 8086.9209544123068554       0                      2574
547 8088.3255889806323466     109.66036581615135503    2579
548 8101.3910996182348754     1195.1895559747035804     2583
549 8081.9476089905729168       0                      2588
550 8084.5334423715839876     320.71691796718533851    2593
551 8084.540416182705485      319.89457186555165435    2597
552 8082.1686284140660064     330.27120909952088823    2602
553 8081.9155516068558427       0                      2607
554 8081.9224936411919771       0                      2612
555 8086.3953386568155111     497.43076247931435319    2616
556 8084.6211318056257369     315.59107693945344408    2621
557 8082.166100372519395      330.82382586425813997    2626
558 8081.9155161040653184       0                      2630
559 8081.925277589286452        0                      2635
560 8081.9174166122047609       0                      2640
561 8084.4720700707493961       0                      2645
562 8081.9208200243065221       0                      2649
563 8081.9600911960997109       0                      2654
564 8081.9904444413514284       0                      2659
565 8081.9912796823036842       0                      2663
566 8082.7595824730351524       0                      2668
567 8082.9191081758090149       0                      2673
568 8083.9814076944458066       0                      2677
569 8082.16250531165133       332.53839088270052571    2682
570 8087.9662184322087342       0                      2687
571 8088.3095653221926113       0.00464091665307150673 2692
572 8086.6464355938633162     124.67732794355494264    2697
573 8082.0673950506570691       0                      2701
574 8081.9951015863925932       0                      2706
575 8084.53602309708549       319.09066151020311963    2711
576 8085.7748091184039367     333.23726082495045375    2715
577 8082.1719658037100089     329.9892462073020738     2720
578 8081.9206495070739038       0                      2725
579 8081.950714866211456        0                      2729
580 8082.7533523686252011       0                      2735
581 8081.917203041499306        0                      2739
582 8081.9450563938416963       0                      2744
583 8083.9884955984325643       0                      2749
584 8088.3138943076683063     111.46633333930280685    2753
585 8096.1896166670821913     360.19839613521179444    2758
586 8086.7169743849353836     307.51277741721048642    2763
587 8081.9172324014270998       0                      2768
588 8081.9738071664569361       0                      2772
589 8084.4625997796174488       0                      2777
590 8082.1697341523367868     330.54151121786725298    2782
591 8081.9151187665447651       0                      2786
592 8081.9229484476400103       0                      2791
593 8082.8151441911049915       0                      2798
594 8084.4637736160830173       0                      2802
595 8082.1740986972990868     330.25923014285541512    2807
596 8081.9163619098098934       0                      2812
597 8082.9199913934462529       0                      2816
598 8081.9171294087400383       0                      2821
599 8081.9188346712626299       0                      2826
600 8081.9429966318421066       0                      2830
601 8081.9888256743797683       0                      2835
602 8082.7814043760890854       0                      2840
603 8082.1636453991632152     333.09223647733989537    2844
604 8086.7133076422223894     307.78714126443480836    2849
605 8096.2212466861938083     359.69621631408097073    2854
606 8092.1305741390588082     262.84657338589283881    2858
607 8083.7012226256238137       0                      2863
608 8084.5034772244071064       0                      2868
609 8081.9186758322130117       0                      2873
610 8081.9191705067705698       0                      2878
611 8081.9429209166783039       0                      2883
612 8089.0481064430587139       0.4115124143771018983  2887
613 8082.9193661255776533       0                      2892
614 8082.7535575608653744       0                      2897
615 8083.9862745670525328     546.13527803831937035    2901
616 8083.9899556892614783       0                      2906
617 8085.0448114562432238     614.62852000171574218    2911
618 8087.9580311038262153       0.00007297074023202356 2915
619 8088.3213097059815482     109.8266546734367779     2920
620 8082.0405089230398517       0                      2925
621 8084.4618770931838299       0                      2930
622 8084.4699746516735104       0                      2934
623 8081.9444901388551443       0                      2939
624 8082.9225881519987524       0                      2944
625 8082.7539192050371639       0                      2949
626 8081.9432299018017147       0                      2953
627 8082.782756185699327        0                      2958
628 8082.9487096250268223       0                      2962
629 8088.3138388602419582     111.14183705929970358    2967
630 8094.5819781666432391     121.93031487425909631    2972
631 8082.1605025784774625     333.37565450306823323    2976
632 8081.9945348779692722       0                      2981
633 8081.9434730164530265       0                      2986
634 8084.4954935368059523       0                      2991
635 8081.915520755437683        0                      2996
636 8081.9162248666143569       0                      3000
637 8081.9164202459924127       0                      3005
638 8081.9847604919077639       0                      3010
639 8084.8575725453292762       0                      3015
640 8082.8321255262253544       0                      3019
641 8086.8563213885099685     313.61434497039277858    3024
642 8102.4187187946545237     801.50019115469956432    3029
643 8082.8827127189570092       0                      3034
644 8081.919250560978071        0                      3038
645 8084.4651031079511085       0                      3043
646 8093.1375169700977494     163.90640898440480555    3047
647 8082.209018260902667      329.46743851417278393    3052
648 8081.9428681556573792       0                      3057
649 8082.9223788948129368       0                      3062
650 8088.3200401864487503     112.13971983828697887    3066
651 8084.1720725543009394     354.4344310645063274     3071
652 8082.1662878288188949     333.64622800430112193    3076
653 8085.2486838535951392     342.02889799692371753    3080
654 8097.7310909331708899     439.91596563749544657    3085
655 8082.4919684207870887     357.71891229166817538    3090
656 8081.9447176600388048       0                      3095
657 8084.4954615808674134       0                      3100
658 8084.4986466273994665       0                      3104
659 8082.0172069812315385       0                      3109
660 8085.1908267250782956       0                      3114
661 8083.3584437521640211     347.51930247404675356    3119
662 8083.9591498011377553     323.49210067072436914    3123
663 8086.6461067866348458     126.43516629327162093    3128
664 8084.4854908207653352       0                      3134
665 8082.19016254827784       332.58070078198488773    3138
666 8088.3387562002935738     110.61344823173209306    3143
667 8083.4274912048131227     322.00405945306698641    3147
668 8088.1309710223767979       0.00223847225019673402 3152
669 8088.870478961615845        0.36326348384236117894 3157
670 8083.9929471824361826       0                      3161
671 8081.92037947078461         0                      3166
672 8081.9191948144516573       0                      3171
673 8082.9489513204516697       0                      3176
674 8084.016562533925935        0                      3180
675 8096.1859492844869237     359.59529973946757764    3185
676 8086.7486525523008822     307.82723383482027657    3190
677 8082.4929449819328511     358.29446369836659869    3194
678 8081.9242238314745919       0                      3199
679 8081.9948790970111077       0                      3204
680 8084.524645262433296        0                      3209
681 8086.0559877103578401       0                      3213
682 8092.4152408358004323     100.10674229247027256    3218
683 8082.1613274428182194     332.23394583497565691    3223
684 8081.9966752733707835       0                      3227
685 8081.9953417875767627       0                      3232
686 8081.9997902212680856       0                      3237
687 8083.9727637076330211     552.41655442871160631    3241
688 8083.9994351151617593       0                      3246
689 8084.0009842928284343       0                      3251
690 8087.4274297836882397       0                      3255
691 8092.0721789322915356      91.190387788792406809   3260
692 8092.1235654828560655     262.01021808770087773    3265
693 8094.0448237939954197     1904.2020303481267547     3269
694 8081.9234362827537552       0                      3274
695 8084.4947249778042533       0                      3279
696 8081.919483877134553        0                      3284
697 8081.9206835495442647       0                      3288
698 8085.6541384109641513       0                      3293
699 8084.0157439405511468     541.29187841215275512    3298
700 8088.3112017078010467     110.63846833697694194    3302
701 8092.7636682309512253      99.888958894088531792   3307
702 8093.0942399586056126     330.68971088605320574    3312
703 8082.4929041814511947     357.97956503492542879    3317
704 8086.0056233019631691       0                      3322
705 8088.3410837832770994     111.4411895012863738     3326
706 8084.1368537411508441     352.05818460723418184    3331
707 8089.0570496759137313     132.32695756909259899    3336
708 8089.1544967543686653     117.61108264802173551    3340
709 8089.7924307611419863     139.72372408182096137    3345
710 8083.0262753495071593     321.64838847942411348    3350
711 8083.4587448068350568     324.41778144953457286    3355
712 8092.443448966595497       99.190376240300366817   3359
713 8082.9539977891354283       0                      3365
714 8081.9171255172241217       0                      3369
715 8081.9193173883568306       0                      3374
716 8082.5097478200777914     360.632477104063355      3379
717 8083.992919881871785        0                      3384
718 8086.6587458990588857     127.49939333811947506    3388
719 8088.3117923894096748       0.00006766232698792266 3393
720 8087.6532753570381828     3608.692283960471741      3398
721 8088.887893477207399        0.00006009758068355037 3403
722 8088.1930864003306851       0                      3408
723 8090.8609173463682964       0                      3413
724 8081.9441515629841888       0                      3418
725 8087.4408635721929386     305.28947335962413945    3422
726 8096.9963011579911836     362.71445822471980591    3427
727 8082.1675192900283946     332.80885166625824922    3432
728 8090.9434777370261145       0.00004022286563374136 3437
729 8081.9721489654502875       0                      3442
730 8082.0359589193612919       0                      3447
731 8081.9433451492459426       0                      3452
732 8082.1660826803654345     332.25535806025618513    3456
733 8088.3190959501562247     110.65097358313781228    3461
734 8088.2193464347210465     331.59030229846638349    3466
735 8100.3358717056635214     450.64807305868146159    3470
736 8100.0551347023256312       0.00000485687845075778 3475
737 8081.9191705067632938       0                      3480
738 8096.9925751485789078     308.75803171998859398    3485
739 8110.4275681789722512     522.41601767204940643    3490
740 8082.161327442804577      332.23394583497912436    3495
741 8153.8774357864785998       0                      3499
742 8081.9815468447695821       0                      3504
743 8081.9822569468869915       0                      3509
744 8081.9907422604683234       0                      3514
745 8083.5069683190313299       0                      3518
746 8083.9859596901706027       0                      3523
747 8084.8664657723775235       0                      3528
748 8084.8576839513816594       0                      3532
749 8109.8264009686536156     479.56118481512436347    3537
750 8097.7656220825201672     298.99532012519119917    3542
751 8081.9929714388908906       0                      3546
752 8081.9193024226469788       0                      3551
753 8081.9438694486325403       0                      3556
754 8082.9205358412391433       0                      3560
755 8100.7818286078927486       0.40378059803115901039 3565
756 8082.0379713657512184       0                      3570
757 8082.7553443563438123       0                      3575
758 8097.7818067506932493       0                      3579
759 8083.0007325325132115     322.15116088679150153    3584
760 8086.6468671087986877     126.61396049690326038    3589
761 8082.4963628036393857     359.16389207632767011    3593
762 8104.4549831917929623      99.766128960644394397   3598
763 8082.4938134282547253     358.27294725493362648    3603
764 8082.8221585738911017       0                      3608
765 8082.9247527445695596       0                      3612
766 8082.9260677926304197       0                      3617
767 8100.5108820374171046       0.00117718159816318502 3622
768 8100.4111996403271405       0.35599968577346485787 3627
769 8082.4908449041267886     356.5367529293617963     3631
770 8081.9201433881307821       0                      3636
771 8097.3648361235327684       0                      3641
772 8086.6458156963162764     126.0902082481901374     3646
773 8092.1337129187777464     262.52300470635026386    3650
774 8082.5199273883326896     357.76290871009751982    3655
775 8083.9783152727959532     550.38229472696468747    3659
776 8100.6655048848806473     272.95572147914595007    3664
777 8112.8621835134317735     741.40779640804976225    3669
778 8088.2047890333069518      77.282139862205738723   3674
779 8098.1524191773760322       0                      3678
780 8101.0696669028657197     235.00345762630749391    3683
781 8107.3853792002009868     322.07539056864283111    3688
782 8082.1628865455541018     332.78739805498304349    3692
783 8081.9207105081932241       0                      3697
784 8086.6975436538286885     125.83274319365882832    3702
785 8098.1509245723627828       0                      3706
786 8097.2914474984409026       0                      3711
787 8082.4954242079693358     358.87015193794564993    3716
788 8099.6389077493740842       0.00000554434750272845 3720
789 8101.2038677928576362       0.40358812157966250656 3725
790 8098.2550931078849317     252.84693959257026563    3730
791 8098.8125812459447843     275.43508247841128878    3735
792 8088.3229051073985829     111.321773216005667      3739
793 8082.1698047463214607     333.3970770596634452     3744
794 8098.0385849488538952     275.98270329549580993    3749
795 8108.6594639108925548     398.35670359232256033    3754
796 8088.3142661682813923     112.28520664110769189    3758
797 8082.0538072542776717       0                      3763
798 8100.8189655549485906     387.07469151780344419    3768
799 8082.7534164636836067       0                      3772
800 8081.9887097762402846       0                      3777
801 8082.9190409795355663       0                      3782
802 8085.9200267343931046       0.09253724645800914805 3786
803 8100.5198251863839687     243.90472351437270504    3791
804 8107.3408867023099447     321.89572273720318663    3796
805 8081.9513627116157295       0                      3801
806 8096.2788600345966188       0                      3805
807 8083.6263736010096181       0                      3810
808 8096.3754994354558221       0                      3814
809 8082.8014668024370621       0                      3819
810 8082.7986017235580221       0                      3824
811 8106.8376340364102361     121.78572658441822796    3829
812 8096.4552929836008843       0                      3834
813 8082.179194002082113      329.97698272581010315    3838
814 8089.1521338390830351     117.09321033765371567    3843
815 8082.1889081425888435     331.72289856819850229    3847
816 8082.1628485197170448     333.92999809755707474    3852
817 8088.3102320428497478     111.63388668984187291    3857
818 8109.3891127450488057     436.62026129711671274    3861
819 8083.9926486939357346       0                      3866
820 8096.3754994354612791       0                      3871
821 8082.011976095758655        0                      3876
822 8083.9971784219733308       0                      3881
823 8085.1838323355805187       0                      3885
824 8105.6285883080545318     112.95366369452902688    3890
825 8083.985763241757013      543.25239150428376433    3895
826 8097.2595014184516913       0                      3900
827 8098.2104865375276859       0                      3904
828 8089.1565572583058383     117.27790629629116381    3909
829 8104.04339550986424       100.34193725721284807    3914
830 8083.9784074654153301     543.062334797252106      3918
831 8082.7989988746348899       0                      3923
832 8097.5469489657871236       0                      3928
833 8081.9443438167609202       0                      3933
834 8082.7579632074721303       0                      3937
835 8096.7930561206421771       0                      3942
836 8081.9956714638510675       0                      3947
837 8081.9917078369389856       0                      3951
838 8084.8622309441079778       0                      3956
839 8106.4175331387659753     121.78916767488775008    3961
840 8081.9292845302406931       0                      3965
841 8096.3239609897964328       0                      3970
842 8098.2048346878054872       0                      3975
843 8104.0400875719979013      99.769204955085427855   3980
844 8096.4609679374498228       0                      3985
845 8082.0267278986739257       0                      3989
846 8082.8241705514883506       0                      3994
847 8084.8752525063837311       0                      3999
848 8084.8680547586682223       0                      4003
849 8083.9843793784148147       0                      4008
850 8096.8473389304963348       0                      4012
851 8107.0037751315385322     137.2349148508241683     4017
852 8084.2078836312975909       0                      4022
853 8096.381166650616251        0                      4027
854 8081.9174005135419065       0                      4031
855 8081.9195738884573075       0                      4036
856 8082.8149450273986076       0                      4041
857 8081.9877965038394905       0                      4046
858 8082.7999611794048178       0                      4050
859 8084.0062407722452917       0                      4055
860 8083.9895338561200333       0                      4060
861 8099.5712845928410388     265.5217801333336638     4064
862 8107.8959061081777691     395.19495756162825728    4069
863 8081.9277797091081084       0                      4074
864 8097.2707995362661677       0                      4079
865 8082.7544190112985234       0                      4083
866 8082.7807430629345617       0                      4088
867 8082.9202199348583235       0                      4092
868 8082.9520794094642042       0                      4097
869 8083.6268148240151277       0                      4102
870 8098.4501028888635119     275.19353921553801001    4106
871 8108.2341902575690256     397.39921373728208209    4111
872 8081.9177296458919955       0                      4116
873 8081.9206495070911842       0                      4121
874 8096.3705615204999049       0                      4125
875 8081.9469992680951691       0                      4130
876 8082.7545906771110822       0                      4135
877 8100.2313712073646457       0                      4139
878 8100.6946022109850674       0.46903891483446369381 4144
879 8096.3291943146696212       0                      4149
880 8081.9233698682846807       0                      4154
881 8081.9228797850482806       0                      4159
882 8082.8053541324070466       0                      4163
883 8082.8252921501962192       0                      4168
884 8083.9978475939660711       0                      4172
885 8082.1757539620439275     334.50599230079291146    4177
886 8084.8545969758542924       0                      4182
887 8086.6454968109310357     125.91176585546320155    4187
888 8082.4924401733624109     358.00110906883207917    4191
889 8100.0897773370306822       0.00003621160392294175 4196
890 8100.100851384419002        0                      4201
891 8081.9892909278105435       0                      4206
892 8096.4503472246651654       0                      4210
893 8081.9480346852251387       0                      4215
894 8081.9202332678105449       0                      4220
895 8085.0572622274048626     610.33589633439260069    4225
896 8093.0188857013627057     294.10943745196067312    4230
897 8093.0595757871178648     330.75830490332106137    4234
898 8084.7885663831448255     588.61883764456115387    4239
899 8099.6735710588945949       0.00003804949501417959 4243
900 8100.5242146213786327       0                      4248
901 8082.511933468150346      360.89283630027142635    4253
902 8082.0621829142501156       0                      4258
903 8082.8029234429523058       0                      4263
904 8083.9945086721336338       0                      4267
905 8100.7809165170647248       0.44077437934718455281 4272
906 8100.0566884257941638       0                      4276
907 8088.2158067593654778      78.379871768591357295   4281
908 8081.9842304234816766       0                      4286
909 8082.0115347993505566       0                      4291
910 8081.9154192493788287       0                      4296
911 8088.3413736756783692     111.11675832724492352    4300
912 8082.1916465295298622     333.13453252565329876    4305
913 8098.3196350234502461     251.86030622081264596    4309
914 8114.7800706531452306     912.11625326109208345    4314
915 8082.4913993736354314     356.85085457201978443    4319
916 8097.1113935610410408       0                      4324
917 8089.1539430984248611     117.9449226126479715     4329
918 8098.4005224277616435     275.96440591185597668    4333
919 8108.2749431836118674     396.77400550370140309    4338
920 8081.9472534606657064       0                      4343
921 8082.9204963539750679       0                      4347
922 8099.1253635983403001     266.00372340880568345    4352
923 8082.4952145646175268     358.57644185340143395    4357
924 8082.9793412954550149       0                      4362
925 8082.9779568246594863       0                      4366
926 8081.9973873694189024       0                      4371
927 8082.7582111163219452       0                      4376
928 8084.8621035530377412       0                      4380
929 8084.8601774469489101       0                      4385
930 8082.9482133359351792       0                      4390
931 8088.3422985149509259     111.76627899307950997    4395
932 8099.7289556819496283       0                      4400
933 8101.8243802480383238       1.0206428336615340768  4404
934 8082.8244559536797169       0                      4409
935 8082.7558430909584786       0                      4414
936 8082.9234475227094663       0                      4418
937 8084.7128134629838314     311.37625537470285053    4423
938 8086.6428960883922628     125.89801050906157798    4428
939 8083.9935063049897508     323.83319529421925154    4433
940 8087.4696957661517445     133.88784385714109249    4438
941 8100.1351498164540317       0                      4442
942 8081.9169433636252506       0                      4447
943 8081.9511688818611219       0                      4452
944 8097.8106003915836482       0                      4456
945 8083.4622355585943296     327.70686047944315078    4461
946 8088.3114969337693765     111.95921709217090267    4466
947 8104.4953160625691453      98.985050283247744574   4471
948 8081.92830531655909         0                      4475
949 8082.7819944562434102       0                      4480
950 8082.5000498271392644     359.74007184604198528    4485
951 8086.6483658166198438     126.95975836857290631    4490
952 8109.0822695828528595     435.28061011548186343    4494
953 8096.8796111555548123       0                      4499
954 8082.7816010570177241       0                      4504
955 8082.1720281186817374     333.95146206974601455    4509
956 8088.337385925048693      110.93704221121650733    4513
957 8089.1902356636692275     118.43873890066306842    4518
958 8098.435381020175555      276.00244033204546668    4523
959 8108.3197296296548302     396.97282639746219957    4528
960 8082.4910330404236447     357.111414235870825      4532
961 8082.808868147186331        0                      4537
962 8084.0278672559443294       0                      4542
963 8100.0109187997932167       0.00016091331591465194 4546
964 8081.9973591352663789       0                      4552
965 8096.4233039502369138       0                      4557
966 8082.8066464870735217       0                      4561
967 8084.012155256396909        0                      4566
968 8097.4811969957718247     253.62176623280495846    4570
969 8114.8607212263677866     857.63844017523206276    4575
970 8081.9854102088984291       0                      4589
971 8083.4257913668698166     323.56967276781369947    4597
972 8089.1487952523557396     117.26509587270976454    4603
973 8106.4575952295399475     122.50783279396219427    4608
974 8084.9725340727727598     417.08400592106505655    4613
975 8096.7987518113241094       0                      4617
976 8097.5720423916945947       0                      4622
977 8106.5356631148961242     120.77727448702805191    4626
978 8081.9234840269755296       0                      4631
979 8082.9225979244556584       0                      4635
980 8081.9878050007564525       0                      4639
981 8083.9846269386725908       0                      4644
982 8085.1935468103820313       0                      4648
983 8100.0544965234894335     245.8937410389067395     4652
984 8108.6829249108668591     356.77382663089946391    4657
985 8082.4911685311817564     357.42591302990200575    4661
986 8081.9327049675384842       0                      4665
987 8097.7304983528183584       0                      4670
988 8082.7947684032624238       0                      4674
989 8082.7573344911561435       0                      4678
990 8082.7587413767359976       0                      4682
991 8082.7852170773676335       0                      4686
992 8096.6262094395306121     309.05268326425425585    4691
993 8110.2111755167607043     481.3018984057271723     4695
994 8082.9494417432606497       0                      4699
995 8081.9858504820776943       0                      4703
996 8082.0135473932532477       0                      4707
997 8085.2115404662736182       0                      4711
998 8085.1869268761402054       0                      4715
999 8098.1645296296983361     253.82508335303609215    4719
1000 8114.1362427239055251     854.47444655379865708    4723
