1 8455.5413120701778098     1118.0210845645965492     4
2 8404.8709634874630865     612.41806971660923864    8
3 8629.134785372449187      1518.0825434776261318     13
4 8496.2376184971471957     899.97225303324159995    17
5 8404.9547191195924825     799.26354100390597068    21
6 8393.49192543873869       230.02116395676503657    25
7 8398.1048612654849421     1514.7803399600593366     30
8 8405.1744119381928613     1135.6779183290220772     34
9 8402.0550812157252949     1113.2080625292646801     38
10 8402.8458332970076299     886.6636202551912902     42
11 8375.8386935190173972     6911.0707167350774398     47
12 8654.6815724223979487     48772.892759696762369      51
13 8449.3528109282051446     815.42982570634012518    55
14 8476.6390172508836258     843.02648834370427267    60
15 8548.0506546002325194     1520.4057237374297529     64
16 8375.9523191744956421     5133.9011115748780867     68
17 8449.2403546116511279     1287.918429927936586      73
18 8463.231934971670853      1254.0876289060875024     77
19 8393.5342350501541659     1521.2617123486843411     81
20 8437.9275261781021982     1113.4598392099624107     86
21 8405.7200256789292325     545.02724677813137077    91
22 8448.9332631803445111     495.48627433481311755    95
23 8466.8197472741667298     1163.6448105356384985     99
24 8424.4841925059463392     435.80601273596772671    104
25 8464.6980909305239038     2245.7039295928202591     108
26 8416.3439872419094172     134.27620902090023947    113
27 8372.9118579195237544     1649.6672882296052194     117
28 8438.6005105457679747     198.60638554422126845    122
29 8427.2902803688339191     1777.9921596332017089     126
30 8427.0994621768677462     254.36540275342477457    131
31 8443.1310702634364134     376.78423714344273776    135
32 8432.6426628551216709     148.04127202563350352    140
33 8452.095248387873653      713.13220776665639278    144
34 8408.4941041138736182     411.50632138450362163    149
35 8440.0957712842064211      91.895653149513307767   153
36 8425.910845721973601      156.46869049938084117    158
37 8406.6200785335895489     978.92490341919506136    162
38 8441.1026013501686975     285.44269277983397615    167
39 8447.543393816704338      463.31116613002694749    172
40 8434.7484390224872186     116.93004740716872902    176
41 8428.5263866624009097     184.93059375884382689    181
42 8445.9011115475987026     1074.9048763654275263     185
43 8458.3230489753805159     824.30077240723107934    190
44 8499.8071738198850653      32.072195714860377791   194
45 8406.5470121238940919      98.212718615445226078   199
46 8419.1021891769996728     611.53942736229271304    204
47 8429.0739817196335935     141.70856306811379       208
48 8774.5807269319084298     3301.6405412659369176     213
49 8425.1646282828423864       9.6117683441002306211  218
50 8403.9833123492608138     10650.425222522299009      222
51 8356.464587007449154        1.6305658027970428847  227
52 8315.786915188698913      2896.7415747949194156     231
53 8272.4495773208382161     574.68801046383021003    236
54 8270.6390910337559035     344.88926103842169368    241
55 8463.7263241241489595     139.50399418441264743    245
56 8445.774135352083249       40.533049596111354163   250
57 8449.476555652467141       70.424623509482714212   254
58 8423.619164331268621      105.36323557496756109    259
59 8465.6851663618035673     112.060590196345089      263
60 8355.8350177471547795       0                      268
61 8512.3290998668217071     195.35583646452383277    272
62 8536.6907931161022134       0                      277
63 8537.5197912524636195       0                      282
64 8627.4535748688613239       0.52338704208107478255 286
65 8561.6035028589158173       0                      291
66 8426.8628995953931735      72.430881213541084662   295
67 8296.6049997709633317       0                      300
68 9571.0958265232457052     733.15664633764811242    304
69 9702.357881329528027      257.61983552010144649    309
70 8857.1897590877124458     2075.2380835048907102     314
71 8249.6384745074283273       1.799158556113472418   318
72 8253.9303525598515989     455.1252394475041001     323
73 8568.1640539455311227     219.67581322622734774    327
74 8422.9452291582711041      91.797598185916996272   332
75 8473.0710548329370795     1735.5303149544834014     336
76 8265.9334071341963863     1423.7872024481953304     341
77 8295.5263163519484806     231.00152261386023156    345
78 8396.911414955602595      2369.7701459052400423     350
79 9740.6346859490186034     630.37035571736487327    354
80 8417.3361070074242889     4285.8636228026562094     359
81 8893.3783905465897988     2735.8784851235841415     363
82 8329.9020314103872806     2275.6229375379025441     368
83 8371.6950532825394475     7300.7863344058951043     372
84 9311.0475766510498943     851.81351872573270612    377
85 8294.908239071850403      210.69138177652121158    381
86 8301.5824643168871262     1406.0857865836701421     386
87 8303.1419541057039169     1464.3116598459127999     391
88 8353.9175901420403534     874.25861917654674471    395
89 8595.0927967720144807     248.49279814423115909    400
90 8431.7070908732730459      87.249054710111252575   405
91 8355.8249012662417954       0                      409
92 8302.3758120523780235     1213.0751192739571707     414
93 8454.4691307358443737     603.3437245184677522     418
94 8483.2191325146541203     120.61444818177034222    423
95 8244.6811036510698614       1.1452958170566576168  427
96 8523.625316311212373       86.082177426678256893   432
97 8295.1785678940777871       0                      436
98 8305.7108133350448043      20.156154340554433446   441
99 8296.8333304139414395       0                      446
100 8435.1930252109323192      12.745285195596478545   450
101 8434.8166323950772494      18.097381806152860406   455
102 8358.6121409497482091     158.07180655836236838    459
103 8425.1718021855012921      61.219673351686076046   464
104 8239.3060244126390899       0                      468
105 8251.7043596852854535     534.77685070090842601    473
106 8420.9767231758487469      16.351108168024655498   478
107 8623.2213526762916445     4492.0889260481053498     482
108 8254.4358089964043756     175.42077850681044993    487
109 8349.4222075989146106      96.84542353237276302    491
110 8469.8190310866266373      41.715465495758657255   496
111 8328.0804736591780966     152.29942809032294804    500
112 8289.5103588242345722     494.37441706667306107    505
113 8269.1651616802264471     189.12920462667852917    509
114 8245.3526162789603404     1177.6931011089025105     514
115 8369.5164644246506214      93.40923505368334645    518
116 8259.1917246242992405     2524.5310189958991032     523
117 8262.8097309686891094     1270.2220271733303889     527
118 8676.0663281775123323     1419.8776251905148911     532
119 8782.5040744345333223     2396.3732225764347277     536
120 8199.7694566538793879     1152.8374587423311368     541
121 8323.8440356793635146      28.379801683856378247   546
122 8467.3383097652385914      10.496253778098203924   551
123 8229.1120249630457693     134.24409370149808751    555
124 8374.1963880872863228      81.556953385808725443   559
125 8249.945542501140153        0                      564
126 8208.8010556823537627       0                      568
127 8170.3318815446655208       6.1816761444150429838  573
128 8249.0946256947572692      17.244053492503208957   578
129 8517.4934053454544483       0                      582
130 8207.0739584497696342     195.84766795526317651    587
131 8393.7128877260329318      72.484666571465538709   592
132 8253.230182842724389        0                      596
133 8163.143757075038593        0                      601
134 8125.0528829948489147     120.64943548393262063    605
135 8258.3962012343981769       0                      610
136 8581.6227307766621379      43.317179674921263199   615
137 8484.0426836435035511      80.827482214319914533   619
138 8194.7639025063563167     215.59153406803466169    624
139 8189.5946219173492864       0                      628
140 8147.4043305531267833     1297.7625963823086295     633
141 8162.9809458789768541       0                      637
142 8162.5023280816949409       0                      642
143 8161.1549064286300563       0                      646
144 8487.365750943097737        0                      651
145 8344.418093632113596        0                      656
146 8165.1824077704714        157.56515268277220798    661
147 8308.3033333511230012     127.54437460542732197    666
148 8129.7195953159443889       0                      670
149 8123.6230852328662877       7.0023443087272125851  675
150 8181.1922041215711943     365.51088987661006513    680
151 8133.5121729539969238     131.71208297863543635    685
152 8128.7258197944211133       0                      690
153 8137.6904615002331411     286.48814294297403649    695
154 8157.0144727545266505       0                      700
155 8391.7315610929890681       0                      705
156 8133.8955133683994063     112.11573558646145443    710
157 8334.820373301694417       93.291480742923482694   714
158 8130.6648037931536237       0                      719
159 8153.3528376312806358       0                      724
160 8156.530359621732714        0.07796342909230384588 729
161 8610.7496670235796046     1276.3835414084933291     733
162 8295.5833916973697342       0                      739
163 9384.3606276461323432     329.0708291823655145     744
164 8129.2248984435882448     128.34275928358673013    748
165 8206.2636618346477917      34.236961610093189279   754
166 8225.2193358312888449       0                      759
167 8134.6044287317945418     2376.7228693020438186     764
168 8182.1945004207755119      33.59415540750293161    769
169 8231.8964667155723873     1841.2229256046484807     774
170 8138.2187435501837172       0                      778
171 8405.4048432047638926       0                      783
172 8138.163612249900325       57.125881945221671288   788
173 8194.3000358156114089     446.75014038495186242    793
174 8553.3578755131893558      49.033603745801450202   798
175 8169.7488276181675246      11.841503457919827724   804
176 8147.9405173293707776       0                      809
177 8095.5783735914037607       0                      814
178 8535.4382657728856429      78.782869715812623213   819
179 8157.6416779679475439       0                      825
180 8290.0414446696504456       0                      830
181 8127.3748122200750004      66.98822079580348543    835
182 8269.8311188334100734      82.160818442463423139   840
183 8090.6214868541901524     400.72333483059446735    845
184 8096.9538155885975357       0                      850
185 8136.5004086794488103      17.187584819210297127   855
186 8095.0736209130909629     163.21710352121098708    860
187 8099.7140576371639327       0.81829732365891372226 864
188 8158.6603750148615291     206.45698081864446749    869
189 8097.9319045352067405       0                      874
190 8096.3086400291958853       0                      879
191 8173.2963224274990353       7.304588713860467486   884
192 8661.6731276854116004     915.85761952732002555    889
193 8206.8668185690166865       0                      894
194 8196.5951894151876331       0                      900
195 8090.5612823215788012       0                      905
196 8143.6109814174023995     804.3211559151518486     910
197 8128.7253840200719424       0                      915
198 8092.7340550033186446       0                      920
199 8112.5063164686016535     112.08735173600189228    925
200 8214.1216020962183393     181.16618341934503178    930
201 8092.3243375109168483       0                      935
202 8136.8839605355560707     212.60767108581782736    940
203 8110.8832198384407093       0                      945
204 8117.4585555063449647     1216.1435377990731013     950
205 8126.3262422057014192       0                      955
206 8099.3440813909028293      20.685172673442334457   960
207 8154.8557527624388968     1300.0520635639916236     965
208 8145.023525483998128      1249.0622205027048039     970
209 8224.6188137190110865       0                      975
210 8210.1535745617875364     813.98474544197051728    980
211 8128.2507959217082316     883.97758924863637731    985
212 8100.4725798771260088     766.5358538870348184     990
213 8250.9526230998508254       0                      995
214 8252.7228358307493181       0                      1000
215 8118.0202325154486971     188.09480694198865081    1005
216 8223.5846868978878774     114.589367851715906      1010
217 8089.3940562036050324       0                      1015
218 8129.8957021940386767      24.250546680032989855   1020
219 8165.0735723177785985       0                      1025
220 8093.9281765751993589       0                      1030
221 8104.1640022976125692     180.43910721156345289    1035
222 8232.5567466266656993     152.46033691602164595    1040
223 8089.8512846882986196       0                      1045
224 8090.3872357228565306       0                      1050
225 8104.618344464744041        0                      1055
226 8108.9052923424451365       0                      1060
227 8108.5916393431916731     254.64414644915518693    1065
228 8098.8426863215399862     213.16785223360290047    1070
229 8127.217847555395565      1336.659850160196811      1075
230 8141.0142431099993701     1557.329406532122448      1080
231 8147.9296984015491034     240.52257285703291245    1085
232 8180.8606474035204883     626.56457051382551526    1090
233 8108.6767565187283253     1486.7608671429281912     1095
234 8116.8854194951281897      46.189076549819255035   1100
235 8158.4824480015386143       0                      1105
236 8109.7534437580579834       0                      1110
237 8109.8258817698952043       0                      1115
238 8144.1487033981020431     264.26672658723867926    1121
239 8095.5833724918174994       0                      1126
240 8091.905651937856419        0                      1131
241 8102.6170583320099468       0                      1136
242 8090.715476265984762        0                      1141
243 8104.5874628134015438     969.89688693926575525    1146
244 8095.1832002084320266     286.73675497390797773    1151
245 8104.5504145350878389     280.1161499899050682     1156
246 8120.4654846653775166     798.06297409732974302    1161
247 8100.4535619705984573     208.89116455854977517    1166
248 8131.1477585105203616      30.342769430707129175   1171
249 8246.9940676908918249     1475.2706868439847767     1176
250 8108.5799253320774369     560.41138015959984386    1181
251 8094.0641069500279627       0                      1186
252 8093.1856384130041988       0                      1191
253 8099.7657290522765834     349.65781947456991929    1196
254 8090.2462282462938674       0                      1201
255 8089.8589382808650043       0                      1206
256 8088.8881962729929          0                      1211
257 8091.4159863827862864       0                      1216
258 8087.3601658289253464       0                      1221
259 8101.0639206810355972     508.64207865285248999    1226
260 8091.1295819090200894       0                      1231
261 8086.9980853370598197       0                      1236
262 8112.3609402717220291      48.234963876329707944   1241
263 8090.4547982060412323       0                      1246
264 8142.5860977031206858       0                      1251
265 8140.6464859088409867       0                      1256
266 8227.498949450075088      151.42103330653168314    1261
267 8210.1233070376401884     125.08490240250327474    1266
268 8111.4649840837410011       0                      1271
269 8123.3095315889459016       0                      1276
270 8095.265385997852718        0                      1281
271 8086.3339272110461025       0                      1286
272 8186.8665312359680684       0                      1291
273 8187.2499565580474155       0                      1296
274 8087.8403195568944284       0                      1301
275 8089.3588616807146536       0                      1306
276 8226.8980063212638925     144.03082906986273315    1311
277 8211.5125225472766033     123.95669534045798343    1316
278 8124.4504770102030307       0                      1321
279 8092.6992305676212709     336.67815305729192232    1326
280 8088.360332703388849        0                      1331
281 8110.9319434249864571       0                      1336
282 8121.911974519614887      1347.9986503170807737     1340
283 8107.2437894918693928       0                      1345
284 8098.8045800956570019     182.98430416635272877    1350
285 8212.2887343707461696     1628.2465182580126566     1355
286 8117.6483610117757053     1242.6884485874811617     1360
287 8198.3896892528719036      93.479625671236547646   1365
288 8205.6649228711521573       0                      1371
289 8170.5430935920712727       0                      1376
290 8088.4868304583778809       0                      1381
291 8088.0976640994567788       0                      1386
292 8128.6722625828570017     172.21361473219300819    1391
293 8095.2413920709796002       0                      1396
294 8086.7329565580876078       0                      1401
295 8086.105639227795109        0                      1406
296 8085.5580179520602542       0                      1411
297 8085.8085261290552808       0                      1415
298 8085.0421804981478999       0                      1421
299 8097.0112230812801499       1.5528204653161281623  1426
300 8090.3875333812948156       0                      1431
301 8126.3103359499818907       0                      1436
302 8126.0852802899771632       0                      1441
303 8128.3067528464789575     218.21770334810383929    1446
304 8096.9190038489750805       1.5188559343550547265  1451
305 8087.259181491777781        0                      1456
306 8085.0955276127651814       0                      1461
307 8086.8448478967711708       0                      1466
308 8089.6599388115164402       0                      1471
309 8089.2390595028227835       0.1467748622197813102  1476
310 8110.2207051125342332       0                      1481
311 8131.8752499839711163       0                      1486
312 8086.7836570763138297     361.84814521950983135    1490
313 8164.9326329714313033     745.21503712739763614    1495
314 8173.6274146328560164     283.16469994569200708    1500
315 8292.349948474779012       41.830415524191188581   1505
316 8098.052022198558916        1.8484735765225699389  1510
317 8172.3474153018869401      19.714757639971100645   1516
318 8098.4515193133565845       0.20387201053539297235 1521
319 8124.188120556677859      201.66516339571094818    1526
320 8093.9555092245846026       0.07735489141642537536 1531
321 8144.6257863869377616       0.23384170604328974319 1535
322 8085.9694359719642307       0                      1541
323 8085.2747281546535305       0                      1546
324 8085.5700781979212479       0                      1551
325 8123.619121878245096      250.88857728457540475    1556
326 8097.6054060468750322       1.7884010730242656528  1561
327 8085.9327430113307855       0                      1566
328 8085.4832399626029655       0                      1571
329 8086.7446197097888216       0                      1575
330 8110.8841883524100922       0                      1581
331 8135.3472933723796814      22.265197360990352848   1586
332 8088.3062072225675365       0                      1591
333 8087.9971836953054662       0                      1596
334 8086.7104229769993253     364.41496651575658916    1601
335 8127.5203003996248299       2.4605196805161249074  1606
336 8149.1175507940442913       0.0882444637808575405  1610
337 8084.5204831679757262       0                      1616
338 8090.2817280232502526       0                      1621
339 8086.6788234867008214       0                      1626
340 8091.2243426623845153      15.074207523445391388   1631
341 8085.5440939926083956       0                      1636
342 8087.8837517384909006       0                      1641
343 8116.2775156820644042     293.39244261719881024    1646
344 8092.6127522721899368       0.36130161661876114554 1651
345 8089.2123491505635684       0                      1655
346 8084.4635231298461804       0                      1660
347 8084.301732435287704        0                      1665
348 8085.5326439909149485       0                      1671
349 8090.0919261908038607       0                      1676
350 8100.5971152710217211       0                      1681
351 8115.7639187870663591     266.55199114444531006    1685
352 8092.8934146507472178       0.43579347132314155688 1690
353 8089.3079543728872522     123.1297660020390623     1695
354 8085.2091081786393261       0                      1700
355 8085.676822313123921        0                      1705
356 8110.8612178788480378       0                      1711
357 8117.5152169671600859       0                      1715
358 8109.4228719673064916       0.46249973344508188422 1720
359 8084.705614255411092        0                      1725
360 8121.5080079136268978       0                      1730
361 8092.2724778588726622       0                      1735
362 8109.4489473934909256       2.4704712923563292293  1740
363 8085.8308826704123931       0                      1745
364 8084.7612213141346729       0                      1751
365 8084.8297867054789094       0                      1756
366 8088.2792241840834322       0                      1761
367 8088.1026467537394637       0                      1765
368 8113.2931866341596105     220.97829057924326435    1770
369 8094.144173508953827        0.03111343844548737289 1776
370 8084.8781227770823534       0                      1781
371 8086.2614267416274743       0                      1786
372 8086.1521609349974824       0                      1791
373 8086.6059265626272463       0                      1796
374 8087.1150205510020896       0                      1801
375 8085.5485866482240453       0                      1806
376 8085.9439305013729609     338.84446892234154802    1811
377 8087.6685598200147069       0                      1816
378 8089.1848380002265912       0                      1821
379 8101.7858487063367647       0.90857011364639450601 1826
380 8084.4568689879970407       0                      1831
381 8137.913433114925283        1.0201110761885274769  1835
382 8083.4287897402919043       0                      1841
383 8090.9180486562254373       1.5311906827667662867  1846
384 8148.8220817380879453       0.24911524599676321268 1851
385 8082.7550015280039588       0                      1856
386 8083.3675909742842123       0                      1861
387 8083.496117988426704        0                      1867
388 8083.4998062354125068       0                      1872
389 8096.6028900741730467       0                      1877
390 8122.0327543234898258     266.52319148860425457    1882
391 8089.1782038689889305       0.04720754918127126332 1887
392 8090.2035184320566259       0                      1892
393 8096.1830487647393966       0                      1897
394 8082.7832353990925185       0                      1902
395 8083.4394997700073873       0                      1907
396 8084.3956368891440434     349.46104824346576834    1912
397 8083.1624757269846668       0                      1917
398 8083.4614495476853335       0                      1922
399 8091.5415592802810352       0                      1927
400 8117.1333241343645568       0                      1932
401 8095.5773941496363477       0                      1937
402 8087.7278886934072943     123.7500173289400891     1942
403 8082.9596035211143317       0                      1948
404 8082.9152192034307518       0                      1953
405 8086.5120425068953409       0                      1958
406 8091.8773713531591056       0                      1963
407 8116.1241666585547136     224.97486695432695569    1968
408 8093.0495745533271474       0.01912339932362224632 1973
409 8145.6813236628295272       0                      1978
410 8086.3966998594532924       0                      1983
411 8086.4513562106294557       0                      1988
412 8089.6662245504976454       0                      1993
413 8092.5524027089059018       0                      1998
414 8117.4284353193806965     288.53668534131395518    2003
415 8089.8297287684799812       0.14720107054442069239 2008
416 8083.5580047559787999       0                      2013
417 8112.902491393994751        0.45838192010176315172 2018
418 8082.7618445791467821       0                      2023
419 8086.1205098030650333       0                      2028
420 8091.1962469598965981       0.40800293197806042356 2033
421 8082.8393229752728075       0                      2038
422 8086.8697544013393781     266.93587351370860006    2043
423 8084.6100443599234495     341.79061532426152326    2048
424 8099.1468069490356356     137.98590160609268196    2053
425 8097.3187248690355773     451.28945582119251867    2058
426 8087.4569892765775876     120.67656811711387377    2063
427 8145.0798541195290454       0                      2068
428 8094.1339765849043033       0                      2073
429 8083.4422665736283307       0                      2078
430 8083.3276786737560542       0                      2085
431 8117.4719356241694186     221.37278472762488946    2090
432 8092.8769031121937587       0.00863339251170937641 2095
433 8145.4954639538455012       0                      2100
434 8088.8683728234200316       0                      2105
435 8083.7782736634744651       0                      2110
436 8087.1548046031584818       0                      2115
437 8082.7294766366057956       0                      2120
438 8092.8988246562739732       0.14349775454782415229 2125
439 8146.2833675313868298       0                      2130
440 8082.7534220752422698       0                      2135
441 8084.2893472853320418       0                      2140
442 8087.3652120522656332       0                      2145
443 8203.168797318918223       91.104595477517477775   2150
444 8183.9923512646000745     167.31681199351913847    2155
445 8082.7177287878512288       0                      2160
446 8082.7647327439890432       0                      2165
447 8083.6058997726495363       0                      2171
448 8083.5868719043601232       0                      2176
449 8086.8178379793707791       0                      2181
450 8089.0177013459642694       0                      2186
451 8134.5493215301330565     258.30842086517509415    2191
452 8218.458916816067358      141.16868395425311178    2195
453 8108.9898349757640972       0                      2201
454 8133.8311386535824568       0                      2205
455 8082.8604829819068982       0                      2210
456 8083.680118289413258        0                      2215
457 8094.3406664906678998       1.0478802793625943135  2220
458 8083.5435475365875391       0                      2225
459 8086.0991187916806666       0                      2230
460 8092.084916352545406      144.43811044430810853    2235
461 8089.3281620890784325     125.56597756649460962    2240
462 8114.302737702464583        8.9547715960521756529  2245
463 8140.8033861453959616      11.858914722153816257   2250
464 8144.880984319853269        0                      2255
465 8084.8344358710683082       0                      2261
466 8086.3347402177078038       0                      2266
467 8114.0547020451786011     230.97727294602870529    2271
468 8093.1722405042592072       0.02838935315786928967 2276
469 8088.2318035025582503       0                      2280
470 8082.8959489754697643       0                      2285
471 8084.7332210281729203       0                      2290
472 8083.2870803477162553       0                      2295
473 8083.449394565483999        0                      2300
474 8085.2533688367584546       0                      2305
475 8084.6030605785617809     376.26925662343791146    2310
476 8085.7996470001044145       0                      2315
477 8096.6381217819825906       1.4047102487763176715  2320
478 8103.2704226055911931       0                      2327
479 8087.4651121580473045       0                      2332
480 8083.0344396516620691       0                      2337
481 8083.204649387696918        0                      2342
482 8095.765209433491691        0                      2347
483 8100.6980123086477761       0                      2352
484 8108.8549968428951615     334.85320615147810486    2357
485 8088.3426816899182086       0                      2362
486 8082.507466811721315        0                      2367
487 8082.9039989849006815       0                      2371
488 8083.9688918907386324       0                      2377
489 8086.9500874488985573       0                      2382
490 8086.9547752485332239       0                      2387
491 8085.8262006977629426       0                      2392
492 8111.4967444243675345     260.47512582694128014    2397
493 8093.4776618010073435       0.0624172997657398837  2402
494 8082.6571129851727164       0                      2407
495 8083.405675639058245        0                      2412
496 8083.4218628832641116       0                      2417
497 8082.4284841718363168       0                      2422
498 8095.1277354833046047     365.1823198222051019     2427
499 8083.5509988976900786       0                      2432
500 8083.0606409274405451       0                      2437
501 8088.0922719665286422       0                      2442
502 8112.3246577203444758     261.23588321073583529    2447
503 8093.2980942093272461       0.07362638246132553743 2452
504 8084.6875048294778026       0                      2457
505 8085.6732687223357061       0                      2462
506 8082.835622113953832        0                      2467
507 8083.3149928915099736       0                      2472
508 8083.6592631379517115       0                      2476
509 8082.299874140610882        0                      2481
510 8082.7295139653906517       0                      2486
511 8084.4951768663358962       0                      2492
512 8085.4704763492454731       0                      2496
513 8100.3698377121017984       0                      2501
514 8111.6933078836027562     264.2518620000561782     2506
515 8093.2892209261854077       0.0775891541287003772  2511
516 8088.5772441241688284       0                      2516
517 8083.0389816085316852       0                      2521
518 8090.1884323740441687     118.50935736842804147    2526
519 8084.4180870376012535       0                      2531
520 8082.4233769443062556       0                      2536
521 8083.5478159228987352       0                      2541
522 8084.3071525448431203       0                      2546
523 8084.9821026239851562       0                      2551
524 8096.9816735617914674       0                      2556
525 8099.7933826511607549      21.36388169513343982    2561
526 8087.1667458530582735     401.65657523782283533    2566
527 8081.9515062515438331       0                      2572
528 8084.6680164275067          0                      2577
529 8082.1946850661588542       0                      2582
530 8084.3529058354006338       0                      2587
531 8084.1434886111110245       0                      2592
532 8117.2515222431829898     272.05110006209775975    2597
533 8092.5213406103248417       0.02743813463659862742 2602
534 8081.9503289105841759       0                      2607
535 8081.9605731789006313       0                      2612
536 8145.6288905670044187       0                      2617
537 8087.098702217551363        0                      2623
538 8084.6052671515508337       0                      2628
539 8084.6332966834706895       0                      2633
540 8088.3234911984172868       0                      2638
541 8126.5777011878944904     245.58490049937648791    2643
542 8088.2955396124016261       0                      2648
543 8081.9510956080794131       0                      2653
544 8083.0612361894063724       0                      2657
545 8082.8160175254433852       0                      2662
546 8088.5988851953552512       0                      2667
547 8089.5776044208805615       0                      2672
548 8082.2666511615225318     334.63717359797186646    2677
549 8083.0654322454793146       0                      2682
550 8084.084756832324274        0                      2687
551 8122.0217671690261341      66.033153299434658834   2692
552 8085.6156093906083697     300.14490444830420302    2697
553 8081.9966963442511769       0                      2703
554 8082.1395495389588177       0                      2708
555 8082.0477228081272187       0                      2713
556 8083.3170843667503505       0                      2718
557 8087.3456714121712139       0                      2723
558 8087.3965196807921529       0                      2728
559 8115.7844328406563363     257.40671684401422681    2733
560 8090.5253506420922349       0.00653923184195599923 2738
561 8138.4385512943072172       0                      2743
562 8083.2484490313909191       0                      2748
563 8082.0388446546066916       0                      2753
564 8083.3579962936828451       0                      2758
565 8083.2326472725380881       0                      2763
566 8124.5513525173464586     235.49998773115945028    2768
567 8089.7852839527822653       0                      2773
568 8082.2345566481290007       0                      2778
569 8082.7921955884976342       0                      2783
570 8081.9590399823109692       0                      2788
571 8089.2830300738150981       0                      2793
572 8082.2198156001923053     333.24756908413542078    2798
573 8084.1700114005798241       0                      2803
574 8090.9143133943634894       0                      2808
575 8090.9246126929156162       0                      2813
576 8093.2285621569526484       0                      2818
577 8105.7072113305139283       1.4883039081461852948  2823
578 8095.3644081821648797      98.975329228298747353   2828
579 8138.1890446795323442       0                      2833
580 8081.982138554222729        0                      2838
581 8081.9857656977355873       0                      2843
582 8083.3487148862741378       0                      2848
583 8091.1461641032747139       0                      2853
584 8114.3430361307937346     233.57817890552874474    2858
585 8090.6422377718909047       0.00614146180048969446 2863
586 8082.0130220183573329       0                      2868
587 8082.2745094850424721       0                      2873
588 8082.065569479921578        0                      2878
589 8083.9683145176704784       0                      2883
590 8082.1035500516518368       0                      2888
591 8084.8766488797127749       0                      2893
592 8082.1720149598704666     332.2206760855604557     2897
593 8082.9570467045477926       0                      2902
594 8097.4469709809054621     105.63590373723160099    2907
595 8092.4911476284796663     430.74916933555584819    2912
596 8082.1065908992741242       0                      2918
597 8140.2420937387805679       0                      2922
598 8081.9264910296724338       0                      2928
599 8082.2644945981592173       0                      2933
600 8081.9212501278852869       0                      2938
601 8081.9224936411919771       0                      2943
602 8081.9790688405628316       0                      2948
603 8081.9188363476514496       0                      2953
604 8081.9285664630597239       0                      2958
605 8081.9460976469763409       0                      2963
606 8083.163909991066248        0                      2968
607 8083.4553259888707544       0                      2973
608 8083.2036577482995199       0                      2978
609 8116.2490635170152018     252.56174912945468236    2983
610 8090.4974511954033005       0.00308601201275025133 2988
611 8140.4472581485460978       0                      2993
612 8082.0671187652269509       0                      2998
613 8082.1302641364245574       0                      3003
614 8083.4782395559486758       0                      3008
615 8083.4994060277167591       0                      3013
616 8125.5603984471936201     230.39000449621764233    3018
617 8089.171486069833918        0                      3023
618 8083.1282071974164865       0                      3028
619 8084.183182101645798        0                      3033
620 8088.9140000804154624       0                      3038
621 8089.3166749009942578       0                      3043
622 8084.3622683017438248     283.90471974242637998    3048
623 8088.5870026594566298     105.35942106863265622    3053
624 8089.4162732414315542     136.97011651583980552    3058
625 8095.6251645745078349      85.148510977582176906   3063
626 8093.9176244871287054     417.66674997389691271    3068
627 8140.3077508536380265       0                      3073
628 8082.8848444875457062       0                      3078
629 8082.9011782050265538       0                      3083
630 8085.0206560871210968       0                      3088
631 8114.5153821859876189     232.12190764073500304    3093
632 8081.9595971806311354       0                      3098
633 8083.0469074448110405       0                      3103
634 8081.9704409531959755       0                      3108
635 8082.0049108753964902       0                      3113
636 8083.7055170351868583       0                      3118
637 8082.8376049897551638       0                      3123
638 8083.3256729656404787       0                      3128
639 8090.1449802272627494     129.65137706029830156    3133
640 8092.3407411153839348      90.902848042311973131   3138
641 8104.2060691609149217     619.83575129649670998    3143
642 8082.9055842432835561       0                      3148
643 8085.1257767452025291       0.0151486480018500156  3153
644 8082.386168136526976        0                      3158
645 8090.7746918154325613       0                      3163
646 8090.1892149830964627     267.69261110568913864    3168
647 8084.0771317483849998       0                      3173
648 8081.9886205922766749       0                      3178
649 8081.9299658910940707       0                      3183
650 8081.982432842801245        0                      3188
651 8082.1438587175234716       0                      3193
652 8083.0453063412505799       0                      3198
653 8083.0018836907674995       0                      3202
654 8082.1661774512422198     335.60816821120528175    3207
655 8082.9226544661005391       0                      3212
656 8096.1704505940078889     105.98634922345300424    3217
657 8100.2114467621422591     613.33623451977530294    3222
658 8088.3717956444179435     108.7352348415677028     3227
659 8095.8875699000318491       0                      3233
660 8083.7454472157924101       0                      3238
661 8084.3000171607400262     332.04821691287446583    3243
662 8082.0046925527258281       0                      3248
663 8081.9820015153272834       0                      3253
664 8081.9480636369316926       0                      3258
665 8081.9275682980023703       0                      3263
666 8082.0116996213600942       0                      3268
667 8081.9470804995553408       0                      3273
668 8086.1719960463033203       0.47376021968886805613 3278
669 8082.158163488666105      334.49763755722869973    3283
670 8084.9202372831205139       0                      3288
671 8093.9283270654423177       0                      3293
672 8089.5090090157573286       0.23377999907101373878 3298
673 8082.0951286545723633       0                      3303
674 8082.8268039124159259       0                      3308
675 8083.6991406350934994       0                      3313
676 8091.8710869080414341     417.52178461848802726    3318
677 8093.0644743945758819       0                      3323
678 8082.2008287210974231     332.33962982690741228    3328
679 8081.9333029662429908       0                      3333
680 8081.9151187665493126       0                      3338
681 8081.9419252602383494       0                      3342
682 8099.3239654769204208     117.64592498364194739    3348
683 8082.0398440916369509       0                      3353
684 8097.0615117284396547     459.96765851362704325    3358
685 8082.2062096484833091     331.50250565571104744    3362
686 8081.9210796729985304       0                      3368
687 8081.9447176600388048       0                      3373
688 8081.9938785629910853       0                      3378
689 8082.7973706409566148       0                      3383
690 8082.7705826958508624       0                      3387
691 8083.9775252335812183       0                      3392
692 8082.1758769633506745     330.58425357066994366    3397
693 8083.9785308673144755       0                      3402
694 8096.4623971987093682      85.173024530812327271   3407
695 8092.5952600464452189     416.41432601951373726    3412
696 8088.3516096383646072     113.07797647633653071    3417
697 8081.9193024226551643       0                      3423
698 8082.0197186622017398       0                      3428
699 8094.8466085764539457       0                      3433
700 8082.1644151373175191     331.72386931552119904    3438
701 8081.9329116275885099       0                      3443
702 8082.0016858128001331       0                      3448
703 8082.926184416119213        0                      3453
704 8081.9233698682837712       0                      3458
705 8081.9171255172268502       0                      3463
706 8081.9515196004840618       0                      3468
707 8082.8156230690810844       0                      3473
708 8083.9738707754668212       0                      3478
709 8082.1625053116522395     332.53839088270393631    3483
710 8090.4318728756497876       0.00227507405879466941 3488
711 8090.2396137450750757       0.00058181360983115523 3492
712 8089.7031157723349679       0                      3497
713 8084.3603446670949779       0                      3503
714 8087.8568375785598619       0                      3508
715 8082.1733947757156784     331.74507399858026702    3513
716 8081.9618893535289317       0                      3518
717 8082.1801963590396554       0                      3523
718 8081.9371667638679355       0                      3528
719 8082.232880563069557        0                      3533
720 8082.825527392150434        0                      3538
721 8082.1660826803517921     332.25535806025959573    3543
722 8083.9843793784175432       0                      3548
723 8082.9634152062089925       0                      3553
724 8090.9131241058348678       0                      3557
725 8091.3025779172157854       0                      3562
726 8082.2959797091170913       0                      3567
727 8082.1164979714476431       0                      3573
728 8089.6251198416757688       0.27564219524214172985 3578
729 8089.8888369468295423       0.32582538766842206179 3583
730 8081.9186758322175592       0                      3588
731 8081.9191705067687508       0                      3593
732 8081.9633097757850919       0                      3598
733 8082.0084541345086109       0                      3603
734 8082.0740379368735375       0                      3608
735 8082.1947898976004581     328.37576061405229666    3613
736 8082.7544190113067089       0                      3618
737 8082.8301404531493972       0                      3623
738 8091.6083585458582093     421.93062549948967899    3628
739 8096.3681048128246402     106.32257893511953739    3633
740 8084.0200436463737788       0                      3638
741 8082.2148027010098303       0                      3643
742 8092.9610591703049067       0                      3648
743 8082.1962881179606484     329.52051826461615747    3653
744 8081.9448112083282467       0                      3658
745 8082.9700105200381586       0                      3663
746 8081.919573888456398        0                      3668
747 8081.915516104035305        0                      3673
748 8081.9573759367376624       0                      3678
749 8081.9888256743861348       0                      3683
750 8082.1636453991786766     333.09223647733989537    3688
751 8082.7552682246505356       0                      3693
752 8089.5500482706711409       0                      3698
753 8090.9712333165562086       0.01908142932971322245 3703
754 8081.9509264955704566       0                      3708
755 8082.9562618850168292       0                      3713
756 8084.1523161080795035     291.16960703499245255    3718
757 8090.4062209470475864       0                      3723
758 8090.4569737601595989       0                      3728
759 8082.1880015946389904     330.07386336180076114    3733
760 8081.9275100331651629       0                      3738
761 8081.9171294087445858       0                      3743
762 8081.9174166122047609       0                      3748
763 8081.9175675008182225       0                      3753
764 8081.9480346852324146       0                      3758
765 8092.0394037524793021       0                      3763
766 8082.9199913934398865       0                      3768
767 8082.7535575608608269       0                      3773
768 8083.9884955984316548       0                      3778
769 8088.3138388602483246     111.14183705929168866    3783
770 8090.6386505044765727       0.42930119288205415007 3788
771 8081.9887097762302801       0                      3793
772 8081.9842304234716721       0                      3798
773 8097.7218409669922039      77.221588293367901201   3803
774 8081.9278156039745227       0                      3808
775 8081.9162248666279993       0                      3813
776 8081.9450563938380583       0                      3818
777 8082.9236086802193313       0                      3823
778 8092.593401071731023        0                      3828
779 8082.9225979244638438       0                      3833
780 8083.4551641365023897     299.01578193857471888    3838
781 8083.9899556892496548       0                      3843
782 8085.0931557340982181     342.27873641789528847    3848
783 8090.8096015882774736       0.51319840638929226095 3853
784 8081.9172324014280093       0                      3859
785 8081.9246942478057463       0                      3864
786 8092.1077999073922911       0                      3869
787 8092.0258555832078855       0                      3874
788 8081.9155207554531444       0                      3879
789 8081.9429209166828514       0                      3884
790 8082.7533523686151966       0                      3889
791 8082.8019485329887175       0                      3894
792 8082.9223788947847424       0                      3899
793 8083.62492096636106         0                      3904
794 8095.164964071106624      547.78307962696658251    3909
795 8097.8744620058341752      76.63607045104807014    3914
796 8091.4442460143118296       0                      3919
797 8082.1977638070729881     329.23958848046027015    3925
798 8081.9164449962099752       0                      3929
799 8081.9191948144507478       0                      3934
800 8081.9953417875658488       0                      3939
801 8081.9851735521679075       0                      3944
802 8083.9861339457593203       0                      3949
803 8085.2279375289426753       0                      3954
804 8091.6980023149608314     419.87387348094461004    3959
805 8096.3815337036276105      93.229898072569980627   3964
806 8081.9956714638619815       0                      3969
807 8082.7833314573344978       0                      3975
808 8081.9443231457807997       0                      3980
809 8093.089957260904157        0                      3984
810 8081.9163619098035269       0                      3990
811 8082.9191081758044675       0                      3994
812 8082.9190409795255619       0                      4000
813 8083.6263736010196226       0                      4004
814 8091.0987354873077493       0                      4009
815 8091.167926147637445        0                      4014
816 8081.9203794707837005       0                      4019
817 8081.9154192493651863       0                      4025
818 8081.9932133078846164       0                      4030
819 8090.8308968468672902       0.55886302364281248423 4035
820 8081.9206835495597261       0                      4040
821 8081.9194838771300056       0                      4045
822 8081.9907422604719613       0                      4050
823 8083.9933251506845409       0                      4055
824 8082.9234475227231087       0                      4060
825 8090.0983378889677624       0.00000169910651184117 4065
826 8089.6845993869765152       0                      4070
827 8081.9220174798101652       0                      4075
828 8090.1180247124611924       0.41032128496667408246 4080
829 8081.919250560978071        0                      4085
830 8081.9428681556437368       0                      4090
831 8082.1870122199479738     332.86383472362217617    4095
832 8082.780377877965293        0                      4100
833 8089.7622676602231877     139.57621135797131728    4105
834 8091.5177717025680977       0                      4109
835 8092.0208888403394667       0                      4114
836 8083.9804491150234753       0                      4119
837 8081.9188346712762723       0                      4125
838 8081.991707836941714        0                      4130
839 8091.9492160488898662       0                      4134
840 8082.7577255126752789       0                      4139
841 8082.7545114260919945       0                      4144
842 8081.9175917182537887       0                      4149
843 8081.9205344467882242       0                      4154
844 8082.7627423200174235       0                      4159
845 8089.1669349456587952     117.95772756411008686    4164
846 8083.4447066781922331     300.21201890621944131    4169
847 8097.5736337712451132      77.223346231707992615   4174
848 8091.5813172023199513       0                      4179
849 8081.9193173883704731       0                      4185
850 8082.9206324697279342       0                      4189
851 8082.9236464548612275       0                      4195
852 8090.3591699152611909     404.46360137585116945    4199
853 8095.6864381909927033     122.45271788306406791    4204
854 8083.9859596901669647       0                      4209
855 8084.018320867087823        0                      4215
856 8089.9587438048793047       0                      4219
857 8082.9205358412409623       0                      4224
858 8081.946999268109721        0                      4229
859 8082.9482133359324507       0                      4234
860 8091.5396627595300743     418.60815584459749061    4239
861 8095.3943258261124356      87.895310051110527638   4244
862 8083.9978475939733471       0                      4249
863 8081.9432299018026242       0                      4255
864 8092.398983004697584        0                      4260
865 8090.6629854524226175       0.48101563968963373386 4264
866 8083.9967020957801651       0                      4270
867 8082.0275305542845672       0                      4275
868 8092.0587902499019037       0                      4280
869 8091.9316254826135264       0                      4285
870 8081.9155516068603902       0                      4290
871 8082.1940438422097941     332.29760009095792839    4295
872 8082.7582631589375524       0                      4300
873 8083.6266678479396433       0                      4305
874 8089.7697639803118363     139.20096807925563098    4310
875 8092.3370565028735655     421.11567247960135774    4315
876 8095.4608919327456533      87.746334972263341001   4320
877 8081.9947353591051069       0                      4326
878 8089.9306191007517555       0.00000940418381831877 4331
879 8088.3137315308194957     110.31546624938309265    4336
880 8088.3236718480293348     111.97178318651222639    4341
881 8082.1900094420916503     331.16975411788473593    4345
882 8082.1698047463150942     333.3970770596634452     4350
883 8082.2000489404363179     333.9938096062755335     4355
884 8088.3500512881610121     111.62131165394919208    4360
885 8083.9916279143417341       0                      4366
886 8090.9616465717572282       0                      4371
887 8081.9429966318448351       0                      4376
888 8081.9847604919104924       0                      4381
889 8082.8066464870689742       0                      4386
890 8082.017206981234267        0                      4390
891 8084.854596975844288        0                      4395
892 8083.9971784219869733       0                      4400
893 8090.8166840856583804       0                      4405
894 8082.0018877256161431       0                      4411
895 8091.546486524899592        0                      4416
896 8090.7951974419120234       0.46946934729075701087 4421
897 8081.9846017484624099       0                      4427
898 8081.9945348779774577       0                      4432
899 8082.4911685311808469     357.42591302990200575    4437
900 8083.980252568438118      344.3021922485442019     4442
901 8091.7278598299462828       0                      4447
902 8090.6050993563731026       0.462120926980980673   4452
903 8092.1261813237551905     137.01832495083709773    4457
904 8092.1313908938655004     137.39814998625763565    4462
905 8083.9711242675784888     343.52247540147169502    4466
906 8086.6464135569767677     125.56764699567867183    4471
907 8081.9280880794440236       0                      4477
908 8082.8030234908374041       0                      4482
909 8084.8623771691200091       0                      4487
910 8088.3190959501444013     110.65097358313781228    4493
911 8092.1337129187822939     137.22791651817487946    4498
912 8083.4324980859419156     300.41437075748416419    4503
913 8083.9783152727914057     343.38869864967551848    4508
914 8088.3102320428342864     111.63388668983984076    4513
915 8095.1698164180352251     100.87576316157067424    4518
916 8090.3890006034744147     402.05356483261698486    4523
917 8082.4929041814511947     357.97956503492542879    4528
918 8081.9234840269691631       0                      4533
919 8092.2427837055365671       0                      4538
920 8081.9973591352600124       0                      4543
921 8084.0013524558926292       0                      4548
922 8083.9520095124580621     322.1201049501187299     4553
923 8085.0598022691874576     342.82839013029922626    4558
924 8089.9384640194994063       0                      4563
925 8090.2743575329404848       0.00389585501219322878 4568
926 8092.1419782434386434     137.43957099548723022    4573
927 8088.5763561028252298       0                      4578
928 8081.9171287847921121       0                      4584
929 8091.3122889131036573       0                      4589
930 8083.3584437521703876     347.51930247404675356    4594
931 8086.6461067866357553     126.43516629327585576    4598
932 8089.1544967543732128     117.61108264801966072    4603
933 8091.3031436240262337     417.94232526353653157    4608
934 8097.0460356142102682     112.88473609996574964    4613
935 8090.8584619611074231       0                      4619
936 8082.1720281186780994     333.95146206974601455    4624
937 8088.3152882093845619     110.81799840984875516    4629
938 8088.3225361445511226     111.64644903179197399    4634
939 8082.1901625482769305     332.58070078198488773    4639
940 8084.0122559473429646     342.93135872409175136    4644
941 8091.469465049084647        0.14200957336606703785 4649
942 8092.5345692242444784       0                      4654
943 8093.0844451232269421     171.62311674304572762    4659
944 8088.3225361445356612     111.64644903179595303    4664
945 8081.9184050267194834       0                      4670
946 8089.9028149315508927       0                      4675
947 8081.9164202459787703       0                      4680
948 8082.1594189824818386     333.07080908923359175    4685
949 8083.6315809060697575       0                      4690
950 8089.1598723677543603     118.63770848844372097    4695
951 8089.7572501809918322     139.37479840429335809    4700
952 8083.4426602762532639     301.29091029519651102    4705
953 8091.7488369554930614       0                      4710
954 8081.9193024226451598       0                      4715
955 8081.9443276142001196       0                      4720
956 8091.700582614034829        0                      4725
957 8082.8043723298596888       0                      4730
958 8082.838823083526222        0                      4735
959 8084.0259351310469356       0                      4740
960 8084.0009842928275248       0                      4745
961 8082.0180616830848521       0                      4750
962 8082.0031794547603567       0                      4755
963 8092.3465028409946171       0                      4760
964 8092.4945990646201608       0                      4765
965 8081.9904444413541569       0                      4770
966 8083.9945086721381813       0                      4775
967 8083.9929198818872464       0                      4780
968 8082.1666969831730967     334.48448687743047003    4785
969 8088.3114969337775619     111.95921709217090267    4790
970 8081.9929714388799766       0                      4795
971 8081.9341963301549185       0                      4801
972 8089.1807516724711604     117.91883851510948489    4806
973 8084.7898622027050806     345.81171368128985932    4811
974 8092.1592595925158093     137.42191071391408741    4815
975 8083.3832874274921778     346.99637349441530887    4820
976 8095.2223974258986345     101.34939448715951471    4825
977 8091.2833587926788823     391.53473920395094865    4830
978 8083.9929471824361826       0                      4835
979 8090.8475735328447627       0                      4841
980 8082.9263065260911389       0                      4846
981 8083.9926486939375536       0                      4851
982 8091.7773614191000888     369.16677634410865494    4856
983 8095.2062035341868977     102.12797863069914683    4861
984 8081.9997902212680856       0                      4866
985 8081.950947236610773        0                      4871
986 8090.15857023200806         0                      4876
987 8089.884770872568879        0                      4881
988 8081.987796503825848        0                      4886
989 8081.9997902212689951       0                      4891
990 8090.5439734989204226     404.442663135147086      4895
991 8096.242588181084102      128.91918353958078569    4900
992 8084.2190456469334094       0                      4905
993 8081.9307655444590637       0                      4910
994 8091.8383710988082385       0                      4915
995 8089.8828017142595854       0                      4920
996 8091.1792096475346625       0                      4924
997 8081.9238411754149638       0                      4930
998 8088.3191996286223002     111.81420999813627759    4935
999 8082.1689135861006434     334.23523899048120711    4939
1000 8081.9292845302197748       0                      4944
