1 11647.017144726734841      11737.338907815266793      4
2 12238.440738785908252      8482.8829581927820982     8
3 11103.238575891455184      13643.200475739873582      12
4 11860.066600774667677      15633.832174563822264      16
5 11854.970947356530814      14716.561789335801222      20
6 11869.356191484617739      14738.589211122140114      25
7 11652.336097161994985      13107.845298318432469      29
8 12248.722023724254541      13459.183186216452668      34
9 11647.159553900888568      11704.727051650590511      38
10 11651.113460145399586      12539.085040175636095      42
11 11651.065111207602968      13447.44842036468981       46
12 12239.313199447844454      9818.6102928496638924     50
13 12026.388119330218615      7614.6505416638547104     54
14 11811.275549398620569      5557.5285585273086326     58
15 11823.095289742526802      5596.7411291005810199     63
16 12675.969914834240626      6743.1893580137993922     67
17 12018.226119236711384      6281.6258956213532656     71
18 11245.917474335810766      1745.4169646411760368     75
19 10785.529144188742066      4239.5478698397546395     79
20 10806.02555663649764       392.48221347809732151    84
21 10774.416205576639186      1409.8500456495892195     88
22 9968.6170527336507803     7560.3684109546429681     92
23 9970.235904783139631      10249.347691833945646      97
24 11054.961930801211565      316.73494849495108383    101
25 12520.003023028222742      416.3612503143310164     105
26 11980.172620276922316      201.46880432528658389    109
27 12191.476292116174591      5714.6969097255769157     113
28 12016.910747807072767      24703.878714427792147      118
29 11356.489410854561356      170.71131545732924906    122
30 9890.0893767645429762     16583.733681376495952      126
31 9619.9910758306978096     9287.9026016143252491     130
32 11359.913678947264998      896.01381969037299768    134
33 10771.255938867070654      1078.7826168639267053     139
34 11983.922071365517695      121.88845251579833473    143
35 11805.622007875148483      114.34789074725742353    147
36 11496.168217991729762      745.02393055919844755    153
37 11645.702266944257644      601.72544526864146519    158
38 12168.588407695933711       37.345074059966272273   162
39 11980.266844732313984      139.91647193350760858    166
40 11727.270330224911959      155.91127192662889911    170
41 11539.31596157516833       690.83896480672785856    174
42 11804.401258999201673      197.2437192441309719     178
43 10915.904332166059248      2350.8613317308718251     183
44 12168.597911652843322      202.1614603515363342     187
45 13293.663444927056844      2462.1690637290357699     191
46 10068.20986047444967       7242.9671531194717318     195
47 10066.177923484687199      6302.8334048551969317     199
48 11059.576137368505442      3781.9420282971004781     203
49 11531.374346926682847       60.052511657852598148   208
50 12177.360974991985131       42.580667354575801653   214
51 12207.969014517690084      11205.333481264413422      219
52 12167.856822943273073      110.32411072107670691    223
53 12376.811418046423569      1910.9625049824614962     227
54 11353.180543274273077       77.567942101275974665   231
55 11863.160056549386354      13287.704832862646072      235
56 12183.281260238616596      1975.063345678063115      240
57 12366.158815468495959      264.93327871390266637    244
58 11739.925452505043722      21342.075060001523525      248
59 11741.327248544397662      21361.726403606138774      252
60 12987.803584448063702      733.98927591627239053    256
61 11266.578213777025667      130.53996811094847885    261
62 11854.392654653071077       21.649832396479666841   265
63 11226.802989688027083        0.07244529390164801408 269
64 9770.5238942462765408     953.66997405814208832    273
65 9573.5152318899727106     22656.007687373959925      278
66 10553.909278155628272      23813.119589105848718      282
67 13150.078160255461626      1084.1571115847443707     286
68 11321.920451834910637      102.39735615016772385    290
69 10858.344730033775704      107.41327170125414625    295
70 11058.520150078453298        0                      299
71 10927.260685098757676        0                      303
72 9538.9631892638572026     24754.258746702245844      307
73 9032.3364596974224696     5509.7380595682916464     312
74 9024.1687601649355202     3798.1487312612525784     316
75 11820.256284081959166      1476.2118241911382484     320
76 12281.50268234802752        37.897925602766292741   324
77 11867.982788781038835        0                      329
78 11148.56212422446697       211.34406320555223147    333
79 10717.552764209218367      304.30799825160306682    338
80 10774.003789111488004      726.29386160222043145    342
81 10929.985868277779446       79.690334088388155465   346
82 10928.194259591371519      910.26865425672599486    350
83 11054.119893181496082      138.92448568802254272    355
84 11092.539282666069994      511.61831522849240628    359
85 11839.538479159760755      847.29368870812322712    363
86 11482.87361011964822       211.96309029336291019    369
87 12743.474723392444503      837.37439250267073021    373
88 9284.8628771054827666     126.89374506156789835    377
89 9571.9345891859120457     3535.6368697721100034     382
90 10009.655158490098984      2662.8637539822320832     386
91 12537.71351233299356       685.45849176978015294    391
92 11494.400329535978017       87.13618935146109834    396
93 11009.641711013162421        3.9867710260262430033  400
94 10859.256531277793329        4.1369090508259214189  404
95 11690.072238966304212      1624.1557687928720952     408
96 11263.377600165640615        3.8629012995084424098  413
97 10271.991888282394939       39.032390940915348665   417
98 11547.996992435964785        0                      421
99 10928.072458414490029      130.826952424260611      426
100 10690.333244232362631       25.347536248638522949   430
101 10937.701802589945146       13.292004933233213748   434
102 10918.566024231748088       12.074876587214937729   439
103 10338.805587956328964      2932.7943159543651745     443
104 10319.998587219188266      1800.7210490144366304     448
105 10285.05497367341377       794.2737091326131349     452
106 10280.641496654330695      197.06062532865578873    456
107 11434.871165149079388        0                      461
108 10895.012936381957843       35.360377610406089843   465
109 11212.925891107119241        0                      469
110 10924.952630083340409       12.060424119658220476   473
111 11017.158815870820035        0                      477
112 10822.487152393729048        5.5446733222046882261  482
113 11073.221969668180463        0                      486
114 10838.468730563270583      117.54668647210843346    490
115 10925.94211831708526         0                      494
116 10824.75497353677747         0.45844165593556801541 498
117 11481.571707324348608      1909.6503958081680139     502
118 10695.560574457251278      2400.7753895717892192     507
119 10697.749548263524048      3464.3500529166931301     511
120 11810.045203166555439        0                      515
121 11180.320859504154214        0                      519
122 10424.397951347054914        3.2857894377057568214  523
123 10422.876245595616638        6.135200423454887364   527
124 11598.570859158202438        0                      532
125 10840.732161478965281       16.515883279236231118   536
126 11006.048838758895727        0                      540
127 10909.398449203343262        0.28178791927349550184 544
128 11178.689218176523354       41.427495298634646304   549
129 10923.603269889958028      119.13676692365574183    553
130 12014.707555245371623       44.449848896368685303   557
131 10528.594817701017746       35.106438983186578184   561
132 10183.802799801316723       89.475148856839496148   565
133 9718.8725024587238295     1045.5381543927223902     569
134 10925.56532357856122         0.02111827821729649751 573
135 11229.241538531989136        8.3033682340412848788  578
136 10137.019996716246169       71.072358588098609289   583
137 10138.221721021351186       71.124156167737439205   587
138 10537.642240046263396       43.877482741122555865   591
139 10527.381857846681669       36.504509653508932843   595
140 11740.350796629940305        0                      599
141 11001.687471222150634        0                      603
142 10854.289918437418237        0.00016492284849738327 608
143 10571.640901812632364       58.2689858321695624     612
144 10775.445511117435672        2.9256879063287613008  616
145 10401.28333233196463       715.53359503769627281    620
146 10334.503602158312788      650.42226816419270108    624
147 10335.85464809269979       651.50455983383767489    629
148 11602.436146789592385        0                      633
149 10946.93884793289908         0                      637
150 10705.807560940675103       11.770916353795385589   641
151 10928.135907483047049        0                      646
152 11440.708343767866609        0                      650
153 10710.935186486993189       33.845638024572842539   654
154 10708.62545349129141        20.322348924129897796   658
155 10852.999342498798796        0.48470570162964299321 662
156 10708.775899564781867       45.574574528300544785   666
157 10853.001211518752825        0.39276313033724846724 671
158 11104.578532044564781        0                      675
159 10477.891827013838338       66.271662033461353758   679
160 10654.742063475008763       23.93776962890095561    683
161 10203.426693223722395       42.263051823307691279   687
162 10351.891882446077943       46.300454700052647183   691
163 11558.412732803733888        0                      696
164 10901.391547621544305        0                      700
165 10633.448412986530457       31.028881815803835309   704
166 10674.855524962720665       28.33409723269845415    708
167 10096.755759125571785      485.18259595397375961    713
168 10187.062308736707564      626.44527640784383493    717
169 10876.243153913230344      102.59207832640717584    721
170 11378.837442290257968        0                      725
171 10344.888952241333755       39.713247428105312054   729
172 10915.370860294053273        0                      733
173 10933.417355791018053        0                      737
174 11009.572162917285823        0                      741
175 11536.957569353104191        1.4711623460192786439  746
176 11425.948313474596944        0                      750
177 10352.828503260740035       51.084062178291745226   754
178 10848.915975442099807        5.1790706307264855468  758
179 10267.014377861189132       33.626727898617879475   762
180 10875.956716361024519        1.4957101327203858876  766
181 10785.149005763503737        1.8025113530393377381  771
182 10845.70386336786396        11.941177015452943522   775
183 10167.239228542652199       60.910561632619504735   779
184 10303.338461118921259       82.879940520466533371   784
185 11502.88482712741461         0                      788
186 11287.662747028060039        0                      792
187 11144.6824747503033          0                      796
188 10584.657487033666257        4.2763962338469241331  801
189 10809.947108459820811        1.9808066002944813011  805
190 10947.306721232549535      111.85717280863715928    809
191 10790.775624895499277        0.21264934477869160134 813
192 10822.701537983171875        0.75987971934077946923 818
193 10828.604314327252723        2.9399180562315607723  823
194 10675.644821489078822       13.980268621392646367   828
195 10875.778774377538866        0.03066359568112854428 832
196 11137.548665836595319        2.7788830384706821874  836
197 10643.154327572839975       68.109985889733550835   841
198 10610.791758174189454      130.6456925526333066     845
199 10609.299697805223332      131.64181099074562553    849
200 10676.568519207665304       39.985443982933091434   854
201 11585.824769308766918        0                      858
202 11349.497439226342976        0                      862
203 10745.672806043457967        0.33760804100375807479 866
204 10862.297015649110108        0.06266488404883671648 871
205 10884.906529606905679        0                      875
206 10980.062799275357975        0                      879
207 10474.760893950837271       21.844258001694871751   884
208 10521.337896902376087       93.622729781713545094   889
209 10514.491349814561545       97.703724304636452302   893
210 11792.423579517510007        0.61064718182372645927 897
211 11427.14842797133133         0                      902
212 10853.588408480583894        0.10197865091798552495 906
213 10962.283545317382959        0                      910
214 10974.863482819579076        4.2863900543454871439  914
215 10750.018013419938143        0.21247592720812377709 918
216 10924.554868686485861        0                      923
217 10875.673621464960888        0.21526447961219652427 927
218 10884.488458072772119        0                      931
219 10976.811318423753619        0                      935
220 10541.325429442367749       53.144453052371041224   939
221 11030.498355539575641        3.6699613186423709621  944
222 10534.423227029963527       75.852995948223508549   948
223 10670.898527346838819       46.046738302352594019   952
224 11727.445305110340996        0.00755802753734212667 957
225 11379.359580225322134        0                      961
226 10865.301916633470682        0                      965
227 10901.031096242140848        0                      969
228 10065.497478035997119      440.98696801668722856    974
229 10066.670555908658571      442.18374375238744278    978
230 10087.43198812025912         4.3658857276119267254  982
231 12204.324075107513636        3.1069237697514036078  986
232 11591.214682759295101        0.04517911907802751176 990
233 11003.696938410936127        0                      995
234 11179.597151961514101        0                      999
235 10743.911773150028239        0.66712880762091464337 1003
236 10804.39708599815458         0.76032376908571841501 1007
237 10907.848181811936229        0.382224146185885294   1011
238 10842.190782187217337        2.7946191994793880831  1016
239 10615.041981651933384        1.4698856593119880021  1020
240 10733.397077424995587        4.3373155333020179114  1024
241 10912.735376933131192      100.39214956467030504    1028
242 11026.753007431358128        6.4514719443461743253  1032
243 10843.843123295155237       43.54804828935720451    1037
244 10566.79496263670444        16.170328450123975017   1041
245 12144.117181356936271        3.1477225640148205343  1045
246 11559.576672454957588        0                      1049
247 10744.034990559046491        0.36680193920607856439 1054
248 10886.371251233900693        0                      1058
249 10876.946364727960827        0                      1062
250 10968.387827417831431        0                      1067
251 10860.687892082918552        0.7838636796254759842  1071
252 10874.555349778724121        0.36568852398161716399 1075
253 10858.948043563377723        0.08597793896059738317 1082
254 10858.884008102160806        2.5053328497053368729  1086
255 10843.597236371078907       95.510317548585277336   1090
256 10870.183704171562567      112.52124759236474461    1094
257 10726.508469520618746       14.761141207417795229   1099
258 10732.717229025605775        6.3843955540475834098  1103
259 10696.118101307727557       41.474042063104633371   1107
260 10697.577458766310883       40.944903115411698025   1111
261 11248.244627742960802       13.041229618357016662   1116
262 10812.451973153973086        2.6560566649538781547  1120
263 10910.25651920657765         0                      1124
264 10869.783027573232175        0                      1128
265 10843.363604185500662       43.743263615865160432   1133
266 10870.582094690451413        0                      1137
267 10855.538534027400601        6.5232974565307149106  1141
268 10856.623152094653051        4.6311059242517362833  1145
269 10891.986931973504397        0.11430552785454831111 1149
270 10873.929964553906757        0.10163750630258831797 1153
271 10858.073976349194709       95.583540459949560386   1157
272 10840.200794011894686       40.040861498948935093   1162
273 10774.879293951897125        6.2714237670691090898  1166
274 10788.905836520094454        7.0262512542263459991  1170
275 10790.44201267157041         6.905780130427410235   1174
276 10690.216904103041088       23.00847936025420637    1179
277 10916.519089812880338        0                      1183
278 10861.302132036747935        0                      1187
279 10914.023240749458637        0                      1191
280 10706.230765168569633       20.043896690027203533   1196
281 10721.420549298782134        8.4693708070636564145  1200
282 10754.772020123667971      133.82644210148899333    1204
283 10753.336459454692886      132.80999133355589947    1208
284 11207.790933547099485       16.344757411015677917   1212
285 10787.773677650684476        3.9105487619819148115  1216
286 10835.568106344426269        0.12135878078144829439 1220
287 10870.177236737583371        0                      1225
288 10798.951803000079963        0.09924108856559865632 1229
289 10876.670796370748576        0                      1233
290 10876.779331685873331      125.61862640193139384    1237
291 10853.420974567514349        2.5720160747388773892  1241
292 10827.410050039954513       30.659366387861126668   1245
293 10914.589394406772044        0                      1249
294 10858.392268781070015       42.213593983451836777   1253
295 10898.734566230385099      133.45315245834444795    1258
296 10758.342605115713013        2.9332285129979629446  1262
297 10773.73325659342845        37.642713856019177854   1266
298 10820.57846485704431        79.241816513829888891   1270
299 10795.866240419651149       20.800176861595772948   1274
300 10797.147438831249019       12.028557238024834675   1279
301 10931.479747506937201       17.557957698169669669   1283
302 10846.186511078889453        1.1535669318443948494  1287
303 10845.178104789569261        0.03333351190083847643 1291
304 10861.52452692636507         0                      1295
305 10882.198872894816304        0                      1299
306 10854.623076393982046       21.228327987636919971   1303
307 10850.629399683650263       10.307435006536239896   1307
308 10864.241077137845423        1.9462059580199992936  1312
309 10852.569061047266587        1.6274609156664705534  1316
310 10853.482007049569802       93.979768531000189569   1320
311 10857.724146312335506        6.6575721425749856408  1324
312 10865.282655257127772        1.5211041194691277134  1328
313 10819.242002985956788       48.756593251660767407   1333
314 10831.892068856494006       31.338025697661674229   1337
315 10856.439207616784188      126.25870340961616023    1341
316 10931.307866069557349       17.620372995501522695   1345
317 10844.716844979109737        0.00241080343701866213 1349
318 10849.711331049154978        0.00893063876341151225 1354
319 10852.740425206753571        0.00127937400377786778 1358
320 10847.293809084478198        0.51998399792249294649 1362
321 10851.870605297914153        2.6688074206602090399  1366
322 10855.105924280745967        4.6818162650366499378  1371
323 10858.732576058493578        0                      1375
324 10872.124812420772287        0                      1380
325 10818.512343601993052        0.88518136680833536811 1384
326 10817.442568985683465       10.382951452167295869   1388
327 10912.201921344885704       17.801094305679011853   1392
328 10840.38053525932628         1.2582381953154135878  1396
329 10843.1679727606097          0.00518763004686425416 1401
330 10846.555452139507906        0.01622898075166783957 1405
331 10850.523262806877028        0.13809911151749870717 1409
332 10865.415931741103122        4.5602135223501347738  1413
333 10872.323836746274537        1.8601473600862876712  1417
334 10856.520323861039287        0.06881893886949157213 1421
335 10854.22736474706835        88.528969210645882981   1425
336 10856.948738020659221       42.477763604627888583   1429
337 10848.91986613564768       113.33920550380422299    1434
338 10837.682595592859798        5.481949331681136961   1438
339 10835.993898485094178       31.017990439638303712   1443
340 10881.565335854831574        0                      1447
341 10859.586656014640539        0.05340276028697005239 1451
342 10858.309359943041272        0.00003812707289359322 1455
343 10857.17974994929682         0                      1459
344 10865.881333460692986        0                      1463
345 10834.103645273758957       16.503289500467872131   1468
346 10872.493694713699369        0                      1472
347 10860.931156649863624        0.04478203000156472796 1476
348 10848.725971506159112        0.00180080544842822635 1480
349 10852.773639293063752        0.00178217591510478339 1484
350 10855.742008011500729       29.678067974515801808   1488
351 10862.283391424425645       96.514445014292107317   1493
352 10860.286701275426822        0                      1497
353 10850.379983714761693       93.086508427515468611   1501
354 10856.203753884972684        2.4650379222761538145  1506
355 10860.438820167630183       89.099754674248089259   1510
356 10834.769028407486985        9.5066618912114648765  1514
357 10837.274149552193194        0.68991169489716897001 1518
358 10870.862083928663196        0                      1522
359 10858.072927323886688        0.05731397998276990119 1526
360 10858.342554162125452        0.00015932349060927858 1531
361 10850.242658328450489        0.00017064519741830035 1535
362 10849.590795208758209        5.1093034455147314787  1539
363 10855.840711249053129        0                      1543
364 10860.50088514851268         0                      1547
365 10830.878442992407145        4.7514409781969471069  1551
366 10830.188210297321348        6.1805132423401447639  1556
367 10833.274118083316353        5.9552970526746626945  1560
368 10873.972965706932882        0                      1564
369 10857.392803439473937        0                      1568
370 10858.327131744701546        3.6783735589730803817  1572
371 10859.859813469105575        0                      1576
372 10852.633488615578244        1.6605683792634680085  1580
373 10854.939485347757           2.4789962347445348989  1585
374 10853.705211601376504       13.661419857307089742   1589
375 10854.775267174200053      100.12416560188407288    1593
376 10837.532875784236239        2.9047368672966533687  1597
377 10837.699830201590885        2.9405123546988103378  1601
378 10834.819019653157739        5.8441992476116926269  1605
379 10866.425154036063759        0                      1610
380 10856.552455984357948        0.0722442373565689161  1614
381 10860.052323028292449        6.3687457806471643451  1618
382 10861.337167735538969       17.097613777133620516   1623
383 10861.938364371522766        8.3451192530269260317  1627
384 10853.45448194884375         2.5698679200617364771  1631
385 10849.35933709883102         8.7113136427509036963  1635
386 10848.51263064050363         1.6823325578963348459  1639
387 10855.807585358616052        0                      1643
388 10860.368909735228954        0                      1647
389 10835.388668673656866        2.1088951963833415526  1652
390 10836.486910577485105        1.3109881850474480736  1656
391 10833.964305115119714        4.5541267058319423455  1660
392 10848.759467280708122        0.00238926839795683974 1664
393 10851.258748230447964        0.00512451181409684115 1668
394 10851.225183999593355        0.00424283669400486643 1673
395 10847.104422909453206        0.00541117508463307903 1677
396 10855.106467848021566        0.08408270406559321952 1682
397 10858.001813368278818       95.421456512868289224   1686
398 10835.04777901642592         1.3599063899100130026  1691
399 10836.555966208041355        1.2922837753986351483  1695
400 10867.46691836507307         0                      1699
401 10848.02419060102693         0.12175361567956281827 1703
402 10860.886122739240818        0.83546987905433456323 1707
403 10848.758870219073287       17.769436726169441698   1711
404 10855.734165376688907        0                      1716
405 10860.074930978120392        0                      1720
406 10839.079383020463865        2.8284414608289196735  1724
407 10840.627188581875089        2.7530915910037982997  1728
408 10854.371750665031868        5.158047278000125857   1733
409 10850.456560036498558        8.6183657906262034487  1737
410 10851.486125823099428        0.52649661648178169848 1742
411 10853.558103736881094        8.2705453151574914727  1746
412 10856.203032121487922       20.675002897452333883   1750
413 10856.525867006068438       82.890132063971776688   1755
414 10859.623685546812339       82.143484517937125133   1759
415 10859.449132439673122      109.15246304586788995    1763
416 10852.677588339778595       57.403102710383208773   1767
417 10837.927379974598807        1.2629490713465760798  1772
418 10836.843706876614306        4.3753100339913553185  1776
419 10836.154936374685349        5.7505100754496396576  1780
420 10854.998951030476746        4.7150183043126290272  1784
421 10845.663177769782124        0.00897221485583037104 1788
422 10850.275804057886489        0.00038049265627355044 1793
423 10856.585198375822074        0.07575165862095546709 1797
424 10862.931250933308547        0                      1801
425 10842.576637214326183        4.2117157331778258822  1805
426 10836.348156310728882        0.23330203999576754059 1810
427 10840.91615953987457         1.1657630891611845403  1814
428 10861.378460406482191        0                      1818
429 10847.210672607172455        0.00515595041961394631 1822
430 10850.639604739531933       21.241371875464540864   1826
431 10860.073001592299988       99.898865248812498407   1830
432 10854.99977880957158        94.555043218473656452   1834
433 10854.513948515832453        0.44463766469182242069 1838
434 10855.429963996928564       42.629859019412087662   1842
435 10860.085237650455383        0.40604446466378474323 1847
436 10848.652743986171117        2.7046775687401622967  1851
437 10860.677613701958762        0.06779260243930960994 1855
438 10849.937969700473332        0.56030929360811265738 1860
439 10850.911765226683201        4.6962322006595123014  1864
440 10851.930345681570543       93.532527561834442054   1868
441 10851.965625254033512       93.406321727150412926   1872
442 10861.466044839671667       41.793574409171419859   1877
443 10853.298843719974684       80.961736287915499588   1881
444 10851.450146741257413        0.51717701692295436899 1885
445 10870.903610982535611       28.904744553355740777   1890
446 10867.392029850539984        0                      1894
447 10861.411566467335433        0                      1898
448 10847.177438644217546        0.00427161598476820826 1902
449 10857.359415786168029        0                      1906
450 10850.623416164242371       30.364906047392288713   1910
451 10851.418510358333151        6.7031063170559361808  1915
452 10860.436354025536275        2.4115418415453087064  1919
453 10861.219961661096022      123.68611144999400153    1923
454 10848.948607399124739        0.4849765639138114981  1927
455 10836.226668496539787        2.9910890650514829758  1932
456 10836.90079678433176         2.0245834780930058727  1936
457 10854.513948515836091        0.44463766469182242069 1940
458 10847.329188892137608        0.52932877815674395094 1944
459 10851.903850803300884        2.6667346893208119241  1948
460 10852.859587671766349        5.1599401568242262428  1953
461 10850.385722909506512        8.665710448463777027   1957
462 10853.522186785881786        8.2744006317820595342  1961
463 10859.168302507710905       19.932882007321506279   1965
464 10859.058744451538587      129.91368697106807417    1969
465 10865.514703921313412       41.527640777031628261   1973
466 10838.100926411130786        1.2407251463783475209  1978
467 10853.590084594157815        4.7328627317016165321  1983
468 10852.071736547804903        0.12159728557076754374 1987
469 10855.746557518607005       89.087306818467055791   1991
470 10858.06766008186969         4.5920506590109564371  1996
471 10854.297809330160817      124.2019286856823328     2000
472 10857.055203149277077        6.460605010542408877   2004
473 10852.713302311058214       75.939947737407379691   2008
474 10854.522716066767316      113.83609235522862946    2013
475 10856.34392736445443         2.4356797393647746652  2017
476 10836.933793616848561        2.0430071929113688967  2021
477 10841.231257014698713        1.1545275959082426098  2025
478 10869.621304174324905        7.9120497152481226166  2030
479 10865.942723953266977        0                      2034
480 10861.386763485385018        5.2601810433281173118  2038
481 10850.336388266066933       88.244339727361548853   2043
482 10852.28216883008281         1.0048490263282519042  2047
483 10837.859403146156183        0.20581556894361616172 2052
484 10837.787116196041097        0.21331789744931220487 2056
485 10856.384573476116202        2.4126759661010668268  2060
486 10844.375552388795768        0.60546391050326930916 2064
487 10853.19523887872856        30.463198777999568989   2068
488 10856.896643407064403        9.5376575223426343086  2073
489 10858.006260287093028        5.3460557573155194078  2077
490 10855.430876836442621       14.60182883317487601    2081
491 10865.591372827280793       41.639233374828563683   2085
492 10855.406543876448268       46.556499114595197852   2089
493 10839.437885786628613        0.19117103061868717662 2094
494 10843.44771987596323         0.18537587897724941421 2098
495 10838.267626569622735        1.987876932229124094   2103
496 10849.709661999291711        9.9618880595721517324  2107
497 10859.057015098776901       94.559067983625027409   2111
498 10863.277037067440688       29.531842334287382812   2116
499 10858.327131744707003        3.678373558972718449   2120
500 10837.892371422369251        0.21171618741083692017 2124
501 10839.227413744773003        0.19422174215304011113 2128
502 10852.475829929015163        6.6924413407257086206  2133
503 10852.893547356270574        0.48715289541523870698 2137
504 10853.657253913528621       82.858998404945822358   2141
505 10853.721494574940152       82.621406291677246259   2145
506 10855.081607967944365        5.1689597244046172619  2149
507 10855.154193108355685        5.1077702020421540396  2153
508 10856.492190669594493        2.3856023677216118273  2157
509 10858.033461717779574      108.5714582276608553     2161
510 10859.258275139611214       31.774461826267703657   2166
511 10852.006682122544589        8.4436772018799128858  2170
512 10853.450966239142872        8.3207717365760203165  2176
513 10856.826113556784549        9.5875458888673890101  2180
514 10857.646328888116841       20.299546048711398782   2184
515 10856.156584998789185       30.111474783061648708   2188
516 10858.074126418498054       82.516337082351697063   2192
517 10859.517737592017511       82.561255867275917808   2197
518 10860.231978938072643       90.93100280979372485    2201
519 10840.602582437921228        1.291833526654009523   2205
520 10852.248924469013218       30.230522776737352331   2209
521 10859.294495664391434        9.7791759573541447992  2214
522 10858.468898392802657       42.32612910414802343    2218
523 10863.385620237226249        8.3588153543065626394  2222
524 10836.591699107495515        1.3070135824216644327  2226
525 10853.346888474698062        2.5979645712996823903  2231
526 10854.183655288588852        0.00021309778170801969 2235
527 10854.40796239530755         5.1611402417977290114  2239
528 10855.074647091027146        8.1029932863403946186  2244
529 10856.450644349521099       83.15631910366170132    2248
530 10855.874065723342937       88.92866135093822777    2252
531 10857.285974910140794        0                      2256
532 10856.180302187283814        3.3031471635675231369  2260
533 10838.340632995736087        1.9648638984172743793  2265
534 10839.683438307687538        1.2043230929592461109  2269
535 10846.340421430581046        2.7643666061544096557  2273
536 10846.298228377658234        8.9065687024965747298  2277
537 10855.135276850871378        1.7194736429984307513  2281
538 10862.965541989735357       16.782549071356388737   2286
539 10862.625473548108857        6.2962599569405890421  2290
540 10853.77072082541963         9.4945315820808566798  2294
541 10853.375324148182699       93.945412759224566912   2298
542 10856.87385958239247        39.766403305027687054   2302
543 10839.109083523166191        2.8465562643638886442  2306
544 10851.686971350340173        0                      2310
545 10843.919198862640769        0                      2315
546 10820.985363920310192        0                      2319
547 10755.505536362034036        0                      2323
548 10588.86364977118501         0                      2327
549 10354.595664577795105       43.852398423890164736   2331
550 10186.082260564311582       66.062895760940534728   2335
551 10187.356178054982593       65.600185397458147918   2340
552 10165.373421180247533       78.468161510365362687   2344
553 10165.373421180220248       78.468161510362051558   2348
554 10932.598309782850265        0                      2352
555 10756.611635744160594        1.4856400036484165295  2356
556 10524.320866919239052       95.226045283893270721   2360
557 10597.962655863342661      153.1397430937228421     2364
558 10705.385357318777096        0.00040216191758862759 2368
559 10808.095782261785644        0.37105458203088514946 2372
560 10543.496805064263754        0                      2376
561 10379.070123642435647        6.5485229226124230806  2381
562 11089.567897196307968       18.075435176509081714   2385
563 10552.078366041592744       18.120931213040606167   2389
564 10065.985159358437159      120.11063170221238749    2393
565 10073.911481773577179      279.76291927399336146    2397
566 10654.7796846956644          0                      2401
567 10524.878386606313143        0                      2405
568 10529.754616427753717        0                      2409
569 10185.893966617235492       78.411727830284505103   2414
570 10098.629454686810277      302.29089758204639793    2418
571 10093.085581836967322        1.2229733059801570771  2422
572 11447.48958094331465        36.684495440842042058   2426
573 10229.123658687305578       28.250969244651795265   2430
574 10045.521447992203321       45.906326680847755028   2434
575 10523.345700693324034        0                      2438
576 10526.751523869486846      202.61091775181481012    2442
577 9645.5832825436300482       0                      2447
578 8505.7935249507590925     6977.3794582781456484     2451
579 8982.5699698277294374       0                      2455
580 8558.8020444433004741     8153.269677075078107      2459
581 8521.3424162564879225     611.48805105267319959    2464
582 8518.0075915485085716     473.2937000130370393     2469
583 8701.0646161745153222       2.4683822619592459269  2473
584 8710.4567513408492232       1.8740812481844659754  2477
585 9569.5916603331879742      74.739628286368926524   2481
586 10468.788166058060597        1.1816732370118967488  2485
587 10189.688278622212238        0                      2490
588 8165.1621172377763287     2865.2426921245069025     2494
589 8538.5529901308163971     7098.9310735498611393     2498
590 8780.6254965354055457     307.82664875993418718    2502
591 8975.9583479336306482     126.61409261527232673    2506
592 8983.3593403973482054     346.97032035994521948    2510
593 8989.6327391804115905     981.12248315043655111    2514
594 9631.0263898788962251     451.44255147254779104    2518
595 10479.009653072258516      656.64017868845405701    2522
596 11454.294018451273587      1168.7942739978391273     2526
597 8336.3283790320911066     122.26640226601718098    2531
598 8893.3528951652824617       1.1394730084081263755  2535
599 8895.8142311250412604       0.13661557978928756674 2539
600 8330.9380940592327534     255.91424999109378291    2543
601 8379.8280330466895975      47.099707894027091015   2547
602 9564.9778600930767425      94.006378316922379668   2552
603 10625.504947350840666        0.00013601628678168743 2556
604 14308.282299444610544      31388.895272591285902      2560
605 8129.3108858683754079       0                      2564
606 8567.5928417324266775     3388.8781041255792843     2568
607 8130.210552767354784        0                      2573
608 8128.8746204687367936       0                      2577
609 8470.3703555690062785     769.67881737674758824    2581
610 8110.0867890541776433     459.65284118567223004    2586
611 9136.776163261534748      138.59189719361549464    2590
612 8140.7868769731685461       0                      2594
613 8129.1056615648449224       0                      2598
614 8302.1747878910846339       0                      2603
615 8484.7363918980172457       0.57344618832132687736 2607
616 8322.9833976776480995       0                      2611
617 8148.2875799205958174     1223.7409966381537743     2615
618 8273.2946960120807489       0                      2619
619 8542.5767078248172766     1938.641818024993654      2623
620 8155.9123368472510265     925.52779968549259593    2628
621 9349.7702444247570384     128.76084041984358919    2632
622 12571.889283976122897      2657.5986432633289951     2636
623 8130.1340056598837691       0                      2640
624 8130.0534492358438001       0                      2645
625 8133.2904402756630589       0                      2649
626 8207.0723478662603156     22468.416833290022623      2653
627 8178.7594386413720713     13001.207726421216648      2657
628 8523.3470625462432508       9.0213640375586283682  2661
629 8616.5298020634509157       9.1016596971541972039  2665
630 8135.5796901071644243     202.13706773666422123    2669
631 8135.8491810870373229     189.48375571594257849    2673
632 8126.3622655377948831       0                      2677
633 8127.7890458384490557       0                      2681
634 8127.0158067749125621       0                      2686
635 8126.2865736260864651       0.01187222389206567773 2690
636 8119.7688393543166967     333.93289363260879554    2694
637 8123.5433569916176566     693.39336261400262629    2698
638 8520.7570264681689878       5.8972594731573222404  2702
639 8615.6615457003881602      11.029537806514348119   2706
640 8142.0337971191474935     115.88238743374765249    2711
641 8194.5228162665771379      55.93409326196621123    2715
642 8128.2003576532088118       0.02160332203029125334 2719
643 8140.8844454774462065     743.54093695013125398    2723
644 8215.0902344927035301     332.20753855029300894    2728
645 8217.2591822536760446      21.677541703693318453   2732
646 8368.7462913019608095     1401.3976174556319165     2736
647 8505.9496784539569489     7706.7840492151735816     2740
648 11597.052518273496389      1890.6236241971778327     2744
649 10194.035843322710207      8917.0185281333397143     2748
650 8771.5949708689131512     15703.673323348479244      2752
651 8172.8846189392861561     323.57960572475644767    2757
652 8251.4639926320141967     2023.0037873891471918     2761
653 8616.7682580061809858      21.455583571834608847   2765
654 8617.4912532196212851      21.622848837939674382   2769
655 8507.4279653058874828       9.0790659230983141725  2773
656 8627.3535347948654817       9.2039869185045795064  2777
657 8345.6243254582477675       0                      2781
658 8126.5964168506588976       0                      2785
659 8127.1441241530883417       0                      2789
660 8127.5328434995226417       0                      2793
661 8193.9524195998001233       3.7489732022819377555  2797
662 8142.3145410133820405     281.42610275578323353    2802
663 8190.8202652639101871     586.23734154213661895    2806
664 8163.9683517659832432     2547.3309628912506923     2810
665 10290.133215963132898      173.38031214359133969    2814
666 11027.2111850367437        320.69979574482346152    2818
667 8125.3924524206504429       0                      2822
668 8123.0833957468275912       0                      2826
669 8117.4248477132650805       0                      2830
670 8111.772675924050418        0.06070563416539361684 2834
671 14236.194891157792881      30243.264656808671134      2838
672 9669.6476345437731652       3.4384982135394772662  2843
673 8114.7711769757797811       0                      2847
674 8446.8624552240617049     344.10789657562128241    2851
675 8100.051966366765555        0                      2856
676 8381.889794403423366        0                      2860
677 8090.4705434187335413       0                      2864
678 8122.2453644837805768     150.94365821336316458    2868
679 8097.1885387450820417       0                      2873
680 9328.9019389662171307      14.074726914324575233   2877
681 9444.6742254984928877      26.738686820097424146   2881
682 8104.6362662640312919     132.29605890942508495    2885
683 8610.648948117332111        0.01243747321455197091 2889
684 8345.3104885375159938      64.80148720418524988    2893
685 8095.5731800125649897      15.362351626914357183   2898
686 8734.6045740176323307     507.04176626505244485    2902
687 8090.397225782426176        0                      2906
688 8102.95173281366624        27.303626069767123141   2910
689 8089.157268314556859        0                      2915
690 8176.2881524015410832     868.6422083328128565     2919
691 9579.5630284951421345       0                      2923
692 9576.0906091611796001       0                      2928
693 8106.5602169632074947     129.70351897317439693    2932
694 8098.685245443984968        0                      2936
695 8738.6063016912667081       0                      2940
696 8227.7225189320379286      29.565348098955293921   2944
697 8171.4168399498521467     163.46486256702019091    2948
698 8393.5307227701832744     105.46482395418685485    2952
699 10539.945899786829614      310.3399698462550873     2957
700 8176.7241751844585451       0                      2961
701 8173.3458244958155774      76.148530729541931805   2966
702 8442.6271114907704032      14.78652553973146766    2970
703 8330.006167446337713      723.98824780407665003    2974
704 8183.1864033285110054     5210.870989731732152      2979
705 10780.286717304355989      2100.3768357309668318     2983
706 11135.414770846466126      219.63337975165845251    2987
707 9850.0848574720766919     250.48276769607988967    2991
708 8102.913620019071459      3271.3996593633282828     2996
709 8104.6123090449154915     3332.2818033042017305     3000
710 8568.5680201404156833     3488.2450045968021186     3004
711 8459.0989817619520181     3693.5377421143512038     3009
712 8965.7960126139314525       0.01895383219360707514 3013
713 8090.9318105230686342       0                      3018
714 8247.8548594533403957       0                      3022
715 8460.3498390683507751      21.486048389486747112   3026
716 8317.0018462626194378     183.6847335118337412     3031
717 8136.2246581640538352       0                      3035
718 8105.6532965874503134     429.27575036338299697    3039
719 8931.8512707405188848     185.29324879138246729    3043
720 8803.0901126633743843     1118.5056397322068733     3048
721 10603.007491225911508      2151.3617983702715719     3052
722 10911.667952274168783       44.056591237151017992   3056
723 8640.6936184994647192      89.134764689643532165   3060
724 8143.1800758232820954     5288.5214959527802421     3065
725 8596.5292999263765523     309.85205028598244326    3069
726 9114.6304994364236336     1040.8548361657813075     3075
727 8964.5507625388490851       0                      3079
728 8227.3455419116726262      29.432917550892579328   3084
729 8089.98533344720272         0                      3088
730 8089.9690035016719776       0                      3092
731 8145.727185496313723       40.196866503794304037   3096
732 11603.635619475313433        0.36312005482923065403 3100
733 8089.7486674491701706       0                      3104
734 8242.9840023251272214       0                      3108
735 8151.5290761543465123       0                      3113
736 8140.4213160858871561     376.12828487365749197    3117
737 8171.7453939155811895       0.85954745336667814914 3121
738 9858.8740252643819986     167.74902200196672197    3125
739 8116.706028746818447      826.5121928039687873     3129
740 8104.0875212608789298     1024.2788799146019301     3134
741 8102.8869838547052495     311.26757808057891452    3138
742 10020.875664160046654      205.10914477063397499    3142
743 8963.2201991095353151       0                      3147
744 8095.3060470692353192       0                      3151
745 8104.2181461954623956       0                      3155
746 8143.7688667837319372       0                      3159
747 8090.9648262245846126       0                      3163
748 8130.2720678527275595     290.48069356037746047    3168
749 8093.5145163737079201       0                      3172
750 8099.389511498673528      768.881367455268105      3176
751 10134.337553861216293        7.2291932205625837327  3180
752 11176.667081894922376        0.00160633993229995255 3184
753 8132.4569825446169489       0                      3189
754 8129.3232049753150932       0                      3193
755 10160.216206735427477       67.939847186820514935   3197
756 8829.7294642761353316       0.02207558901632001094 3201
757 8232.020445596668651       28.031594596346451453   3206
758 8089.1049028102434022       0                      3211
759 8088.6408215775654753       0                      3215
760 8087.5431721537834164       0                      3219
761 8090.1794289764702626       0                      3223
762 9536.8220906439037208     879.60632534742035205    3228
763 8103.8679753518827056       4.6922079768655615695  3232
764 8110.3338309646260313     146.68283203588256924    3236
765 10630.25602826901013         0.00541862589915579999 3241
766 8836.9873340669291792       0.28243334966693556254 3245
767 8243.5158527904131915      31.999763590988013817   3249
768 8085.3319481915459619       0                      3253
769 8091.4236978596045446      62.14083156328766222    3258
770 9289.244127459698575      333.99665148038189955    3262
771 9301.1323203609499615     1608.1898651725211948     3267
772 8092.4402200137046748     188.02462785640659604    3271
773 8937.3177573206921807       0                      3275
774 8243.1240127256860433      31.862971262373225301   3280
775 8090.2067555480170995     151.17549707428946704    3284
776 8087.2107808520258914       0                      3288
777 8087.0352489658371269       0                      3292
778 8097.962983405012892        0                      3296
779 8096.7747524137557775       0                      3300
780 8099.9755756562744864       0                      3304
781 8087.1109319768547721       0                      3309
782 8104.5130823986601172     168.06125162508993753    3313
783 10626.574107330772677        2.0560166530492862691  3317
784 10624.54758457144635         0                      3321
785 8089.7473133580760987     685.21926671184223778    3325
786 9968.6385246155823552     305.63500340955005186    3329
787 8094.8254878657280642     241.56337937081974587    3333
788 8094.7473797537413702     239.30522397155215231    3337
789 8903.3040039008647          0                      3342
790 8223.6198627594003483      24.36133851650405191    3346
791 8085.2951169296393346       0                      3350
792 8086.4556099800265656       0                      3354
793 8086.5500787788550952       0                      3358
794 8086.9544329833333904       0                      3362
795 10005.446917188908628       81.085394385654581129   3366
796 8911.325975547226335        0                      3371
797 8213.0604987496790272      19.176917030687388177   3375
798 8083.6597567453891315       0                      3379
799 8087.572460894654796        0                      3383
800 8091.7966401053245136       0                      3387
801 9321.6737126595835434     224.16035063511628778    3392
802 10446.090014867495483      121.62877931956892041    3396
803 8940.230385148051937        0                      3400
804 8206.1984539271616086      12.548971495155797129   3404
805 8085.4478967427494354       0                      3408
806 8084.2336649945436875       0                      3412
807 8083.9154784729134917       0                      3416
808 8097.988227510141769        0                      3421
809 8126.035822408380227        0                      3425
810 8084.219395225954031        0                      3429
811 8085.7120462038847108       0                      3433
812 8128.2835785928846235     141.28574494004951134    3437
813 10624.31544676827798        75.37731961084240595    3441
814 10628.062674725664692      116.19663263324397917    3445
815 8094.5195506165355255       0                      3451
816 8082.3064575803373373       0                      3455
817 8137.868114982023144        9.2002992954426705552  3459
818 8083.1051939827311799       0                      3464
819 8113.0645350046052044     2069.9668317280370502     3468
820 9352.3322928178240545     343.60934562094303146    3472
821 9459.1057564931161323     424.24240091197776792    3477
822 8809.0048650506669219       0.08113928699401865008 3481
823 8259.4697422019744408      25.527497449437305477   3485
824 8089.1402987426936306       0                      3489
825 8107.2567658772713912       0                      3494
826 11129.821364255994922        0.00029464546024322088 3498
827 8082.3301884124412027       0                      3502
828 8082.4753321245707411       0                      3506
829 8083.0193362406698725       0                      3511
830 8084.2791076820067246     583.58652377456587601    3516
831 8114.4858339888332921       0                      3520
832 8083.0602893943405434       0                      3524
833 10176.800882150468169        2.3551955804030137998  3528
834 8130.9973043048785257      59.567386618309299706   3533
835 8110.3427281104259237       2.4717220464699591886  3537
836 8084.5090094837287324       0                      3541
837 10810.296678333485033      157.16941180771337372    3545
838 8728.2950443599729624       1.5093851560235251874  3550
839 8244.3196665351169941      28.941391473360468467   3554
840 8082.3477505403870964       0                      3558
841 8082.132986907358827        0                      3562
842 8084.4538420768249125       0                      3566
843 8084.9769144751235217       0                      3571
844 8085.3195146088828551       0                      3575
845 10202.082430182514145       54.104924040695870247   3579
846 8698.0479248922583793       2.6430571936322744264  3583
847 8247.3710930660181475      29.634090695148390893   3587
848 8083.4440953787807302       0                      3591
849 8083.8816012822444463       0                      3595
850 8083.9355912551909569       0                      3599
851 8084.0179475903360071       0                      3603
852 8085.8173139355685635       0                      3607
853 8084.9852584448453854       0                      3611
854 10513.162832536479982        0.50797234852964878726 3615
855 8088.9482904187680106     139.69391673817224842    3619
856 8089.4947290323625566     188.07458758799069187    3624
857 10741.981396643805056      178.21143248846561846    3628
858 8086.3276608537453285     464.07747260418051383    3632
859 8084.2082976858437178       0                      3636
860 8085.429978148180453        0                      3641
861 10362.781749307008795      196.83157311288707092    3645
862 8119.8003329454759296     218.31971143397564106    3649
863 8094.4805434361505831       0.00079491999448181162 3653
864 8082.0521297415589288       0                      3657
865 8082.0859712691681125       0                      3662
866 8089.8321906722558197     899.93838294096690333    3666
867 10766.937275507705635      140.25762275589468686    3670
868 10765.999818527958269      117.85550135005547645    3674
869 8122.8846161379206023     204.21975488617272276    3678
870 8093.7705191087898129       0                      3682
871 8082.0113300908142264       0                      3687
872 8095.478268587011371      446.40329472944051759    3691
873 8084.5099128594929425       0                      3695
874 10380.718128813372459        8.5814495744792207432  3699
875 8133.4136497767613037     144.86676198002686533    3703
876 8098.2841287922565243       0.30448502369336738482 3708
877 8082.7988060993548061       0                      3712
878 8082.8502436485341605       0                      3716
879 10687.622376240935409        0.07056561611800264699 3720
880 8082.686498821344685        0                      3724
881 8084.2594908555774964       0                      3728
882 8085.3579843978832287       0                      3732
883 8084.1644082374496065       0                      3736
884 8082.7213988051917113     353.95351605733435463    3741
885 8085.8470596105898949       0                      3745
886 10565.855768007219012      261.18796803845026488    3749
887 8088.8695643394967192      60.636856903137186237   3753
888 8085.0874807841773872       0.18642712991474658102 3757
889 8085.2931572425231934       0.14549132343964465974 3762
890 10469.339687889556444        2.9502548765975369349  3766
891 10484.666523203291945        2.2504954943644022158  3770
892 8085.5754213435911879     366.26337798731492512    3774
893 8082.4925762993652825       0                      3778
894 8082.1632020972974715       0                      3783
895 8082.8883425362264461       0                      3787
896 10679.847724969942647        0                      3791
897 8081.9760439901028803       0                      3795
898 8082.2236246415704954       0                      3799
899 8082.0665609197312733       0                      3803
900 8082.2196023111710019       0                      3808
901 10565.076700890374923        0.50281783397961965498 3812
902 10568.413013059132936        0.43789863967595360483 3816
903 8124.6905075720851528     220.26719256532317104    3820
904 8093.2198439364065052       0                      3825
905 8082.0248560132677085       0                      3829
906 8082.2749016018506154       0                      3834
907 8082.931079512614815        0                      3838
908 8082.8183111627422477       0                      3842
909 8082.9169248619573409       0                      3846
910 8082.9819400449659952       0                      3850
911 10550.953685470496566        0                      3855
912 8083.4761260870409387       0                      3859
913 8082.2231216320842577     338.92950927401471972    3863
914 10702.609656541113509       64.103177229357399369   3867
915 8088.4001496381506513     110.64696113032432834    3871
916 8085.0151633182449586       0.08261127920770308664 3876
917 8085.0151633182504156       0.08261127920759483989 3880
918 10546.914792172379748       43.531401055904034081   3884
919 8082.2739516003348399     338.60248166967602401    3888
920 8081.9562007980675844       0                      3892
921 8082.1273540266020063       0                      3896
922 8082.054792130498754        0                      3901
923 8081.9503966068759837       0                      3905
924 8083.282149974411368        0                      3909
925 8081.992316488567667        0                      3913
926 8081.9961349860659539       0                      3917
927 10365.049736685825337      117.71281016283568022    3921
928 8133.2299851409406983     171.98895587718087086    3925
929 8097.8334308740895722       0.27136838976130162049 3929
930 8082.0780794225347563       0                      3933
931 8082.1508536893607015       0                      3937
932 8081.9797012230337714       0                      3941
933 8082.1517699877313134       0                      3945
934 8082.7990510301988252       0                      3949
935 8083.991464172256201      296.10240286818560662    3953
936 8085.7094050245532344       0                      3957
937 8086.2436390290167765       0                      3961
938 10706.301807018988256        0                      3965
939 10548.376647630477237       96.469132162682740272   3969
940 8097.362036320900188       77.89261574220017792    3974
941 8085.8786227346017768       0                      3979
942 8084.4497016111045014       0                      3983
943 10439.004023676377983       49.781758677974416116   3987
944 10540.500448810851594        0.26106277059272653407 3991
945 8091.9454887217962096     276.78284321132514378    3995
946 8084.5224665424029808       0                      3999
947 8082.1902012164036933       0                      4003
948 8082.0324646528115409       0                      4008
949 8082.0404969351020554       0                      4012
950 8082.1599549141674288       0                      4016
951 8082.7726401416066437       0                      4020
952 8083.1353653829592076       0                      4024
953 8082.1995251367661695     333.61708033040633836    4028
954 8084.0233128898607902       0                      4032
955 10625.583171937923908       75.77692339161043833    4036
956 10627.219266670999787      117.89413352772086796    4040
957 8086.6653390801584464     128.16449329787255351    4045
958 8082.8885638572564858       0                      4049
959 8085.9662629958002071       0.00471100434039964638 4053
960 10601.984304923809759        1.9609517751562757226  4057
961 10617.487251205227949        0.91208905454601219009 4061
962 8082.2095266886508398     336.51316795816006788    4065
963 8081.9373923969169482       0                      4069
964 8082.8738974343705195       0                      4073
965 8081.996031816982395        0                      4078
966 8082.1199204237382219       0                      4082
967 10535.634530444118354        1.8649464900275063428  4086
968 10537.239187155348191        1.8614034756973851792  4090
969 8091.7788339735998306     277.56562782216474261    4094
970 8084.6006447177087466       0                      4099
971 8083.0220079561586317       0                      4103
972 8081.9357676243716924       0                      4107
973 8082.0763978248951389       0                      4111
974 8082.0033478225050203       0                      4115
975 8082.0003257298822064       0                      4120
976 10446.775560198724634        4.7781178423787649123  4124
977 10500.627842620426236        6.4311071097960654797  4128
978 8092.1837085992974608     275.28993828869977278    4132
979 8084.5897139488761241       0                      4137
980 8081.9855255435959407       0                      4141
981 8082.9312977197305372       0                      4145
982 10673.952568705510203        1.9741308133382522438  4149
983 8082.0470056746362388       0                      4153
984 8081.9378025557480214       0                      4158
985 8082.0022963111068748       0                      4162
986 8082.2219261882228238       0                      4166
987 8082.2608891610216233     343.51279215676549939    4170
988 8082.8346267626393455       0                      4174
989 10576.665012651508732      125.14724379790723674    4178
990 8088.4912730708665549     106.69198826549470027    4183
991 8084.4472520175113459       0                      4187
992 10549.058205932931742        0                      4191
993 8082.3460976372325604     326.07293016166124744    4195
994 8081.9654496810790079       0                      4199
995 8084.0400917248889527       0                      4203
996 8083.0857188197514915     330.54760460412950351    4207
997 8082.9417449436768948       0                      4211
998 8088.3937885378591091     109.65563896916528108    4215
999 8088.4139127438320429     108.45486783990426716    4219
1000 8088.3699254592957004     114.56042938195538738    4223
