1 10322.392081869418689      6978.5259094135562918     5
2 10766.437840355507433      4238.6416255111871578     9
3 10494.95211378764543       7522.5679572356193603     13
4 10506.236292467532621      7441.0161964363996958     18
5 10477.791722471831235      7327.5819482440165302     22
6 10325.487066499506909      2725.0799956830528572     27
7 10789.228348830525647      11466.650000208332131      31
8 10319.071612078470935      6474.3284911853406811     35
9 10317.380493150916664      5558.2067070892817355     40
10 10319.577717831989503      5302.2623980226826461     44
11 10320.718790142271246      2189.952723049242195      49
12 9926.1963866929163487     2530.9968431028069062     53
13 9602.838819502187107      6404.0009934044537658     58
14 10151.127224021467555      1293.8317489513974579     62
15 10075.043835660648256      1432.4107266678147425     67
16 10141.960574086706401      1429.4894912914073757     71
17 10131.333267878520928      1090.3672573418400589     76
18 9978.4173774045793834     4536.6997402666856942     80
19 10321.179038895958001      3694.2892175006418256     85
20 10314.068424761579081      1366.324706383468083      89
21 10327.613354163013355      4879.0408377338235368     94
22 10316.270752587599418      1623.5743110167325085     98
23 9947.8562452247697365     6400.5040637753700139     103
24 10306.371176913375166      1644.0189018868534276     107
25 10305.782136968880877      626.91844418773678171    112
26 10761.105297152804269      444.254537686911533      116
27 10765.562633790103064      749.45674837782985378    121
28 10298.288662887278406      317.23203942541516653    125
29 10289.525218942088031       51.607657382295641924   130
30 10283.290212271229393      154.01713835101395489    134
31 10449.114750432590881      137.87750874101513432    139
32 10282.399698845296371       60.832547915127456406   144
33 10100.259433132077902       86.702450563867330402   148
34 10273.673960580645144        2.3146797958906430992  153
35 10386.641774240399172        1.9414210112948606657  157
36 10048.342991165927742      895.92967364335856928    162
37 10041.955796089092473      438.48372909382112539    167
38 10757.605136436222892        0                      171
39 10562.758683592715897       12.83794989133014397    176
40 11720.002927154497229      1473.7238936807177652     180
41 11325.730006959523962      514.43065660145555285    185
42 9855.0055726095306454     5247.7177867882674036     190
43 10760.052164515122058        0                      194
44 10218.140723691642052       95.605708033086472142   199
45 10146.430735373212883        7.8525989789624741633  203
46 10561.796595284415162        0.05470798588527234219 208
47 10376.722656223879312       22.781066336900785529   212
48 10751.622054673842285      18058.054996695838781      217
49 10369.131227308218513      10191.369678009123163      221
50 10766.866385571554929        0                      226
51 10795.473518834627612      1611.1208825327846625     230
52 10362.10305958697063         5.6134241473446984116  235
53 10382.786409681311852       87.727916308959166258   239
54 9210.2318750795093365     272.09516148623055187    244
55 10783.190298822304612        0                      248
56 10832.681955770214699       68.707404863369859527   253
57 10803.515141448973736      3015.6566987687351684     257
58 10208.03108829437042        20.592600089830789045   263
59 9307.1781033746337926       0                      268
60 8343.8800997556099901     1578.8831959610818103     272
61 10566.267631588470977        0                      277
62 10679.193097769899396      200.5180571480845515     282
63 10768.582081299067795        0                      286
64 10380.914855499113401        0.00728432246447457965 291
65 14343.060840388070574      4808.6472486281190868     295
66 8318.8855628852506925      89.109891240559093717   300
67 8407.3836221548717731      81.808697911488195587   305
68 8563.465142912862575       18.310405816209627261   309
69 8627.0025064105429919     1299.5688644388396824     314
70 9220.0135389380575361     2001.8863581997361507     319
71 9657.5466284943904611     919.57376800032193387    323
72 10360.634938443219653        0                      328
73 11100.221971563360057       19.595128895876314346   332
74 12150.616742486718067      13198.561401760882291      337
75 9331.6671684986340551     1846.1041098443583905     342
76 9522.5008380292656511     8217.3769552594676497     346
77 10345.822807460372132      380.44289322886697846    351
78 9326.0719758899722365       0                      356
79 9350.1771272683727148       5.7138190378902216082  360
80 10566.377158228515327        0                      365
81 9972.5128726111197466       5.9061839320317108815  369
82 10560.252532683130994        0                      374
83 10490.777103335161883        7.4070017144625062144  378
84 10379.429026221609092        0.00708249990290507354 383
85 14336.170626107603312      4729.461001199587372      387
86 8159.6924053895745601     1261.3183553338196816     392
87 9109.0006935266465007       2.0593488126676606775  397
88 9801.930226937703992        9.8624375109801647454  401
89 8766.5380764653054939       0                      406
90 9631.0343218738344149       0                      410
91 8837.767816754987507        0                      415
92 8602.7153523866836622       6.1808373919796490981  420
93 8767.5789657550085394       0                      425
94 8888.978238841982602        0                      429
95 8962.8954595713003073      97.710919230361056975   434
96 9492.8370871453425934      37.830517495196467337   438
97 8613.7589789904632198     234.29912263535072725    443
98 8690.6432443546200375     717.11377237825377051    447
99 8907.0089197729394073     583.95969977823824593    452
100 8956.1171441173646599     195.67171273214509597    456
101 11740.309489867804587       17.618400549456119109   461
102 9384.7289584060290508     284.52516525187144225    465
103 10273.821615280814513      1421.768454897113088      470
104 8485.372820268603391       83.222100008861673359   474
105 10843.380500089029738      90768.919211097294465      479
106 11744.874148965887798      649.60297491181245277    483
107 8612.9117617977444752     340.11312152632518746    488
108 10268.685949306967814        0                      493
109 9873.446509877256176       23.260301608684834207   498
110 8481.477189788247415       53.982952207450843218   505
111 8687.7226198533062416     359.80960561332329917    509
112 8498.0281518293559202       0                      514
113 8711.1138239092124422     1759.2660704439083474     518
114 9840.4411345519529277       7.1678936737518643696  523
115 9665.7941128704096627       9.0459049634287076458  528
116 9857.559613802261083        0.20800480244023564214 533
117 8571.9585854825490969       0                      537
118 8584.5353193976407056       9.980807599029171584   542
119 9009.2686886633291579       0                      546
120 8764.0351060294742638      35.959335722722400419   550
121 8830.2541894725654856       0                      555
122 9066.2865352407588944     972.68469078196710598    559
123 8522.7408517647800181     2768.5556686769527914     564
124 9067.9776368843504315     112.32947180808844223    568
125 8515.3049635964944173     612.93603721567399134    573
126 8458.293264936455671        1.62012809194520635    578
127 8673.2104481253118138     390.39287157816829676    582
128 8771.3651290463458281     836.12132964877719132    587
129 9582.1240586401272594       0                      592
130 14790.801379572571022      7478.6910664570541485     597
131 8450.6002712413774134     10430.162971069177729      601
132 8459.9022308365820209       0                      606
133 8483.4455889267228486     3578.0125931613902139     611
134 9959.4098785904352553       2.9565951744220875241  616
135 9970.9661702118519315      11.745826663111907706   621
136 8278.4234880754356709       5.0716265780502718385  625
137 8778.4857562946926919       2.5943343233466955589  630
138 9847.8954243035550462       3.3537076395270077889  635
139 8552.8504137748313951     320.38187927869614668    639
140 8591.9531786327570444     1353.8683706481378977     644
141 8782.648715445662674       14.494100362637055923   649
142 8456.1038308823735861      68.117094290307164783   654
143 8920.6463793342682038     557.98861849769934906    658
144 8949.1233904422297201     1771.4194486206479269     663
145 8496.1158069953235099     2619.804708325907086      668
146 8225.5986556945026678     11257.969778382783261      673
147 15071.480076792257023      123567.58648891851772       677
148 8653.228459547903185      3812.1598089213293861     683
149 10134.312614362646855        0.39097431065645021908 688
150 9646.1609501026432554       7.9464085912117550237  693
151 8379.9742913690297428       0                      698
152 8706.3020323330674728     186.91384172841785016    703
153 10143.789440556936825        0                      709
154 10143.391122130784424        0                      714
155 8546.3098361729025783       0                      719
156 8552.4893483043852029       0                      724
157 8515.6080170616514806       0.00563644493112188359 729
158 8483.1899350461535505       9.2456635623799652279  734
159 8661.4623023800413648     509.73780191806406492    739
160 10360.475975868150272        0.32193621820046480764 744
161 10173.517641209062276        5.8072774081875486729  749
162 10783.178748608104797        0                      754
163 10323.44702770278127         0                      759
164 8324.6646671655907994     3564.1159500400426623     764
165 8409.5229914278133947      23.679581185642454955   769
166 8931.5713910979320644     136.15343391586327471    774
167 8913.6989036299692089     393.26191535521491005    779
168 8726.3232303970817156      73.417737091044230624   784
169 9269.5671957359336375     146.14988089706514529    789
170 8468.3588391757111822     613.1445073489180686     794
171 8524.3718336392939818     1256.16785181914247       799
172 9978.4026829067879589     1717.4256006343364334     804
173 9612.4235792004255927     5172.7426319734322533     809
174 8905.9283214287843293     3371.5064691542993387     814
175 9742.4739953075822996      49.137517516931396244   819
176 10140.115679113721853        0                      824
177 8756.3576360399474652      13.108640230406294336   829
178 8516.7469028800660453       0                      834
179 8446.457683689892292        2.574462792838113856   839
180 8163.8563091083515246       0.08783461876189427309 844
181 8508.4616258092137286      36.870067348611115676   849
182 8144.4356520788960552       0                      854
183 11041.570337109355023      937.00325101764258307    859
184 8244.9378584175792639       0                      864
185 8414.5832997177367361      21.222746194266015607   869
186 8506.5897793537842517      37.906047428475574179   874
187 8512.6768016053865722      74.275475190716477414   879
188 8752.6814991833580279     173.20947377473564188    884
189 8710.8339166289479181       0                      889
190 8166.6862874560429191       0.26993236992542896102 894
191 8556.0092742571468989      19.716375665326715705   899
192 8183.6505922807982643       0                      904
193 8221.0478053168844781     500.56331450584690401    909
194 9659.546874668703822      466.40795540926757212    914
195 8261.4641543287798413     2488.9337612564472693     919
196 11487.043015274579375      536.02645834592965457    923
197 8839.1891400724707637     1817.5319345758748568     929
198 8855.4194827236660785     150.41302121976724493    934
199 8497.7566989904171351       0                      940
200 10113.220162152550984        0                      945
201 8546.2912604170578561      31.425315652291931912   950
202 8454.1106621519411419      29.403541487721895464   955
203 8434.4569277365699236       0                      959
204 8460.9447258452109963      81.73672170819781968    965
205 8590.9027978885042103     332.4286185166413361     969
206 8236.4687553135790949      21.406649569462153693   974
207 8170.2285505791687683      10.771359814737389016   979
208 8170.646360501831623      156.92894238231696136    984
209 8163.3164475613266404       0                      989
210 8246.4484213915638975       7.8639407295922945096  994
211 8947.9369279034544888      55.159134326071040277   999
212 8196.3975544390232244     1844.5790684535722903     1004
213 8474.0255483528271725     503.8115746607028882     1009
214 8186.561776974634995       10.168821339287505978   1014
215 8414.9395268632433726      55.149009886797827562   1019
216 9049.8154918661148258       0                      1024
217 9081.0711308190439013     1164.7946653608428278     1029
218 8317.1069393850921188      94.030987930443103551   1034
219 8371.399320332089701       55.223333893990755428   1039
220 8117.4635644521113136       0                      1044
221 8311.8399017403007747       3.7146404884279227154  1050
222 8244.9252991554894834      11.351583990131439705   1055
223 8413.3812701669376111      54.204391306856003041   1060
224 8414.6595465985847113      36.970178026131279125   1065
225 8184.5535778356816081     143.57673205620332624    1070
226 8465.1350956149817648       3.1535548724364801387  1075
227 8091.1505045764060924       0                      1080
228 8385.9540847173593647       0                      1085
229 8103.445287391693455       45.071726077715389636   1090
230 8226.1305458477690991      59.447365693686769816   1095
231 8090.4145212644016283       0                      1100
232 8205.7433888443065371     573.58411717027308896    1105
233 8126.4766150039540662       0                      1111
234 8250.5939118896840228       0                      1116
235 8102.8242188760959834     180.20414198672565931    1121
236 8301.2791825505428278      54.740714301992468904   1126
237 8088.1469605014581248       0                      1131
238 9629.0791494864824926       0                      1136
239 10129.263465393971273        0                      1141
240 8136.364974527981758      219.87251988214626408    1146
241 8295.5508549550959287      45.855496088521171316   1151
242 8489.3416723878253833      39.134754288182215021   1156
243 8179.3584029977919272       7.8152935113961339297  1161
244 8118.3420548613275969      92.120073426810208161   1166
245 8116.5490561436117787       0.0000320133181777625  1171
246 8334.9046131999803038     393.68457341845999053    1176
247 8445.2581494200840098       0                      1181
248 10286.775848358160147        0                      1187
249 8104.9872992897771837       0                      1192
250 8109.1426589182347016       0                      1196
251 8451.8505875426162675      10.989924891288588071   1201
252 8213.245704473947626      946.86891315022239723    1206
253 8202.8618437984423508     1617.0371742085901587     1211
254 8263.2176656048704899     249.06452077324473748    1216
255 8446.1762747765187669     3421.9630898310460907     1221
256 8517.6395885842903226      31.392232975371545223   1226
257 11337.488463982335816      736.07485964205250184    1231
258 8543.673874780524784      3818.7132726930631179     1236
259 8341.3016677895138855      77.715236766313751104   1241
260 8440.7953192042532464       0                      1247
261 8450.6718885906575451       0                      1252
262 8136.1359074925294408     192.22300374970021153    1257
263 8233.2802353408460476      86.876788275658114458   1261
264 8101.9610959305518918       0                      1266
265 8136.1590793713821768      11.316918330972876916   1271
266 8229.3142608360740269      64.29751968174221588    1276
267 8284.9483948255765426       0.6876487646514117813  1281
268 8117.587523434312061        1.3734519536261615702  1286
269 8948.9589270780634251      30.042322787094466463   1291
270 8104.2426981587977934     200.4585408566360627     1296
271 8108.0226670089996333     767.44949457910581714    1301
272 8141.3902764839904194     618.60683220407020144    1306
273 8423.2876954180683242     758.13105873620463626    1311
274 8470.6946809818509792       9.0783566917978077981  1316
275 8099.1643298938824955       0                      1321
276 8114.1196769559010136       0                      1326
277 8089.1486434422040475       0                      1331
278 8093.6411128135641775       0                      1336
279 8143.7865927062848641     156.62793578791033156    1341
280 8232.5991843023730326      92.634457323296558684   1346
281 8098.3676304224791238       0                      1351
282 8102.7430818817456384       0                      1356
283 8090.9714379644219662       0                      1361
284 8161.7600783432362732     138.13212576382949237    1366
285 8195.623016900903167        0                      1371
286 8322.0946590024886973      26.282237731131470326   1376
287 8088.4184568921446044     271.93378842746415103    1381
288 8097.3293476123963046       0                      1386
289 8135.3427716642063388       0                      1391
290 8167.3244316609197995       2.5047772177695106777  1396
291 8087.9408849925775939       0                      1401
292 8165.1441817722698033       0                      1406
293 8166.0186607822352016       0                      1411
294 8318.1885609321361699       0                      1416
295 8229.6768838439493265     175.4146705919112037     1421
296 8220.6787384419658338      99.980612098365256202   1426
297 8088.8058621728323487       0                      1431
298 8090.7333563388447146       0                      1436
299 8100.235585214522871        0                      1441
300 8116.841445747155376        0                      1446
301 8116.2621834721612686       0.00333733694516869395 1451
302 8171.3420075839012497       4.1676533188021451792  1456
303 8087.0934360328601542       0                      1460
304 8104.2715818422511802       0                      1466
305 8126.6326704476705345       0                      1471
306 8219.8593241416201636       0                      1476
307 8332.409862291860918       13.417466529169809419   1481
308 8233.0486230824189988     243.59101747322884535    1486
309 8144.8245791424687923       0                      1491
310 8099.4821457689458839       0                      1496
311 8098.4187663374286785       0.00105207509633070814 1501
312 8093.3969655726568817     137.37382984945185171    1506
313 8128.2608914429056313       0                      1511
314 8117.7304570078122197       0                      1516
315 8146.3388895408534154     246.78511435838169064    1521
316 8186.6742050852853936       0                      1526
317 8229.4531338712131401       0                      1531
318 8139.1412879363524553       0                      1536
319 8170.6085419575138076       0                      1541
320 8096.8084332276930581     203.03373350354485183    1547
321 8091.0211118142933628       0                      1552
322 8100.5372989815195979       0                      1557
323 8097.2437538658323319       0                      1561
324 8456.7695895762753935     109.41755354295909797    1566
325 8464.0583840186227462      73.013097426402396195   1571
326 8095.6808213924950905     238.20617793689669384    1576
327 8094.2466410526485561     144.56611180033794994    1581
328 8129.6960755760082975       0                      1586
329 8091.408280836252743        0                      1591
330 8087.4499751417442894       0                      1596
331 8088.0893859612915548       0                      1601
332 8095.826957318069617        0                      1606
333 8142.2377699719963857       0                      1611
334 8100.7657871306146262     119.15486950175966285    1616
335 8144.6139926054602256       5.2494122560281306633  1621
336 8090.7657597814504697     402.60651079927276896    1626
337 8086.3608862542187126       0.75932411436334512622 1631
338 8098.7678528495844148      10.260166898754551568   1636
339 8084.2995105652307757       0                      1641
340 8130.5584457312725135       0                      1646
341 8109.6954669085034766      50.535392061640962424   1651
342 8085.2861464234520099       0                      1656
343 8100.1809769207975478     316.23842213051716499    1661
344 8122.5388941627497843      68.014540413256952434   1666
345 8316.6472188153020397      34.857944275664010547   1671
346 8127.2353190960093343       0                      1676
347 8089.1802443026936089     136.4835294936717105     1681
348 8083.4874471437105967       0                      1686
349 8095.1608944047657133       0                      1691
350 8093.6852398970304421       0                      1696
351 8107.0718856036446596     223.73166209739267174    1701
352 8092.5749078236585774       0                      1706
353 8116.5772848969309052       0                      1712
354 8126.7398803776386558       0                      1716
355 8090.2197069771445967     143.2549316883203403     1722
356 8089.3994416731902675       1.0402400062740175812  1727
357 8089.2532492643322257       0                      1732
358 8129.4443189322528269      17.821770812490672853   1737
359 8107.1894231525675423       0                      1741
360 8164.4375204826128538     212.36414442756930043    1746
361 8128.0235002459367024     641.16497439452018625    1751
362 8101.6371523375755714       0                      1756
363 8118.2840868400335239       0                      1762
364 8118.3644858380612277       0                      1767
365 8090.0408798644002673       0                      1772
366 8088.5764518076466629       0                      1777
367 8630.3445461563642311     142.59247220798886246    1782
368 8194.3907690945688955       2.4389547928552284262  1787
369 8086.871506128521105        0                      1792
370 8097.7457058721356589       0                      1797
371 8126.2613579653298075       0                      1802
372 8091.488218145655992        0.20147770276275955847 1807
373 8086.5449656344626419       0                      1812
374 8093.6726276890340159       0                      1817
375 8084.0983514702238608       0                      1822
376 8086.1518680933404539       0                      1827
377 8087.0398114019781133     118.86560926346213307    1832
378 8099.8834333731920196       0                      1836
379 8095.8591452260170627     355.86384576060305562    1842
380 8100.8532004887238145     240.76495438181231634    1847
381 8095.0873287412314312     184.20803914459662565    1852
382 8132.4201329824109052      14.784756025690354519   1857
383 8112.766982065438242        3.44459835702586048    1862
384 8146.1388780954266622     195.77779956366524061    1867
385 8088.3500345106322129       0                      1872
386 8093.5514454579752055     369.9717143996285813     1877
387 8083.6137048731825416       0                      1882
388 8118.5605925166546513       0                      1887
389 8084.0872484109613652       0                      1892
390 8084.1784708080022028       0                      1897
391 8085.200515246930081        0                      1902
392 8088.6880534498322959       0                      1907
393 8086.9064607072095896       0                      1912
394 8115.7822212079681776       0.41616098211715657484 1917
395 8088.2590341962195453     435.46519576379137106    1922
396 8083.3531998125336031       0                      1927
397 8095.8299152683575812     367.38851125793740948    1932
398 8108.4399739622695051      26.415269487164671602   1937
399 8083.1549082228220868       0                      1942
400 8109.9554441003829197      17.956405816397325026   1947
401 8089.1315945737906077       0                      1952
402 8088.7949466619184022       0                      1957
403 8098.1371457067580195      10.082333629464645952   1962
404 8091.171011985403311        3.0490381300220468219  1967
405 8350.5163704701772076      36.018759366758793306   1972
406 8391.2869484473230841      38.361760699563212995   1977
407 8083.9124056747432405       0                      1982
408 8092.4030215776192563       0                      1987
409 8086.0129470282581678       0                      1992
410 8092.6742135421736748       0                      1997
411 8095.1720348452990947       0                      2002
412 8083.2552395226093722     333.37294980516378473    2007
413 8083.9559484526644155       0                      2012
414 8104.0552468587111434     271.63376894541841011    2017
415 8160.147126109304736      1810.8615585777345132     2022
416 8134.9655103393070021     259.00446261375304857    2027
417 8101.6261348426569384     399.79709656548158137    2032
418 8110.7464501495878721      39.759836465067088795   2037
419 8082.3344449409833032       0                      2042
420 8088.0992343066282046       0                      2047
421 8086.8547826550502577       0                      2053
422 8087.1753100912428636       0                      2058
423 8098.9239685469920005      23.298444818145132018   2063
424 8108.5212347430906448       0                      2067
425 8109.0479817349059886     136.1307465342558487     2073
426 8192.0265327263405197     127.14710984104821989    2078
427 8082.3626083443641619       0                      2082
428 8083.713471332566769        0                      2087
429 8083.1246092472065357       0                      2092
430 8084.424428052919211        0                      2097
431 8087.1437089244955132     116.94767623637110887    2102
432 8094.8166992683272838       0                      2107
433 8083.1323590092606537       0                      2112
434 8095.2945178573663725       0.60364066180824638153 2117
435 8117.2681943359548313     111.34231013224817275    2122
436 8136.9644305592382807       0.90474509080344767131 2127
437 8082.4734241344040129       0                      2132
438 8089.229484146417235        0                      2137
439 8086.5575674968940803       0                      2142
440 8086.4274337775386812       0                      2147
441 8133.566193456153087        1.8438818036281678925  2152
442 8122.7929664086941557      82.881896875423137772   2157
443 8123.9760340629100028     220.7415069254566049     2162
444 8090.5381436506295358       0.01979218910923147279 2167
445 8082.388867212371224        0                      2172
446 8082.6300608233041203       0                      2177
447 8082.3605706734069827       0                      2181
448 8082.3543914387582845       0                      2186
449 8083.193676814706123        0                      2191
450 8085.1439424637092088       0                      2196
451 8084.1896092237084304     355.4648236708177933     2201
452 8086.2533852731530715       0                      2206
453 8125.0388926982122939     192.92205528807124892    2211
454 8121.5606938424025429     679.93468713483957799    2216
455 8084.1276712179969763       0                      2221
456 8085.1437501446162059       0.03455178581072737565 2226
457 8085.1188698818104967       0.01549312305566515578 2231
458 8084.31198122751357       334.85629132580254463    2236
459 8082.3024874382226699       0                      2241
460 8082.4291914354416804       0                      2246
461 8082.9621676972374189       0                      2251
462 8082.9632576416015581       0                      2256
463 8122.7001233420969584     223.00132130499338245    2261
464 8090.4821863250026581       0.01927122814336590037 2266
465 8082.2657210393217611       0                      2271
466 8085.5891287198674036       0                      2275
467 8082.0061195425678306       0                      2281
468 8089.1872447615005512       0                      2286
469 8087.5949679385612399       0                      2291
470 8085.0301550964513808       0                      2296
471 8090.6824763238519154       0                      2301
472 8089.0479393550858731       0                      2306
473 8318.0665223476862593      55.05118454444586007    2311
474 8300.7717281924360577      49.335791406690667316   2316
475 8081.9987596121964089       0                      2321
476 8082.0130578851230894       0                      2326
477 8082.8140278431155821       0                      2331
478 8085.9303504901045017       0                      2336
479 8089.4227650554248612       0                      2341
480 8319.2938760488650587      54.873785834596759514   2346
481 8089.762348131046565        0                      2351
482 8082.0175674216534389       0                      2356
483 8082.8150563409408278       0                      2361
484 8089.7917997201375329       0                      2366
485 8081.9714149210349206       0                      2371
486 8094.8328926927952125     367.43316103439263998    2376
487 8097.1053946008069033       0                      2381
488 8085.04569490592894         0                      2386
489 8325.5223140497128043      54.001069823246425017   2391
490 8299.8115991292015678      49.704445066271702558   2396
491 8082.0260959910974634       0                      2401
492 8082.934540667906731        0                      2406
493 8088.1278245064613657       0.07973348021924785145 2411
494 8083.079925464934604        0                      2415
495 8089.3698750826224568     116.48141153814138704    2420
496 8090.7955032957124786       0                      2425
497 8101.3308180479025395     181.73192851531956649    2430
498 8102.3502911952318755     221.27575017639279054    2435
499 8121.2910417773000518      78.471165851969416849   2440
500 8105.2879512452218478     275.00963997758657342    2445
501 8121.8415405025889413      98.90521767193921221    2450
502 8084.5763950840973848       0                      2456
503 8084.3932556699000997       0                      2461
504 8120.2053132862420171       2.4582349940708221325  2466
505 8118.7162252750849802       0                      2470
506 8190.3909755208824208      25.237546331381455644   2476
507 8328.2818626341613708     543.19536298020102549    2480
508 8180.6725724573925618     136.71817852083142952    2485
509 8109.2413345142394974       1.9547585615410552062  2490
510 8083.0067354076963966       0                      2495
511 8083.4331752371526818       0                      2500
512 8115.8619719325160986       0                      2505
513 8081.9795506114351156       0                      2510
514 8082.0008718463623154       0                      2516
515 8082.9041846649652143       0                      2521
516 8083.2683110518391914       0                      2525
517 8082.1719945471750179     337.26075394893922521    2530
518 8082.8448876813608877       0                      2535
519 8117.1105824782689524       0.95230469730749134349 2540
520 8084.3497350699417439       0                      2546
521 8082.8278825152656282       0                      2551
522 8115.3119313128554495       0                      2556
523 8084.2488648795542758       0                      2561
524 8116.1539740584639731       0                      2566
525 8118.7769435989166595     232.61775094670213093    2571
526 8090.7857835781287577       0.00253370867284200864 2576
527 8082.0932850546314512       0                      2581
528 8081.980163772738706        0                      2585
529 8082.0204319936547108       0                      2590
530 8082.0120137346711999       0                      2595
531 8083.7669805105506384       0                      2600
532 8082.1968272138356042     337.78176469625395839    2605
533 8083.7364593568545388       0                      2610
534 8083.9657542701170314       0                      2615
535 8116.6741504544515919     519.91850008151993734    2620
536 8122.976892850691911      114.23289936158401758    2625
537 8092.7763696203701329     146.66764223682059765    2630
538 8085.0645996364428356     290.73161804678011322    2635
539 8085.1544953473439818     293.00137166368870112    2640
540 8121.6770219784293658       2.6361080880688017025  2645
541 8084.8140971074581103     368.55797428110594183    2650
542 8082.2273475085512473       0                      2655
543 8082.0114788935588876       0                      2660
544 8082.0330856116206633       0                      2665
545 8082.1434095483527926       0                      2669
546 8082.1766596285742708       0                      2674
547 8116.923626895997586        0                      2680
548 8081.9618249540808392       0                      2684
549 8082.1463028447105899       0                      2689
550 8082.5923400065803435       0                      2695
551 8082.8709330622232301       0                      2700
552 8120.1331687410674931     118.56197712363415064    2704
553 8120.218180608440889      118.23048498948429597    2709
554 8116.7295431983811795     234.93836962247149813    2714
555 8091.0837021385432308       0.00430261112143507513 2719
556 8082.2304455895637147       0                      2724
557 8082.2434196894764682       0                      2729
558 8083.5071085981526267       0                      2734
559 8115.7228286265963106       0                      2739
560 8081.9589941879412436       0                      2744
561 8082.2153713921170493       0                      2749
562 8083.185065670439144        0                      2754
563 8088.1535337264194823       0                      2759
564 8129.7465217404333089       2.9127418267162177301  2764
565 8129.4493920788499963       2.6729371998210558203  2769
566 8179.3382880940262112     136.02665899069373268    2774
567 8109.2772498643043946       1.9115475766379153022  2779
568 8081.9947191837027276       0                      2784
569 8082.3100233325576482       0                      2789
570 8083.4734326828374833       0                      2794
571 8082.0242064149824728       0                      2798
572 8082.1577628226259549       0                      2803
573 8083.5574144592601442       0                      2808
574 8082.9806538851416917       0                      2813
575 8088.7784782258740961     117.32244512864332364    2818
576 8118.2340744560160601       0.00057476905125579143 2823
577 8112.574128580507022        0                      2828
578 8085.0433081482478883       0.06569976838474951564 2833
579 8116.8719514316699133       0                      2838
580 8118.3163318322567648       0                      2843
581 8084.9364499175107994       0                      2848
582 8087.3896381961003499       1.3166025325255097389  2853
583 8084.8317992510883414     366.17515823308718836    2858
584 8082.1786145576779745       0                      2863
585 8082.066679520768048        0                      2868
586 8081.9823473711694533       0                      2873
587 8082.032326810430277        0                      2878
588 8082.0941664439151282       0                      2883
589 8082.8895892848358926       0                      2888
590 8083.0531761684615049       0                      2893
591 8088.6973649804931483     113.74137399238604473    2897
592 8084.4531408768025358     371.61850549310440783    2902
593 8117.6670331436725974     418.73197066870625349    2907
594 8120.693238826887864      101.7367226861831        2912
595 8082.419560069284671      341.86273955439617112    2917
596 8082.1081717629313061       0                      2923
597 8082.3309117629441971       0                      2928
598 8119.8906246026872395       0.02660542971410754381 2933
599 8084.3694156792935246     363.19072764748244708    2938
600 8082.001494965562415        0                      2943
601 8081.9607141973183388       0                      2948
602 8081.9840653523688161       0                      2952
603 8082.9702758883704519       0                      2957
604 8081.9722881843335927       0                      2962
605 8081.9758392558751439       0                      2967
606 8082.0341698008869571       0                      2972
607 8082.1666504825916491     335.3494102737614071     2977
608 8082.8015577693931846       0                      2982
609 8116.0145560974733598       0                      2987
610 8117.0810399860274629       1.6942264580209880354  2992
611 8081.9587770886691942       0                      2997
612 8081.9671459149521979       0                      3002
613 8081.9812683757245395       0                      3007
614 8082.0790890814569138       0                      3012
615 8116.1968103934086685       0                      3017
616 8114.1640478739973332       0.05438415731124211783 3022
617 8082.4912813830642335     344.80190223412614614    3027
618 8082.0125208979206946       0                      3032
619 8081.9666960278591432       0                      3037
620 8081.9624451639165272       0                      3042
621 8081.9673541559122896       0                      3047
622 8082.0107635017511711       0                      3052
623 8082.0708795855871358       0                      3057
624 8082.7981607558822361       0                      3062
625 8082.9594178957577242       0                      3067
626 8088.3826103167893962     109.49902510923304533    3072
627 8121.6272982058262642      96.700192038315677223   3077
628 8118.3607322709494838     512.15606791663890363    3082
629 8081.9224936411892486       0                      3087
630 8082.2867875103274855       0                      3092
631 8082.0463263192050363       0                      3097
632 8114.1683821231308684       0                      3102
633 8114.8564574702759273       0                      3107
634 8082.1832285369036981     335.10803105181275896    3112
635 8081.9397543846598637       0                      3117
636 8082.9550831768256103       0                      3122
637 8081.9292845302197748       0                      3127
638 8081.9151187665493126       0                      3132
639 8081.9679064506781287       0                      3136
640 8082.8893162287095038       0                      3142
641 8082.9721328212290246       0                      3147
642 8082.1704328653149787     334.20036462964458224    3152
643 8081.9348081682401244       0                      3157
644 8081.929658463935084        0                      3162
645 8081.915516104035305        0                      3167
646 8082.0055695247110634       0                      3172
647 8082.8312315987159309       0                      3177
648 8084.0109764717863072       0                      3182
649 8082.1605025784774625     333.37565450306823323    3187
650 8082.9223788947847424       0                      3191
651 8084.8865699959178528       0                      3196
652 8117.7523795646739018       0                      3202
653 8116.6008704377927643       2.8923498123501296675  3207
654 8086.7473939846249777     119.84428839205550332    3212
655 8081.9280489766124447       0                      3217
656 8081.9827815507969717       0                      3222
657 8114.2603383132955059       0                      3227
658 8082.1835273303468057     331.95889738674941327    3232
659 8081.9305954662640943       0                      3237
660 8081.9443189282110325       0                      3242
661 8082.7546523790242645       0                      3247
662 8082.8382256692921146       0                      3252
663 8082.8120528504650792       0                      3257
664 8083.9999490284080821       0                      3261
665 8084.0798673852286811       0                      3266
666 8082.1628673016548419     331.98469205455342035    3271
667 8083.9931372698119958       0                      3276
668 8115.5473340809658112     487.47722498408018055    3281
669 8123.0243881612332189     107.43778215144423882    3286
670 8092.1337129187822939     137.22791651817487946    3291
671 8082.1105225499204607       0                      3296
672 8084.9526279904084731       0                      3301
673 8113.4217275664523186       0.20293905550819593686 3306
674 8117.2553113572730581     649.88637785106402589    3311
675 8082.2061148154034527     331.10924515755925768    3316
676 8081.9271162721661312       0                      3321
677 8081.9822569468869915       0                      3326
678 8081.9171294087445858       0                      3331
679 8081.9429209166828514       0                      3336
680 8081.9321344942090946       0                      3341
681 8082.1636453991786766     333.09223647733989537    3346
682 8082.8126088994140446       0                      3351
683 8082.9199913934398865       0                      3356
684 8084.0070310407963916       0                      3361
685 8116.4154826271833372       0.00018835649798436868 3366
686 8116.6880379938083934       0                      3371
687 8081.9950792979079779       0                      3376
688 8083.5482055324591784       0                      3382
689 8116.6435505155004648       0.0019156324557755124  3387
690 8083.9727637076211977     344.43542253175786527    3392
691 8081.9155207554531444       0                      3397
692 8081.9191705067687508       0                      3402
693 8081.9174166122047609       0                      3407
694 8083.4318791422310824     299.58820172437458496    3411
695 8089.1544967543732128     117.61108264801966072    3416
696 8083.0262753494953358     321.64838847941723543    3421
697 8083.9899556892496548       0                      3427
698 8084.1368537411426587     291.77808622469780175    3431
699 8114.8351153887515466       0.85248580484586400363 3436
700 8118.8930599896248168       0                      3441
701 8086.6488349065812145     125.22419575328902397    3447
702 8083.6829583836033635       0                      3452
703 8083.6842480498762598       0                      3457
704 8118.7799749015257476       3.6527093921859528081  3462
705 8082.7535575608608269       0                      3467
706 8081.9163619098035269       0                      3472
707 8081.9191948144507478       0                      3477
708 8081.9443438167600107       0                      3482
709 8081.9929714388799766       0                      3486
710 8083.9884955984316548       0                      3491
711 8088.3138388602483246     111.14183705929168866    3496
712 8116.5754308693722123       0                      3501
713 8116.7607225343836035       0                      3506
714 8119.4490767651795977       0                      3512
715 8081.9162248666279993       0                      3517
716 8081.9888256743861348       0                      3522
717 8082.1625053116522395     332.53839088270393631    3527
718 8082.7533523686151966       0                      3532
719 8088.3152882093845619     110.81799840984875516    3537
720 8083.0007325325213969     322.15116088678820461    3542
721 8122.0399207510035922      87.974146958709098953   3547
722 8117.8704826655002762     502.15061549355641546    3552
723 8117.9816820773366999       0                      3557
724 8121.9286516309157378      88.258214864093716301   3562
725 8117.8292872627353063     503.20911326109006723    3567
726 8081.9945348779774577       0                      3572
727 8081.9719996276144229       0                      3578
728 8081.9755481224947289       0                      3583
729 8081.9164449962099752       0                      3588
730 8081.9171255172268502       0                      3593
731 8081.9186758322175592       0                      3597
732 8082.7545906771301816       0                      3602
733 8082.9249325361197407       0                      3607
734 8117.8656524042617093     416.53929042635223823    3612
735 8120.6263629842969749     100.77127091739447451    3617
736 8081.9206835495560881       0                      3623
737 8082.756175347178214        0                      3628
738 8119.3836317828372557       0                      3633
739 8082.9225979244638438       0                      3638
740 8082.1723429173352997     334.79012136250503318    3643
741 8088.3266822002269691     111.15436506187459997    3648
742 8089.061435030607754      133.4161486882204315     3653
743 8083.4284010389537798     299.54170893356644001    3657
744 8089.1468641748451773     117.59826895592193807    3662
745 8084.1455573161829307     291.86045365937673068    3667
746 8120.3891844373420099     523.17289450241332815    3672
747 8120.6775117259421677      70.943416839720853773   3677
748 8081.9277345964619599       0                      3682
749 8082.8169049443067706       0                      3688
750 8124.2851641359129644     113.05145656998506354    3693
751 8082.9482133359324507       0                      3698
752 8085.0519401290557653     342.89208261297170566    3705
753 8086.6454968109428592     125.91176585546750744    3710
754 8092.1592595925158093     137.42191071391408741    3715
755 8093.07346602938469       171.28685345995234002    3720
756 8084.0049111026946775     342.56675872423966211    3725
757 8083.9819683354544395     322.16184130380173656    3730
758 8114.9174983108987362       0.92432597479088474124 3735
759 8118.398157216313848        0                      3739
760 8082.4910330404227352     357.111414235870825      3745
761 8117.2586480217369171       0                      3750
762 8082.4954242079738833     358.87015193793848766    3755
763 8087.1936971564582564     148.99406149087732842    3760
764 8085.0577809976339267     341.7965617039176891     3765
765 8086.6483658166189343     126.95975836857290631    3770
766 8092.1455120259834075     137.27099666594079963    3775
767 8093.0619609809264148     171.21160886840831949    3780
768 8083.9652564784228161     324.318621837384228      3785
769 8117.8326772950931627     418.97403172195953402    3790
770 8120.6861341759804418     101.70869336911582081    3795
771 8082.1628485197270493     333.92999809756719287    3800
772 8082.7549206886806132       0                      3806
773 8118.7084985167102786       0                      3810
774 8114.7301702821223444       0.95422318923740989671 3815
775 8082.1612705532761538     331.68064025877936274    3820
776 8081.946321314184388        0                      3826
777 8081.9475359718317122       0                      3831
778 8115.8369263571375996       2.6683758113106188503  3836
779 8082.78521707735581         0                      3841
780 8081.9438694486516397       0                      3845
781 8082.7558430909612071       0                      3850
782 8083.6554358316707294       0                      3855
783 8083.6295900616260042       0                      3860
784 8082.9527314884117004       0                      3865
785 8116.6627560398628702       0.00042767600355284242 3870
786 8116.3197080362988345       0                      3875
787 8081.9206835495597261       0                      3880
788 8115.2329053950115849       0.04249194975668946911 3885
789 8115.3096812965504796       0.05966373156210608847 3890
790 8081.9907422604719613       0                      3895
791 8082.5040090381353366     359.76166651751157133    3900
792 8083.9933251506845409       0                      3905
793 8086.6553775415577547     126.97357304104284026    3910
794 8092.1322378396325803     136.76083947590370826    3915
795 8083.9756112238474088     342.11337139171200761    3919
796 8122.4459628142849397      94.298471035497527737   3924
797 8082.0035487904142428       0                      3930
798 8115.4567274466635354       0.39800711625813950389 3935
799 8086.6461067866357553     126.43516629327585576    3940
800 8082.1660826803517921     332.25535806025959573    3945
801 8083.3584437521703876     347.51930247404675356    3950
802 8089.1603061441037426     117.10598967768279977    3955
803 8089.1503382155578947     118.11736519939685763    3960
804 8115.3485933591182402     442.8986901383385657     3965
805 8122.5399762601609837     121.050039577474422      3970
806 8081.9206495070911842       0                      3976
807 8081.9207226971630007       0                      3981
808 8115.1682824730914945       0.93770338512125306352 3986
809 8117.1271631064064422       0                      3991
810 8082.7986017235534746       0                      3996
811 8085.1935468103811218       0                      4001
812 8118.2077130956822657       2.0581000658004540149  4006
813 8083.9888614348865303       0                      4012
814 8114.4452663270758421       0.78666922880463674428 4017
815 8082.7989988746348899       0                      4022
816 8084.0183672156708781       0                      4027
817 8117.1804551490804442       0                      4032
818 8082.7545559941117972       0                      4037
819 8088.31756993027102       110.14882465697995428    4042
820 8088.3225361445511226     111.64644903179197399    4047
821 8082.1720281186780994     333.95146206974601455    4052
822 8082.1648761327587636     331.39796647914954519    4057
823 8116.3716050026405355       2.783316693370057493   4062
824 8119.1702297735828324       0                      4067
825 8082.1723362665943569     332.55979830471932246    4072
826 8116.9275971277947974       0                      4077
827 8082.1660247780446298     330.84516020889492438    4082
828 8081.9194838771300056       0                      4087
829 8082.0119760957632025       0                      4092
830 8081.9847604919104924       0                      4097
831 8083.9843793784175432       0                      4102
832 8084.0121552564014564       0                      4107
833 8085.1994687622336642       0                      4112
834 8116.5287577587550913       0.00082659110436809034 4117
835 8116.4368737412733026       0                      4123
836 8088.3114969337775619     111.95921709217090267    4128
837 8082.1666969831730967     334.48448687743047003    4133
838 8088.3190959501444013     110.65097358313781228    4138
839 8088.3104717646374411     111.30921465429506156    4143
840 8120.639787497715588      523.96745240041639136    4147
841 8121.3066861353463537      75.979002120272568277   4152
842 8081.9233698682774047       0                      4158
843 8083.9926486939375536       0                      4163
844 8084.7959312123894051     342.440799409027818      4168
845 8093.0942399586137981     170.68070482029114032    4173
846 8118.0244601652939309     499.79852946994537888    4178
847 8122.4979745441860359      93.103726137255506501   4183
848 8083.9891155854447788     339.26139959260814294    4188
849 8084.9295660061807212       0                      4194
850 8121.9831833911885042      87.102997674205070666   4198
851 8082.7831256598865366       0                      4204
852 8114.390409660088153        0.87077353890402531267 4209
853 8082.8014668024416096       0                      4214
854 8084.8802163107557135       0                      4219
855 8082.017206981234267        0                      4224
856 8083.5070955688934191       0                      4229
857 8084.854596975844288        0                      4234
858 8085.1908267250810241       0                      4239
859 8118.7958884188628872       0                      4244
860 8081.9480346852324146       0                      4250
861 8115.0096583089780324       0.99902557666523394975 4255
862 8118.430222040065928        0                      4260
863 8082.823337262275345        0                      4265
864 8081.9429966318448351       0                      4270
865 8116.9010805488960614       0                      4275
866 8116.6277604544729911       0                      4281
867 8117.22922766609463         0                      4286
868 8081.9912796822918608       0                      4291
869 8082.8047455051364523       0                      4296
870 8082.9191081758044675       0                      4301
871 8084.0168102825718961       0                      4305
872 8085.1967691812751582       0                      4310
873 8120.4928290213465516     101.42365390323389818    4315
874 8117.7257536436600276     416.99107745880132825    4320
875 8119.3343471137086453       0                      4326
876 8117.4275062800188607       0                      4331
877 8082.8143122739902537       0                      4336
878 8082.7552682246505356       0                      4341
879 8082.1901807397480297     332.02701568380086883    4346
880 8115.6090852052702758       0.05945527458571715079 4351
881 8120.3534056850066918       5.0420944585649483116  4356
882 8082.1660247780400823     330.84516020889827814    4361
883 8117.5979590387805729       0                      4368
884 8117.046772421793321        0                      4373
885 8083.9778798264223951     342.47766728538653069    4378
886 8086.645815696313548      126.09020824818806261    4383
887 8092.137540482980512      137.05864888667832702    4388
888 8082.4929449819328511     358.29446369836659869    4393
889 8082.4994063634376289     359.44597617525300848    4398
890 8086.647902027388227      126.78079346880450373    4403
891 8117.2944939297030942       0                      4408
892 8082.4908449041267886     356.5367529293617963     4413
893 8116.6495243790059249       0                      4419
894 8083.9762586167571499     341.20539350942152623    4424
895 8092.1371463848099665     136.59240451642938297    4429
896 8092.1313908938655004     137.39814998625763565    4434
897 8083.980252568438118      344.3021922485442019     4439
898 8116.4581693202044335       0                      4444
899 8084.2275410563115656       0                      4449
900 8082.7832617677686358       0                      4454
901 8117.2884388605170898       0                      4459
902 8081.9444901388505968       0                      4464
903 8082.8015989741734302       0                      4469
904 8084.0143506071399315       0                      4474
905 8118.7765333313473093       0                      4479
906 8114.6686959291009771       0.83839966900901963243 4484
907 8084.8887583134755914       0                      4490
908 8081.9507148661941756       0                      4495
909 8082.9263065260911389       0                      4500
910 8088.3102320428342864     111.63388668983984076    4505
911 8114.9446545279115526       0.88045705122909101448 4509
912 8081.9486491007228324       0                      4515
913 8116.994774539590253        0                      4520
914 8082.9190409795255619       0                      4525
915 8083.9971784219869733       0                      4530
916 8082.7573847332350852       0                      4536
917 8081.9858504820695089       0                      4541
918 8081.9904444413541569       0                      4545
919 8083.9929198818872464       0                      4550
920 8085.9137238453322425       0.07040116202647601906 4555
921 8118.2284088789001544       2.0356253626821017022  4560
922 8081.9155516068603902       0                      4566
923 8119.0043448257874843       0                      4571
924 8117.0077810100165152       0                      4576
925 8082.9234475227231087       0                      4581
926 8085.047739847937919      343.98959533211473172    4586
927 8092.1502829763921909     137.38455482690804388    4591
928 8118.7472462958057804       3.6834743715838986766  4596
929 8088.3200401864478408     112.13971983828697887    4601
930 8081.9168212659114943       0                      4607
931 8116.7023655413659071       0                      4612
932 8081.9441515629632704       0                      4617
933 8082.1940438422097941     332.29760009095792839    4621
934 8088.3179417354185716     110.9746363848359465     4626
935 8088.3410699609012227     112.25994255722233106    4631
936 8082.1870122199479738     332.86383472362217617    4636
937 8119.612053368638044       82.635925621501186811   4641
938 8120.683680331020696      403.33877397877262183    4646
939 8083.9809942730416878       0                      4651
940 8119.2901934349010844       0                      4657
941 8082.7553443563374458       0                      4662
942 8081.9444769443598489       0                      4666
943 8117.0366911492337749       0                      4671
944 8118.1879685094845627       2.0914277500845108726  4676
945 8081.9863458419313247       0                      4682
946 8118.6548959080519126       0                      4687
947 8081.9428681556437368       0                      4692
948 8089.1816522039007396     117.58506518942483865    4697
949 8117.0679358210300052       0                      4701
950 8116.5432493238913594       0.00004942505096502382 4706
951 8089.0716377451553853     2269.4825630707027813     4712
952 8083.5183045296716955       0                      4717
953 8083.6679830395296449       0                      4723
954 8081.9887097762302801       0                      4730
955 8084.0162617830137606       0                      4735
956 8082.1612705532816108     331.6806402587827165     4740
957 8082.0206250392575384       0                      4745
958 8081.9434730164439316       0                      4750
959 8116.4036296133881478       0                      4755
960 8116.3827213838449097       0                      4760
961 8117.501449931370189        0                      4766
962 8082.7970092254154224       0                      4771
963 8116.9498353330782265       0                      4776
964 8082.7979317021618044       0                      4781
965 8084.8484637736937657       0                      4786
966 8084.8868269114327632       0                      4791
967 8116.3297486741039393       0                      4795
968 8120.7767174262571643       5.2772863537786616206  4800
969 8081.9206495070820893       0                      4806
970 8081.923270227897774        0                      4811
971 8115.6779081987078825       0.43683535195911460391 4816
972 8089.0635994487947755     131.79090548512292003    4821
973 8083.432901804481844      298.76379984544075796    4825
974 8088.3386459172343166     111.93401827832808237    4830
975 8123.0147693364560837     127.84304192365769381    4835
976 8115.6195862423137442     443.98198711673427397    4839
977 8081.9565504652928212       0                      4845
978 8081.9284555295662358       0                      4849
979 8117.1740515616002085       0                      4854
980 8083.3736000707003768     349.25385588161282158    4859
981 8085.9258761792352743       0.09882228142659596482 4863
982 8087.2357408983634741     150.49765923403217016    4868
983 8115.4266582077516432       0.06651043541922668778 4873
984 8120.6594370397997409       5.2332754074551708356  4877
985 8087.1698162747698007     144.69233905804995288    4882
986 8082.763189185666306        0                      4887
987 8081.9448984766613648       0                      4892
988 8082.5090750205808945     360.33802353320027123    4896
989 8082.5263647447600306     358.6534071710752869     4901
990 8087.202282238384214      149.20306601394162271    4905
991 8087.2353085953927803     150.30265935633732965    4909
992 8116.1817245927686599       0                      4913
993 8082.4952145646175268     358.57644185340143395    4918
994 8082.7818530574013494       0                      4923
995 8081.9442720986398854       0                      4927
996 8082.0178688908936238       0                      4931
997 8084.8856993983608845       0                      4936
998 8084.8566964586552785       0                      4940
999 8117.9913555281036679     503.31924255032151905    4944
1000 8121.9222439857503559      88.232095014459176241   4949
