1 11507.744585982554781      28912.107754943557666      4
2 12055.369984181268592      22455.735146299546614      8
3 11016.133013211961952      34491.977561018211418      12
4 11733.597715688167227      29921.293400874943472      17
5 11726.340024714520041      30194.577045853682648      21
6 11735.985126003137339      30113.680607144222449      25
7 11471.683008594764033      10806.133657341964863      29
8 11455.214761975994406      1909.2448603918201115     33
9 11501.878165159130731      10693.650824572659985      38
10 11455.023955750220921      1605.0686930852239129     42
11 11456.800850497806096      1451.2446623712357905     46
12 11689.459787814543233      30669.700212941752397      51
13 11240.644880253457814      2213.1204015412640729     55
14 10972.116925316156994      7086.4330502999082455     60
15 11235.195941190215308      1439.8218858455879854     64
16 10656.115003242597595      1109.6440280818201245     69
17 10192.210832851733358      506.18938439207795454    73
18 10691.021222595452855      528.31088020116351345    78
19 10335.116738466291281      640.20987551450070896    82
20 10832.86392903369233        97.455927759614439765   87
21 10670.909000680785539       45.70034802201413271    91
22 10459.407192555834627       79.89365725716905331    96
23 9647.7003032173779502     9200.6545369074992777     101
24 11079.605672249037525       60.249126794924556805   105
25 10536.068486226662571      204.39275383053981727    110
26 11081.866248142792756       47.115326145697672189   115
27 10316.270419801947355       45.900912961415855307   120
28 10696.642470491959102      346.08411252839715644    124
29 11586.281850749644946      2135.241053160229967      129
30 11578.536339114280054      1766.6515010195125797     134
31 11564.26220792280219       227.98777857234364319    138
32 10543.223460188426543      583.05895241063558387    143
33 11357.238981932530805      183.49975731528363099    148
34 10470.398381812723528       65.251654176774195548   153
35 10500.474839343660278       76.564293463955124253   158
36 10938.019704260208528        0                      162
37 10785.775740251709067        6.1038369986542706513  167
38 10485.427515825893352       50.03677278323139177    172
39 10438.959855758077538      115.97958628062343678    177
40 10719.855431623338518       32.016822485015531186   181
41 10519.896146835220861      594.65554614752431917    186
42 11962.268351523121964      5599.2333038800916256     191
43 10493.157190210697081      166.97477285899157096    197
44 11524.284458154572349        3.1812339748613971402  202
45 11175.354947132247617        9.5178513718519734965  207
46 10972.799525626021932        1.1966840330232486611  212
47 11093.172852453564701       72.72363995627834754    217
48 11234.402090071889688      728.97189800279409155    222
49 10731.031109771309275      925.13291038757165552    227
50 11248.176012463494772       16.412591168284585308   232
51 10583.043738975449742       30.239140776219375795   237
52 10565.054615382514385      364.67595006826638837    242
53 10936.361101596392473        0                      247
54 11066.737164182262859        0                      253
55 10992.72323190798852         0                      258
56 11751.460733852207341      125.57516205473081072    264
57 10751.625256706198343       11.295856016412070488   269
58 10477.05244025364118       302.94871206785245477    274
59 10578.577726084249662      6037.1140238340258293     280
60 11118.420695258995693        0                      285
61 10834.897983789493082        5.6523489356184155596  290
62 10954.439954489542288       94.156072827076144449   296
63 11409.756212076874363      651.02240862688756806    301
64 10763.65588525084604       1361.790082415479219      306
65 11043.578070127521642        1.8822502798208133878  312
66 11474.062642970984598       61.132772274741284946   317
67 10772.584574551079641      1488.5356878286447682     322
68 10618.380544592611841       63.401977512535054871   328
69 11389.686815770723115        0                      334
70 10730.778032370599249        8.3076289128081821644  339
71 11766.422460128955208      170.70673504060638948    344
72 10765.657144459668416        9.4528765194480204315  350
73 10599.345293366362966      209.42656693705001203    355
74 10720.317958692041429       13.163453807669538875   360
75 10802.067689222823901       23.030570912318459875   366
76 10549.075350040695412       78.398324776879022124   372
77 10958.588260262495169        0.66486812458493427247 377
78 11033.049750734038753      997.9316203569536583     383
79 10984.889186339074513        1.3200344950029236912  388
80 10738.271149118527319      128.21834348783568203    394
81 11742.373731260193381      150.85098916949300474    399
82 10760.409512214089773        9.9114497149115532437  405
83 10827.459797677489405        0.1938453969588644632  410
84 10515.239264975294645        5.425405382079854455   416
85 10502.18420336923009         0                      422
86 10322.610500573471654       12.462678706458833133   427
87 9682.0101837479815003     887.20309579811259937    432
88 11223.013513142030206        0                      438
89 10038.576284505514195      796.93233799213032853    443
90 12174.237332482816782      823.01244957736821561    449
91 10987.104334481668047        1.6940244360531104828  454
92 10083.68171799846823        85.061280512597846837   459
93 9841.0921176646006643     1181.8881853202778984     465
94 10147.927471245240667      2137.3891622685105176     470
95 10683.441144946651548        0                      476
96 10381.854130118716057       72.888260042112761994   481
97 11477.808168520597974      328.4659692779983402     487
98 10441.716553879308776      542.2659189788311096     492
99 10945.467644411541187      832.8557510309758527     498
100 11118.74710632109236       536.01274297000145452    503
101 11554.930246322830499      1552.3584386091281431     508
102 9403.4801499837922165     201.100597426327937      514
103 9816.7081925908096309     827.3999293779393156     519
104 10585.108346466417061        2.9975107389246380407  525
105 10856.530125256093015        5.5468524390711220207  531
106 11597.966919258726193      171.61177293438865377    536
107 10727.630611057054921        3.6191572947051358078  542
108 10261.424460663087302        1.1599694343001987207  547
109 10380.121016631068414      256.92007701104762418    553
110 10251.688113327463725      319.49253994365756171    559
111 10178.182719790685951        4.2427385638427361769  564
112 10451.81371233291793        11.454862033055714932   569
113 10764.115691598984995       12.118050215321007457   575
114 10641.611621445075798       10.256170843591684516   580
115 10493.402464446191516      177.98037564664377896    585
116 11248.492705687694979        0                      591
117 10470.484255545216001      547.32113937246299429    596
118 10422.267413599802239      1107.3488376432367204     602
119 10728.97700973665269         1.4719180124559438916  608
120 10736.742019987428648        1.1534482303281810012  614
121 10249.864093935364508        4.0837714436634957593  619
122 11860.897866607294418      338.46228899421390679    625
123 10612.564401619585624        2.7040629893281389329  630
124 10401.543545339363845        3.2917899116422155714  636
125 10544.745964010751777        0                      641
126 10515.492311553898617        0                      647
127 10396.771963943039736      109.65870370322893734    652
128 10497.970526590266672        2.5574322632160848556  658
129 10488.613764085004732      134.74615169050198915    663
130 10568.136018485929526       46.024104660318698734   669
131 10506.063771439154152        2.2017099878171717542  674
132 10744.760482263936865        0                      680
133 10913.926075356048386        0.01242073521065107343 685
134 10483.690168660421477      228.54470171026568437    691
135 11185.90406360932684         0                      696
136 10731.9536279709464        211.89564445800098724    702
137 10738.850419775491901      210.51264910036013589    707
138 10971.077611639297174        0.56050489494425803638 713
139 10970.652084816927527        0.00968682480526878754 718
140 11290.490499594459834        0.15586806464153579732 724
141 11079.971141161184278        0                      729
142 10403.151838236084586        0                      735
143 10120.563412466699447        6.0736586458132517663  740
144 11148.227484146527786       66.863847665349837257   746
145 10058.335990489249525       20.102345638347664192   752
146 10957.661098710221268        0                      757
147 10972.29797491572026         0                      763
148 11143.773915234758533        2.9647562063988472936  768
149 10965.897966090165937        0                      773
150 10650.152955654122707       44.160260805130583606   779
151 10422.838358111241178        3.1462839884512048272  784
152 10493.404342229339818        1.6827252213989798424  790
153 10496.098689196431224        3.1002005675464641143  795
154 10288.886022343980585      106.25547137223600203    801
155 10582.041873006324749        0                      806
156 10332.715546577117493      278.04869335018372567    812
157 10435.561979264582988       51.300953776822353802   817
158 11090.075160073442021        1.6396444678364716641  822
159 10860.369656997250786       91.247793365822474243   828
160 10056.627533795528507      939.92889431615424201    833
161 10218.832142921763079      157.88643476289345813    839
162 10939.242531212168615        2.4250016797916478239  844
163 11175.052664516189907       11.609061574491324365   850
164 10430.851007744258823       13.352373382227332499   856
165 10493.902025674051401        0                      861
166 10300.741978155536344        0.9862123448048292218  867
167 10301.806987410003785        7.8985858270530622249  873
168 10379.585246220731278        0.22853458531352097149 878
169 10420.274787203768938        0                      884
170 10313.716229032355841       93.185950585138073166   889
171 10475.077920087591338        0                      894
172 10436.348045074526453        0.08855512380837793351 900
173 10903.023858477190515        2.188702569740764492   905
174 11042.028260676030186        0                      911
175 10317.028556107123222        9.1151753349129585047  917
176 10388.456554245920415        0                      922
177 10348.556973608980115        0.00308936753948315258 928
178 10305.172572487963407        0.12672733824442181105 933
179 10300.006322767749225        0.06786873349801696154 939
180 9999.4527048409327108      37.745841081867169464   945
181 9998.256144820496047       25.932236205143563978   950
182 10372.850447974842609       18.484132253373200427   955
183 10374.001504483743702       17.660066112887939482   961
184 10880.645465430958211       67.211952892557320638   966
185 10306.264854347684377       34.911385193009166983   972
186 10346.914514466483524        0                      977
187 10344.970557722459489       29.700137294095092955   982
188 10196.162924630298221        7.9551144492372865002  988
189 10402.285321255607414        0                      993
190 10272.912731582666311        3.7649577719968783107  999
191 10320.266747637029766        2.3317224208237936622  1004
192 10777.293157026662811       44.730292880276451228   1009
193 10305.112907415157679       28.878253326515725519   1015
194 10099.524587556725237       41.559768447949721804   1020
195 9970.8674392322136555      25.797895412315199337   1025
196 10586.21678770694416       119.74630379086744369    1031
197 10126.979342207252557      186.96240207654983578    1037
198 10279.160988460560475       12.195352574944262614   1042
199 10370.135989223153956        0.01363655562403381406 1048
200 10262.815195720701013       21.860677679154520092   1053
201 10355.367741344825845        0                      1058
202 10380.320642908811351       35.269413531309766086   1063
203 10617.688648134924733        0.88804526492970570217 1069
204 10561.442444087479089       44.659861797414166062   1074
205 10266.39277627510819         0.19107134201792122519 1080
206 10078.448897658658097       16.090561099015456392   1086
207 10080.074724405621964       15.896102590194225002   1092
208 10021.233345124248444       44.876608299726655105   1097
209 10741.134017535196108       43.459012596599478684   1103
210 10325.520983227042962       21.717825800493763211   1108
211 10270.785031094013902        0.77868431402636018035 1114
212 10301.29466267043972         0.26902153625463470776 1119
213 10309.390648227848942        0                      1124
214 10198.79770931508574         0.4352883970126492641  1130
215 10222.276068383254824        1.0231755296502689223  1136
216 10186.850471418547386       12.522167744509943077   1141
217 10251.075073840420373        4.1272108783152159361  1146
218 10698.979743686031725       16.272443262538605069   1152
219 10315.709712498535737       22.155299638204194679   1158
220 10232.195366282452596        1.1615240152491679293  1163
221 10086.046522665546945        1.2105001444279341882  1168
222 10316.570960694389214        6.4366683275533471686  1174
223 10284.523123513143219        5.7505047080268276716  1179
224 10327.130575916711678        0                      1184
225 10328.880463255311042        0                      1189
226 10327.84143656568267        19.501165257684082377   1195
227 10333.841505773460085      130.9418332136034735     1200
228 10532.788740713989682       20.743018054067182021   1205
229 10172.867837891999443      104.60295334149779478    1211
230 10313.998224933478923       20.740903205436424628   1216
231 10278.744427252386231        0                      1222
232 10189.31456348249958        24.239673901042877446   1227
233 10289.61302712619181         2.6294797956674420547  1233
234 10295.80286267694828         2.4082231193377321432  1238
235 10276.355049232146484        0                      1244
236 10257.104549851708725        0.3372125787760141824  1249
237 10470.633875047566107       68.114847581852671965   1254
238 10349.557646633846161        0                      1260
239 10352.950212359159195        0                      1266
240 10606.467606457277725       13.826230264597883846   1272
241 10431.420074354666212       20.434938416340592937   1277
242 10426.846129809209742       14.465860823502582733   1282
243 9859.8578109904829034       6.9222012540862891683  1288
244 10287.232836189788941        0                      1293
245 10458.467427627474535        0                      1299
246 10011.884848306506683        0.74844642690664042739 1304
247 10280.602503808264373        0.43996652793587448516 1310
248 10262.858979048107358        5.359799303949781546   1315
249 10596.922748928718647      120.98147435959707252    1320
250 9902.7403933267905813       8.6208587527394477945  1326
251 10257.683166242099105       85.430619570760100601   1331
252 10855.042062526847076        2.3144012754231342299  1337
253 10284.378763919026824        7.2549375192096690057  1342
254 10284.701903442877665       75.972473543415944164   1348
255 9797.2179326738259988      68.47547661353897297    1354
256 9769.5764712755608343      63.464734655232184934   1359
257 10451.228780411120169        6.4905936901487404356  1364
258 10464.122879595099221        6.4851051035264273281  1370
259 10413.020907434463879      165.89982192137418338    1375
260 10394.988213717289909       22.377187950529041416   1380
261 10220.445024013575676        0.21028982475427177024 1386
262 10372.893101622874383        0                      1391
263 10501.00722697726269         0                      1396
264 10228.478279709201161        1.0381683557438463605  1401
265 10304.135045796763734        0                      1407
266 10112.50493041183654        51.728471909054917433   1412
267 10314.225019729256019        0.20242268516802219835 1417
268 10278.871173930920122        0                      1423
269 10326.124241202083795       59.837928121044249963   1428
270 10283.245352120473399        0.41629808560725162225 1433
271 10273.086320051801522       17.787307805478032918   1439
272 10241.764941902038117        1.7917214688490217256  1445
273 10247.89569294312787         1.7130037287406580937  1450
274 10218.314815540568816        5.8540930944474958153  1456
275 10216.726700705235999        5.9492972947390363458  1461
276 10484.987727172627274        0                      1466
277 10202.978025127964429        0.64636094466209703668 1472
278 10280.90265412331064         0                      1477
279 10262.123772362276213        0                      1482
280 10219.704185203985617        0.10206530220950692234 1488
281 10238.594688914155995        0                      1494
282 10177.806470509802239      827.67797421865680008    1499
283 10098.407027795263275        0                      1505
284 9962.9745832584922027     146.18832535391408101    1511
285 10353.03128407002805         0.89598883745846913396 1517
286 10350.407327580021956        0.67008086351005213821 1522
287 10113.795955480669363        0                      1527
288 10289.510243785669445       51.352840469175809801   1533
289 10211.950309304338589       25.043738699563949268   1538
290 9945.6181934928354167       7.9913444687097809904  1543
291 9689.6890430709245265      33.910857735844004424   1549
292 10063.427558353063432        0.14160524955549719239 1554
293 10100.01319760937622         0                      1559
294 10096.738339327672293        1.0742079394757522159  1565
295 10103.794401943952835      123.70301436522328231    1570
296 10281.011979002774751        0                      1575
297 10096.551862543425159       95.796922148425366572   1580
298 10331.421004257868844        0.05206142540473174263 1586
299 10370.994992011357681      255.08130329201574682    1591
300 9759.6694009823331726     162.27750338950676223    1597
301 10144.14231769824255         0                      1603
302 10145.90100085909944         0                      1608
303 10286.11512469311856         0                      1614
304 10364.387521545797426        0                      1619
305 10243.278284181667914        1.0366465222447529548  1624
306 10204.044606626774112        1.3762620680299602061  1630
307 9894.7385921548302576       1.7948348884612772558  1635
308 10170.408183063287652        0                      1640
309 10071.987642358781159        0.02276391364280677676 1646
310 10030.223323685391733        1.8345275415050170675  1651
311 10038.753639713017037        6.5780282421882025901  1656
312 10015.285545776383515       90.655930673088576555   1662
313 10087.469841484933568        0.93187539091455751095 1667
314 10183.789157500106739        5.0548976935020091261  1672
315 10397.386027643431589       39.37795070938189923    1678
316 10303.004570015946229      126.96215165811005932    1683
317 10120.250057484416175       25.395912665241507256   1689
318 10248.760384360639364       71.188373957142758286   1695
319 10246.083948237441291        0.33066008409728392392 1700
320 10026.632366968056886       12.828332486457135531   1705
321 10225.520563847292578        1.5328149424762707032  1711
322 10189.105393108500721        1.7744967603374175447  1716
323 10019.813684589660625        0.32160020633376174004 1722
324 10087.069129767320192        0                      1727
325 10057.439414146152558        0                      1732
326 10007.782176509521378        0                      1738
327 9720.3880069989318145      20.728509169344810914   1743
328 9423.6939760753011797      18.106170027097860498   1749
329 10327.810941763527808        0                      1754
330 10243.429221008122113        2.1070611303635309319  1760
331 10063.663549021841391        5.5929313815304944058  1765
332 10011.262188854456326        0                      1771
333 9810.1779695043696847       0                      1776
334 9355.774653803127876      102.6716020370237743     1782
335 10223.305742454233041        0.68351701001483877729 1787
336 9379.1465447086975473      16.353729649509620714   1793
337 9222.0574825278890785      42.153853080156302724   1799
338 9911.5524231863746536      83.262986806375096194   1804
339 10008.457556523417225       16.606289776277520787   1809
340 10074.073588109040429      992.97507161810187881    1815
341 9639.1338724581328279       3.4986565583096287391  1820
342 9812.6606241150366259       0                      1826
343 10196.794925339394467        3.8530796785393106596  1831
344 10642.041331750348036        0.71519062122666166026 1837
345 9809.5198482223786414       0.32104507265568260621 1842
346 9810.2589549480653659       0.41020402919119186569 1848
347 9635.6163715358325135      83.474905975370560895   1853
348 10678.188993517698691       57.49933724134258739    1859
349 10199.783948559037526      175.21229010800328751    1864
350 11213.695022342857555      427.48085767465016716    1869
351 9312.1503040310581127     116.95006452526867236    1876
352 9816.3810432069967646       0                      1881
353 9823.5341576622777211       0                      1887
354 10320.442404455974611        0.08076529204165204534 1892
355 9840.8911649713772931      47.042659188140781623   1898
356 9933.8529593838502478     1272.0543320766105353     1903
357 10208.050776608719389        0                      1909
358 9792.4232514406485279       0                      1914
359 9969.354538756673719        0                      1920
360 10347.373918144385243        0                      1925
361 9829.589567411243479       48.065870143145993154   1931
362 9948.8628125041468593     1247.7137181154425889     1936
363 10178.085280192975915        0                      1942
364 9794.0454020725665032       0                      1947
365 9793.2720882652629371       0                      1953
366 10159.422753330269188        0                      1958
367 9975.5922884123756376       0                      1963
368 9790.7413606330101175      91.514590995415886709   1969
369 9968.9873136786773102      44.400548410067919747   1975
370 9972.5882085302018822      42.041831285607543123   1980
371 10712.31848494210135         0                      1985
372 10031.502601857358968       22.173950693414941071   1991
373 9312.4265751152051962      33.683599250772289224   1996
374 9739.9133768901774602       0.3156377865595619836  2002
375 9127.1253884998350259     103.6967773807323141     2008
376 9142.4828032558070845      98.175293095062713178   2013
377 10229.917073112541402       53.515539081724050163   2019
378 10236.155179448891431       52.826605748760755432   2024
379 9906.6507773272405757      37.6303174734992254     2030
380 9903.6259784169778868     1252.6193413094870266     2035
381 9947.4282943808830169       0                      2041
382 9772.7887292537052417       0                      2046
383 9714.8476017653374583       0.28120936763847870221 2052
384 9328.3950725676477305      94.398692428989065206   2058
385 10257.055224826470294        0                      2063
386 10333.704824994236333        0                      2069
387 9803.3344675608423131      38.755177206045402727   2074
388 9840.7516802946956886     1369.2020994944227823     2080
389 9973.0027433107916295       0                      2085
390 9750.3636725450596714       0.13995263457445555888 2091
391 9721.7631051688349544      19.096972978002280996   2096
392 9743.23910749481729         0.2648674540802071764  2102
393 9754.6670898613483587       1.3812184817470125608  2107
394 9756.2882098816735379       1.394675097162884736   2112
395 9945.3272581765431823       0                      2118
396 9802.217348858826881      104.48293069385579201    2124
397 10723.758751726776609        9.5175392998939543077  2129
398 10009.975975919674966       44.852053047080119086   2135
399 9835.2857360597099614       6.3574506602624589746  2140
400 9752.994665437599906       11.982151568064892899   2146
401 9751.229378906533384       12.084181635093591112   2152
402 10265.74899183551679         0.77676161440902835587 2157
403 10278.368655193220548        0.4995842501238897948  2162
404 9791.31892770106424         0.27319577048908350037 2168
405 9782.5552988082908996       2.3220214380789676589  2173
406 9846.3380141915313288       0                      2179
407 9691.3432166256989149       2.1485741398782054468  2184
408 9724.7059225129414699       5.6973101495012983264  2190
409 9800.5617813892349659       0.3993901984838476027  2195
410 9739.8072787123674061      67.554503379601442248   2200
411 9770.2889814767695498       1.0934687429622074184  2206
412 9786.1349537417318061       0.52721843762404985156 2211
413 9758.2761613384773227      19.55031530861971234    2217
414 10235.536460805416937       18.014821000742816892   2222
415 10466.673515419686737        0                      2227
416 9788.0158416671474697      65.139214191023626199   2233
417 9752.233041360781499        0.10107102441062536247 2241
418 9755.7493831002011575       0.0828621356090699368  2246
419 10420.088107360708818      108.14389666425259406    2252
420 10421.872945540379078      108.66405826645738841    2257
421 9890.7513645774142788      17.607944291259109093   2263
422 9775.2717505501241249       0.90231476524073983558 2268
423 9804.9646898127757595       0                      2274
424 9742.6328878155018174       0.32121485784795877905 2279
425 9746.1747421802756435       1.7500705374690666005  2284
426 9788.7749338571502449       0                      2290
427 9735.9240883149723231       1.7304346590684027696  2295
428 9756.7147486094982014       4.8001055785346675719  2301
429 9766.8291815731245151       1.1130941456639020792  2307
430 9771.8157158729736693      94.048480151587853015   2313
431 10294.438272851499278        0                      2318
432 10403.435981408889347        1.468130180468162127   2323
433 9831.0098145929205202      83.267775771950653052   2329
434 9745.2181707976997131       8.8357660360991161497  2335
435 9747.0362298142063082      66.184231857066080806   2340
436 10297.426450444274451       20.413285359954048914   2346
437 10295.820161566378374       20.468948878851083606   2351
438 9852.3406842861986661      17.913036658142438284   2357
439 9763.4145514023330179       1.3433298322300308847  2362
440 9744.3227445873126271       1.3094633288549948347  2368
441 9791.5927508283639327       0                      2373
442 9769.3485532537488325       0.00000817125543761915 2379
443 9759.1596249894828361       0.00018341076668545244 2384
444 9741.6806519061428844       2.2183289506962009519  2390
445 9738.1568400117812416       2.3713746923403555833  2396
446 9646.006412557533622        5.7041402176211830621  2401
447 9850.3585230522421625      17.898392867174241161   2406
448 9765.1044076602338464       1.2749971706776126457  2412
449 9788.1461738505604444       0                      2417
450 9787.2732660356141423       0                      2423
451 9814.5792160655546468       0                      2428
452 9767.5959053029255301       0.00006738801997502015 2434
453 9760.891942727696005        0.17712375896502782768 2439
454 9770.2433615096852009       0.94956580523370226476 2445
455 9773.7188323305690574       4.8910541908887896767  2450
456 9797.5778363349891151       0                      2456
457 9770.1295911530378362      94.083583489521743104   2461
458 9757.5348472404493805      83.430813636452924698   2467
459 9710.6334099153100397      10.049040440240689875   2473
460 9710.3774747896604822       2.6384923397772581666  2478
461 9742.1255439738106361       1.2927854664557121289  2484
462 9752.3862124126590061       1.1353797055838856789  2489
463 9832.271783910717204       17.818524402041262533   2495
464 9764.955536840359855        1.208894272060318853   2500
465 9787.0174465434902231       0                      2506
466 9766.1561235555072926       0.00951385022073747075 2511
467 9769.2674751239883335       0.00009980758551536597 2517
468 9757.2575968273667968      45.704428085487549538   2522
469 9763.5813426469867409       4.5592095479083392107  2528
470 9761.0460405780613655      64.174098137734318925   2533
471 9772.1820855875193956      19.059595563343496138   2538
472 9762.2391745094846556       0.00933946195906350078 2544
473 9770.0676410821724858      94.564496442391927644   2550
474 9772.9556206749439298      76.026529989830933687   2555
475 9785.1852856861005421       0                      2561
476 9756.5542324315301812       1.0372151227137902385  2567
477 9757.2215294402740255       0.04978352398253348826 2572
478 9756.583451116372089        1.1734813107023738254  2578
479 9829.6624502100094105       7.773529260409804742   2583
480 9760.7635867864191823       0.01218019164982687107 2589
481 9783.1775455373972363       0                      2594
482 9770.1993486478640989       0                      2599
483 9773.4249489415906282      56.657802927556772943   2605
484 9772.7761584342588321       0                      2611
485 9771.0120181361380673       0.00028657170056536267 2616
486 9772.7811026270537695       0.00095917595436631963 2622
487 9787.1688303663977422       8.4195597597869582529  2627
488 9784.3214289980787726       0                      2632
489 9760.0320629455582093       0.95072649523013752493 2638
490 9767.7333141792150855       0.00065700911068260236 2643
491 9772.8782867579902813       0                      2649
492 9775.6724453821516363       0.68938211108972713426 2655
493 9770.1845012438334379       0.90238701109803454159 2660
494 9774.889267138147261       18.470973949857508956   2666
495 9767.9816723908661515       6.0683918404188856854  2671
496 9761.2183518537767668       1.6770785312460994021  2677
497 9774.3275228729107766      69.839114447246288364   2682
498 9781.1577719372508        131.02938761601001261    2687
499 9767.4482012768075947       0.0001037434652508909  2693
500 9766.0492245131499658      19.3338887384935596     2699
501 9781.1788815994550532      15.487808908884680648   2704
502 9779.1261274045500613       0.65184257211350304928 2709
503 9775.6632316714058106      55.053772131401572665   2715
504 9774.0135238002585538       3.6706702573775902287  2721
505 9765.8326076137527707       0.00108649988264967112 2726
506 9769.0594545020849182      15.378561794023873688   2732
507 9767.6519305852089019       0.00107364282859481264 2737
508 9767.5855711842705205       0.0007622108817688806  2743
509 9770.9650908420717315       0                      2748
510 9769.9126288413899601      33.060956667646536289   2754
511 9768.4857741752566653       0.96007110924204774882 2759
512 9768.6037509951856919      81.433143470006726261   2764
513 9768.6910650843019539       0.77282346944299318281 2770
514 9771.3730108430318069      94.359715141744914035   2775
515 9767.7333141792114475       0.0006570091106874288  2781
516 9757.3134629434389353       0.02721692672938256022 2786
517 9758.9238085234846949       0.02022914765293932354 2792
518 9762.4359456310066889       0.01257612343170219638 2797
519 9774.876822688820539       53.95765066986885472    2803
520 9770.8990859554560302       0                      2808
521 9764.2788559854980122       0.19120948606310025908 2814
522 9773.0781458168712561       0.12381668836377709986 2819
523 9771.1127918389574916       0                      2825
524 9771.4597907993920671       4.8118290229204392361  2830
525 9771.046518599614501        0                      2836
526 9770.5697182134463219      18.827136123007395696   2841
527 9768.3691536333572003      93.978738990092736572   2847
528 9766.9324359189795359      80.870612829445349234   2853
529 9775.4070565311048995     115.45002906306736179    2858
530 9756.4473347734528943       1.3037554999907430275  2864
531 9760.0408891743536515       0.91251554452216110391 2870
532 9761.5487831909777015       0                      2875
533 9738.9639360559976922      59.535653718334643258   2880
534 9752.8990451850986574       0                      2886
535 9727.1222534299195104       0.10957874083661822695 2892
536 9778.2489826818436995       7.0365208328465165266  2897
537 9783.2409044806336169       0                      2903
538 9787.2445770911690488       6.6776694148700181941  2908
539 9804.9462979066265689       7.9872662842855213228  2914
540 9756.2950937954665278       1.4736755597445845289  2919
541 9746.1738641444298992       0.00137887118650979507 2925
542 9758.1661404691858479       0                      2930
543 9744.0657884570937313       0.00367523724149947714 2935
544 9746.0625212613595068      90.060108818307483602   2941
545 9747.2367948382179748       0.4816698281312548624  2946
546 9752.1127660366182681       1.5377476764153248379  2952
547 9761.2298449149457156      19.445184811930673163   2957
548 9745.9989166261239006     107.35226660131985454    2962
549 9762.7314448109245859       0.01170535743716105345 2969
550 9775.0097458367781655      96.050283512491233751   2974
551 9754.4320597384121356       0                      2980
552 9753.6398317675721046       4.8680844652804289296  2986
553 9761.4825613867033098       0                      2991
554 9798.7681540719459008       3.242145554155426268   2996
555 9780.8410467915873596       0                      3002
556 9756.4070723408385675       0                      3007
557 9747.7097232539508695       0.00008583980156454463 3012
558 9752.9657818156847497       0                      3018
559 9752.7517383409885952       0                      3023
560 9752.3133898438190954       0                      3029
561 9751.0304858228319063       0                      3035
562 9747.4708674485391384       0.0050673303717290721  3040
563 9735.0086797055519128       0.20476158590438711671 3046
564 9735.0086797055500938       0.20476158590506876589 3052
565 9724.6390005299344921      22.436478202978108243   3057
566 9788.6217872238648852       8.524292315633532624   3063
567 9773.4691127474343375       0                      3069
568 9729.7787008655177488       0.06580733620578017862 3074
569 9737.6687781191503746      22.906542474449921087   3079
570 9749.7882941320131067       0.08390352218824297104 3085
571 9729.1622326115211763       1.7680692611818771276  3090
572 9749.8834404613808147      94.819227325419788599   3096
573 9749.9166376794455573      22.20870206868137231    3101
574 9750.8229216689560417       0.42706080478357144603 3107
575 9787.9135065122063679       0                      3112
576 9750.6563128986726952       1.7619338107382853664  3118
577 9811.3952060479241482      15.926354871936222679   3123
578 9738.3805997864237725     360.36478400829088287    3129
579 9734.7189505393653235       1.8490531207857523466  3135
580 9737.3355373753420281       0.1822873008722208088  3140
581 9728.9611313193090609     221.62200271155481346    3146
582 9749.1948456810714561       1.691162506940766308   3151
583 9759.7337990629112028       0                      3156
584 9739.3815077923391073      21.613354624429785389   3162
585 9748.2716170741077804      94.373856561076934213   3167
586 9750.4030992084735772       0.49808919936720230659 3173
587 9748.4788003215289791       2.0466374139689822442  3178
588 9752.7811618835730769       0                      3184
589 9757.343293111443927        0                      3189
590 9755.383681599607371        0.03433652748651846304 3194
591 9782.7810714138940966       0.50583005182652307496 3200
592 9757.3275448017338931      19.887456351085820216   3205
593 9750.3321996207378106       5.6775960980112358811  3211
594 9760.2355951478621137       0                      3217
595 9744.0596024556816701       6.8925841934250478005  3222
596 9744.0596024556889461       6.8925841934262326305  3228
597 9789.8051175988130126       9.0548215638648397174  3233
598 9774.7930927688830707       0                      3238
599 9744.0326789216851466       0.00123768063697043723 3244
600 9754.46995179595433         0                      3249
601 9756.0060819474947493       0                      3255
602 9741.9175260018146218      67.622361401238734402   3260
603 9748.6473756528157537      10.883733018832227657   3266
604 9750.0234851282057207      94.857857385506648029   3272
605 9750.2320651747104421       5.9917039535579785792  3277
606 9754.2345515133456502      10.410665893150673256   3283
607 9772.9383753527308727       4.8752044486555146108  3288
608 9767.1527156810952874      29.538193087680443938   3294
609 9746.916320759926748       17.303453965508463597   3299
610 9738.9373731435935042       0.01149519068970787476 3305
611 9738.9373731436044181       0.01149519068968768258 3310
612 9761.8253795845412242       0                      3316
613 9760.0003275175367889       0                      3321
614 9759.8738218078724458       0                      3327
615 9752.781161883562163        0                      3332
616 9749.4209560635954404       0                      3338
617 9744.6001642126957449       0.0021717391514466701  3343
618 9739.3694497139022133       0.02316370321188737647 3349
619 9739.5249447735768626       0.01900621571433036214 3355
620 9754.1043621831122437       0.03651891550756618254 3360
621 9777.1715658765879198       9.3950235390821532633  3366
622 9747.2361512077422958       1.7472256854908183588  3371
623 9747.5329123766859993       0.00002624502317675662 3376
624 9748.4119795235237689      94.412410113203151241   3382
625 9748.5811072484266333       0.08253267491429842895 3387
626 9748.7936366020894638       0.52835874582769037922 3395
627 9748.8483588110393612       2.0672773896579532682  3401
628 9751.9086481542908587       2.0015258567674338863  3406
629 9749.0482575856731273      10.284099846903670183   3412
630 9760.7527619056454569      10.554764820973257855   3417
631 9763.3314249405011651       1.0649997580479015902  3423
632 9775.4863311394219636       0                      3428
633 9743.8028665287929471      10.149840511441082569   3434
634 9758.2472146490599698       0                      3440
635 9750.8909163661701314       0                      3445
636 9757.6248661455465481       0.03213124907349164394 3450
637 9753.0626410012228007       0                      3456
638 9745.0795973503645655       0.10070769487307318357 3461
639 9751.107750540426423        0                      3467
640 9747.8127257163869217       0.00000140933568919907 3472
641 9742.9958335337814788       0.00480225089326551113 3478
642 9742.7141145310470165       0.00536388196372772786 3483
643 9754.3929725156267523       0                      3489
644 9766.8757087182675605      11.086923502590119384   3494
645 9745.1229630229827308       1.8427816580401654711  3500
646 9752.9280747499524296       0                      3505
647 9754.538548796568648        0                      3511
648 9746.0652732101534639       0.0006691452673429181  3516
649 9744.312496786173142        0.00097624111184197186 3522
650 9746.4613381726394437      75.676808555384056376   3527
651 9752.7182740405423829       0                      3533
652 9747.8906016027249279       0                      3538
653 9748.1281697201739007       0                      3544
654 9737.8144626519006124       0.01207956922446530579 3550
655 9756.3005441759032692       0                      3555
656 9763.5679311693820637      10.866448868855018262   3561
657 9745.201909036934012        1.8234124595890581766  3566
658 9751.3967954035215371       0                      3571
659 9743.6183217720172252       0.12771700601172439327 3577
660 9755.9432179106588592       0                      3582
661 9750.4858596733520244       0.06166682822843654738 3588
662 9744.7872892174327717      31.249901579559743681   3594
663 9746.8781909564058878      94.108515485734116623   3599
664 9747.2600789881362289       0.55029318914695080078 3605
665 9745.4054159255138075       2.1027855944810971422  3610
666 9750.3243698303394922       1.9673078130275489794  3616
667 9752.2000846756709507      82.133417724704727902   3621
668 9740.7181882381300966      68.08791327420506434    3627
669 9752.8446503013765323       0                      3633
670 9754.3929725156249333       0                      3638
671 9761.9469211716332211      10.746892566038876993   3643
672 9744.3903531449377624       0.00058040619669165027 3649
673 9744.6786516729480354       0.00155579759959152534 3654
674 9746.269061735836658        0.00084575804045653531 3660
675 9747.4726465526837274      47.230378122050304057   3665
676 9746.659547618475699       90.429826472642645285   3670
677 9747.0909623062816536       2.0439055802537855477  3676
678 9748.9223716495689587       5.9266616566754395379  3681
679 9749.6393337408262596       0                      3687
680 9749.3583140071295929       0                      3692
681 9749.740333916974123       76.451359327776742703   3697
682 9751.3967954035160801       0                      3703
683 9749.296272653460619        0                      3709
684 9763.6449788584450289      10.73837767642747032    3715
685 9743.4563618691699958       1.8904902049371634654  3720
686 9749.5767531958335894       0                      3725
687 9746.1431292025026778       0.00035016157945128099 3731
688 9746.0602669087984395       0.00004304269069877491 3736
689 9746.2839766424731351       0.0002803068534826741  3742
690 9745.0187218247665442      59.572751474970203844   3747
691 9747.0497868156289769       0.09172542820344954662 3753
692 9752.7183101785121835      81.950226779086278839   3758
693 9747.3003427192325034      80.987551462587276774   3764
694 9749.0503885900197929      10.138528566990054003   3770
695 9749.5705053282308654       0                      3775
696 9747.0624535666556767     169.76070797151632519    3781
697 9750.9837529101732798       0                      3787
698 9752.9992140341855702       0                      3792
699 9743.8001411254390405       2.1503523824201256076  3798
700 9747.1854736135483108       0.55965131131327183756 3803
701 9748.8435675145592541       5.9229040249750735114  3809
702 9744.2352972793869412       0.00147432318242045682 3814
703 9749.6350851598981535       5.3581146276903330872  3820
704 9747.4546839952818118      10.957300585578346741   3825
705 9731.039165628464616        1.9547032850077172839  3831
706 9728.3610902943764813       4.7545068470404032723  3836
707 9740.0602174871710304       0.65040339712568107089 3842
708 9747.6880186318521737       0                      3847
709 9747.3283147563706734       0                      3853
710 9746.3789098393190216       0.00619459779516937439 3858
711 9756.601418027512409        1.2278221669740507771  3864
712 9746.9477602245369781       0.51695458994568177502 3870
713 9737.3647032970584405       1.6968069506890817166  3875
714 9741.8342962741226074       0.64116191251567911102 3880
715 9763.7839090276647767      10.589091636524615936   3886
716 9738.694405107466082        0.00573013694724563375 3891
717 9738.9057738132687518       0.01186113425293214112 3897
718 9740.260471649318788        0.00213236617683541189 3902
719 9738.8656672458291723       6.5585999051463037546  3908
720 9745.5829263757696026       0                      3913
721 9740.3543237428220891       0.0033919160621337114  3918
722 9747.8004833238755964       0                      3925
723 9744.441357804913423        0.0004963956052897227  3930
724 9742.1960584947555617       0.00208448507859640983 3935
725 9776.0735438335123035      10.406834840877269954   3941
726 9746.9487149684064207       1.7575257043484577846  3946
727 9740.3402815048302728       0.00152234301710320796 3952
728 9740.6474114248994738       0.00710121237156413794 3957
729 9747.190267067438981        0                      3963
730 9758.2018203052994068       1.2680261840734794454  3968
731 9723.3669520345920319      70.439767217261987753   3974
732 9729.4387973194825463      22.061400794237666645   3979
733 9745.0022481697706098      10.508163272424710044   3984
734 9732.1004913854885672      11.143830778075285437   3990
735 9751.0774283482733154      10.594474900909149895   3995
736 9746.336552931848928      102.52321560000798684    4001
737 9750.1087733300555556      11.527512120436828269   4006
738 9743.2836338324214012      48.745514639642749444   4012
739 9738.060212485735974       49.541898312873996701   4018
740 9754.6318274989298516       0                      4023
741 9760.1058590029206243      10.671598539801600225   4029
742 9745.1386331272897223       1.8093625915177755648  4034
743 9736.874892587233262        0.01155234766133499472 4040
744 9742.0834670696585817       0.00020659218938796832 4045
745 9745.1068212217469409      11.525873945594428349   4051
746 9748.9593503807427624       0                      4056
747 9743.8757388663816528       6.0550312502866017184  4061
748 9744.7479067159347323       0.08585788805288076253 4067
749 9747.0180960946145206      93.528513797883206848   4073
750 9744.5540742203011177      94.302407838728925071   4078
751 9746.8168970123770123       0.57955366250719420051 4084
752 9747.6056131850018573       0                      4089
753 9750.2502376798056503      10.451194020668708617   4095
754 9749.1528833017364377       0                      4101
755 9736.7102142510666454       0.0050436535570587181  4106
756 9738.4521792574887513       0.00215113690001708571 4112
757 9780.5211459551792359      42.741252197187520778   4117
758 9737.29804787379544         1.9032160943758604787  4123
759 9749.0168565639614826       0                      4128
760 9749.0883310325789353       0                      4134
761 9743.9768854536087019       0.00004913208262398233 4139
762 9740.8834975193421997       0.00735781064723449365 4145
763 9744.7230923698080005       2.3717044747939692861  4150
764 9749.0749632482620655       0                      4156
765 9741.0621600141930685      93.340416045442893278   4161
766 9744.9338908236841235       0.64047889639009580875 4166
767 9746.5299818936764495       6.6541433213748577558  4172
768 9754.7563206760842149       0                      4177
769 9744.8054415716214862       0.08894013807390491189 4183
770 9743.7127744185600022       0                      4189
771 9738.1419479052729002       0                      4194
772 9721.7860959870231454       0.00031746483990602445 4200
773 9765.14454490969365         0                      4206
774 9763.3866128435365681       0                      4211
775 9740.0187833186118951       0.00342319931592717161 4217
776 9758.0812308936910995      10.771182161189789994   4222
777 9745.0759568657849741       1.7953620767293376748  4227
778 9720.7209196361327486       0.0148178567057589243  4233
779 9726.2351603278093535       0.02060784481794026082 4238
780 9728.7530878822653904      23.019630500120026539   4244
781 9739.9374601412109769       0                      4249
782 9746.8775046608243429       0                      4255
783 9730.5936939518724103       0.74525388296867545179 4260
784 9735.2931949772410007      94.69342534599394412    4266
785 9737.3406901024300169       2.4597131194555901246  4271
786 9747.5241144571609766       1.4173527338867104586  4276
787 9748.4843969693556573       6.1294732455615790201  4282
788 9741.3640973777255567       0                      4287
789 9764.2437549777387176       0.29458930839053076856 4293
790 9766.0000337869369105       0.2634348704695831378  4299
791 9719.5384967521349608       0.0283694060920505961  4304
792 9721.2210617302152968       0.01921150585416077361 4309
793 9771.8295090778592566      29.540160774411710065   4315
794 9737.1183428294771147       1.882986473182783449   4320
795 9739.7882582939873828       0                      4326
796 9729.4472159464421566       0.00240844106043636933 4331
797 9736.4607648767632782       0                      4336
798 9731.4560984353283857       0.00004523048864338395 4342
799 9727.7438944986224669       0.00080479649523771475 4348
800 9725.9999950528745103       0.00281122335720685769 4353
801 9729.8453198923143646      12.089685063759272765   4359
802 9755.5251019354800519      11.329903504268163061   4364
803 9743.0472399532300187       1.7871507551824632465  4370
804 9733.1707438514076784       0                      4375
805 9723.6239598803331319       0                      4381
806 9697.8925791042602214       0                      4386
807 9646.8662441334381583       0                      4392
808 9181.8873822228542849      80.762476717237163371   4398
809 9586.3898773666132911      24.636371265630202743   4404
810 9589.1132348923929385      19.082372587188508817   4410
811 9654.6217941444738244       0.02938227509180642988 4415
812 9859.773685883554208        0                      4422
813 9843.6765543316851108       0                      4427
814 9482.7406183938801405       7.0310080515077757468  4433
815 9660.4819931266501953       0                      4438
816 9681.6218873648576846       0                      4443
817 9782.0122743411266129       0                      4449
818 9644.5515255048721883       0.25775983183422107592 4454
819 9648.8328559826823039     104.75337704472636347    4460
820 9973.8792983226849174       0                      4465
821 9978.4458708319361904      17.980074215386945724   4471
822 9603.4175529047661257      75.01710205752794991    4477
823 9903.7919933519842743     118.35319632612508656    4483
824 9643.5945403019704827       0.00043220990486150741 4488
825 9113.8249149875555304     118.95703481927517942    4500
826 9650.8588191539165564       0                      4512
827 9650.8588191539256513       0                      4520
828 9542.7583800890097336      34.080012898013968936   4526
829 9812.9954805554334598       0                      4531
830 9667.3446938861816307     100.77462113747742478    4537
831 9732.453399597443422        1.7681447511986276844  4543
832 9531.8488855241776037       2.6224565822526320069  4549
833 9634.0139594999618566       0.01001508431903493611 4554
834 9684.6597306746480172       0                      4560
835 9720.613052729768242        0                      4565
836 9690.6454770473392273       1.1223331230160811245  4570
837 9608.2760593334478472      94.742396226088885669   4576
838 9659.2744994347667671       7.0037447897779454564  4582
839 9666.961212452770269       54.941200499434337701   4587
840 9794.4860899747091025       0.77123513520082964678 4593
841 9703.3419776924001781      53.370373118861536454   4598
842 9578.8389846850677714       4.0524607266893601931  4604
843 9642.5825457594582986       0.01891121663919023005 4611
844 9635.1978657908348396       0.03440130420227278246 4616
845 9735.7798430622697197       0.06411851344795981011 4622
846 9740.8448994702994241       0.04013963942882374514 4627
847 9591.6009387028225319       0.40667319671809865067 4632
848 9661.8268247274354508       0                      4638
849 9631.0542870800527453       0.02070620513553643807 4643
850 9613.1500328398178681       0.04168145071667967577 4649
851 9627.5830825139746594     102.48053183657701481    4654
852 9610.5561263072358997     101.30972471153184244    4660
853 9647.95044720718397         1.1275024366697126155  4665
854 9667.8874352961902332      76.633715834745629536   4671
855 9787.158279170984315        0                      4676
856 9707.9388538349267037      86.391727986927449479   4681
857 9687.2183173315679596       0.42870949023998816685 4687
858 9761.5661829063246842       0                      4693
859 9611.8701182905533642       0.04908755500338097405 4698
860 9639.1096951350518793       0                      4704
861 9620.9265883355546976       0.16276194553070313931 4709
862 9765.1789054430628312       0                      4715
863 9619.6261852850020659       0.07333282456910361624 4721
864 9641.5114529418478924       0.00071532160973255523 4726
865 9760.0860040944171487       0                      4732
866 9584.7413901169857127       0.36141916177011279565 4737
867 9662.97006467472238         0                      4743
868 9630.3846388530491822       0                      4748
869 9604.4867500513828418       0.03900335673197302677 4754
870 9627.3628028119819646       0                      4760
871 9543.6900627423929109       1.4854586762818711154  4765
872 9433.2165394798685156       9.180548595735650963   4772
873 9485.445249215408694        5.2645703942737540615  4777
874 9736.9323067602399533       0.10859135961351704114 4782
875 9594.1216904321208858      22.341993672848310837   4788
876 9395.9901065261801705     133.35472299341603275    4794
877 9736.6529025876006926       0                      4799
878 9598.8569667541414674       0.08535261417290831987 4804
879 9459.4128765716413909       6.6846387223758023666  4810
880 9600.6418749203348852       0.06713695087009349804 4815
881 9459.7508477293085889       9.4422080949850641929  4821
882 9653.3025435312119953     101.686640538076702      4826
883 9683.0779008360350417       0.07613673202069334844 4832
884 9635.4673022547631263      10.805431079766757207   4837
885 9661.9091596711587044      50.068615088790302536   4842
886 9873.3398994755953026       2.6911611875578520525  4848
887 9489.3846291998324887     157.79354250776324875    4853
888 9619.6296189458626031       0.0135274717504017955  4859
889 9606.9135615152808896       1.4347905120607624685  4865
890 9774.9271725299386162       0                      4871
891 9778.4748282299715356       0                      4876
892 9565.0044612919409701     115.00325262339553944    4882
893 9717.5448708054555027       1.4059524054599061849  4887
894 9621.9505831065525854       0                      4893
895 9605.9942651109413418       0.03256160547544762612 4898
896 9740.4543875483304873      23.005104634486784221   4904
897 9768.3357691704586614       0.0593118253196421169  4909
898 9771.8910079193337879       0.04746134805464986145 4915
899 9578.0978770331330452     112.2470587010073757     4921
900 9718.6864495146855916       1.4185299478684791907  4926
901 9736.9769760251419939       0                      4931
902 9580.1553362375943834       0.34186326051063775644 4937
903 9590.4892596137142391       0.17442032634468063179 4942
904 9649.6711122774777323       0                      4947
905 9588.2756095152471971       0.92809013134362616793 4953
906 9715.8645572709046974       6.0110111425138468277  4958
907 9490.7863771641150379       4.9082716712215557209  4963
908 9968.6166349102932145       0                      4969
909 9541.9681379380708677      57.662670829104811787   4974
910 9593.5104893576426548      89.7836709525094534     4979
911 9501.838349879539237        3.7253918303991828687  4985
912 9768.7017738474442012       0                      4991
913 9777.5290965622843942       0                      4996
914 9632.282762542788987        9.2147603979320056311  5002
915 9654.6129054933535372      91.365830972140599897   5007
916 9662.9149795680641546       1.0673391467531527788  5012
917 9620.1722501223630388       0                      5018
918 9615.3968718687483488       0.01590296902596037912 5023
919 9559.1249673856946174       6.8887582322558147396  5029
920 9570.312856507336619        3.4973992398161968254  5035
921 9794.9340541712772392      19.547914559702288528   5040
922 9798.8899779023831798      16.092088170347608411   5045
923 9645.6916613910107117      92.242907038857566704   5051
924 9661.9961357736719947       1.1148374844441963916  5056
925 9773.8610408624408592       0                      5062
926 9621.1588812570680602       0.00021721628404745423 5067
927 9593.9402533317770576     124.73539336148908774    5072
928 9666.3149025200491451       0                      5078
929 9618.170617835039593        0.00006707867900461677 5083
930 9620.9214758872185485      96.028438715684700355   5088
931 9621.2918475453370775       4.3557763002644671602  5094
932 9622.742934114046875       27.333606584179978682   5099
933 9785.1653112028798205       0.39279176296319595618 5105
934 9713.1131683286712359      34.850766653510518722   5110
935 9645.4482144716148468       2.1843026555030395919  5116
936 9613.91448327107355        29.954167599661698063   5122
937 9753.5092635290675389       0.10742942311348588347 5127
938 9757.0398113730261684       0.08863072677059374849 5133
939 9557.4845020329048566      77.158794470918991237   5138
940 9617.8888816443504766       0.00007743887350409837 5143
941 9616.7215153802098939       0.00059159305689021732 5149
942 9576.2849898884760478       0.38942487341655651623 5154
943 9610.6501007016377116       0.4893833693446254518  5160
944 9591.5546113408527162       1.4402383014950770335  5165
945 9658.4309908181585342       0                      5170
946 9683.7245688945604343       0.17263427568423614367 5176
947 9744.7914880325897684      31.231724980789071111   5181
948 9752.2394488752979669       0.34600050534084586529 5186
949 9602.7028209210056957       1.6407081222400037301  5192
950 9572.1844683583003643       0.48699574559177682964 5198
951 9573.8005406306547229       0.45143435835576228854 5203
952 9736.0982239755230694       1.6111247677469830997  5209
953 9718.4092445745154691       0.00154180228004980528 5214
954 9678.4913180375915545       0                      5219
955 9624.8197337091260124       0                      5225
956 9587.5127144191028492       5.4643717445823396517  5230
957 9607.9700863416364882      10.937222430208443313   5235
958 9599.3635569101679721      45.630627169459415882   5241
959 9613.8392583579916391      58.920396011804449188   5246
960 9629.2710855004188488       0                      5251
961 9651.167051045486005       69.391007731004293646   5257
962 9618.9142950676614419      95.487535068197416877   5262
963 9754.6908199143654201       0                      5267
964 9739.9386521485357662      92.835503931352860718   5273
965 9589.0863712432364991       1.5813432228777823951  5279
966 9645.4543520331917534      65.278449007177925978   5285
967 9649.3647869625619933       0.35164732798853165496 5290
968 9747.5483535976582061       0                      5296
969 9633.3630046166181273      96.596672273659507368   5301
970 9641.0345429046137724       2.7331641119874552359  5306
971 9634.872480676154737        0                      5312
972 9618.4552204055980837       0.00004118898450881112 5317
973 9618.5424196984531591       0.00017487151232261521 5323
974 9623.8080468999687582       0                      5328
975 9619.3996505063460063       0.37101795139908849697 5334
976 9624.1471448400989175       1.0643465996490739656  5339
977 9617.6592453367011331       1.5096365267361961937  5344
978 9735.9163922567968257      32.168982896516972403   5350
979 9761.1442104416109942      83.370548342175112566   5355
980 9618.1831697985071514      57.629168633175822833   5361
981 9751.0937166477033315       0                      5366
982 9611.5703150035096769     101.52542180634395663    5372
983 9635.0986735787610087       2.9363515512186770806  5377
984 9626.0345076347730355       0                      5382
985 9621.890616646327544        0                      5389
986 9621.8033759722275136       0                      5394
987 9621.9895254977709556       0                      5399
988 9616.2183506114779448       0.06752392578609338336 5405
989 9622.2344282420563104      57.386720167107689861   5410
990 9621.3661894606557325       1.4028413761432350082  5415
991 9742.7513187309577916      31.45020778920481419    5421
992 9754.204138268765746        0.48031497730345534825 5426
993 9610.2810612446701271       0.00955302235400469837 5432
994 9742.4737191926651576      11.217398552705599712   5437
995 9742.4737191926615196      11.217398552700677428   5443
996 9647.9710032241782756       0                      5448
997 9606.5463384043559927       0.02692054774767644806 5454
998 9617.2500389761480619       0.00094347289175650381 5459
999 9617.6858744572309661       0.4084807274853079484  5464
1000 9617.3643916510554845      81.841290841526088684   5469
