1 11942.457493020987386      19203.884540319777443      5
2 11925.453928646420536      10907.174464273855847      9
3 11903.248797916636249      174.15586331533395992    14
4 11899.107529183618681        2.6410850414731346092  18
5 11264.73415829249825        14.985002867711436636   23
6 12245.172981192929001        0                      27
7 13201.556476408917661      881.11741147707425625    32
8 12622.631210339302925      317.81656963495976242    36
9 11266.259846339213254       21.134302984704191886   41
10 12444.042764813530084        0                      45
11 11886.740039855823852        6.4963805988544240932  50
12 12056.255843064483997        0                      55
13 12604.694230978057021        0                      59
14 13467.272844110353617      55823.299523633264471      64
15 13467.439188198142801      55507.08657533612859       68
16 13307.985155558586484      51798.915736513328739      73
17 11869.252619447204779        4.2526721856195788263  78
18 12232.503433449432123        0                      82
19 12238.488827548717381      3694.6120348329855005     87
20 12583.221306546642154      3752.1973339892347212     92
21 11587.845425208264714      135.06517415284494632    97
22 11902.718558389860846       40.049262709422642104   101
23 12243.271960945245155        0                      106
24 11707.431785889162711       15.495500407053357961   111
25 11248.433965913960492       86.161224817918224517   117
26 11672.888011744968026      74747.589401271674433      121
27 11653.359459406739916       47.95645698136977586    126
28 10971.589813778185999       66.642476210329434139   131
29 10972.080949060220519       91.735834549424779993   136
30 11911.850843646290741        0                      140
31 12106.144622554109446        0                      145
32 12142.560670032828057       55.234674749592862497   149
33 11102.456714940424717       57.786915951064507624   154
34 11105.446831960660347       10.844929612943447594   159
35 10813.27010486972722        81.881273413150609031   163
36 12486.48841361401719        10.819875411071272708   169
37 12272.741052515882984        0                      174
38 12060.308080813505512        0                      179
39 11978.882390221453534        0                      184
40 11210.3299676078841          7.0703981674002402968  189
41 12226.371604207732162        0                      193
42 12264.128507939298288        0                      198
43 11416.980442660111294        6.3546521303517335966  203
44 11610.876769931952367      17719.151557471628621      207
45 11856.283683530016788      5580.6373933907416358     212
46 11839.780087440603893        2.2046604443116915029  217
47 11845.229216888952578      150.50473373747684036    221
48 11181.215887682603352       29.512919183731295192   227
49 11295.198700950464627      3167.2030397721910049     232
50 11612.548780806753712      3375.4050281294898923     237
51 12567.478830439362355        0                      242
52 11561.121430495983077       10.478028192046011213   246
53 11654.795904967329989        0.2395161579124692186  251
54 11660.08450223743057       107.40999390525205115    256
55 10738.021652703155269        0.01319942127217760969 261
56 9195.9674114196441224     2053.0306452580293808     265
57 9013.7328657909019967     1586.3230855994563626     270
58 9043.3483045949869847     1004.9041839738638373     275
59 9004.2777604467628407     364.14231159376799951    279
60 12763.008780947957348       26.647248479297630297   284
61 11654.926760050970188        0.7155011911365769528  289
62 9766.8300605820986675     2705.5052668587791231     294
63 10240.975043044199992      13594.640069119976033      298
64 10746.989978752433672       75.107199771107190145   303
65 10743.920703545743891      141.70583199356607906    308
66 11002.418216843539994       19.401624062660079773   313
67 11640.83550060271773        92.233234213643015664   317
68 11863.162327451052988      446.50640125378868106    322
69 13196.875579840101636      63476.737922708372935      327
70 10373.983869230838536      3222.2115226361811438     331
71 9774.1356081649519183     12220.923875455200687      336
72 9478.3279907369069406     2167.1477484855486182     341
73 10688.710038065612025      78871.903680755363894      346
74 10618.898904561214295      115.4738625741987903     351
75 10115.12231308846458       933.91626716689381738    356
76 10864.377964035365949       10.16551151497393235    360
77 11465.674501057426824       15.470146992606016667   365
78 10632.057031288812141      828.8650620938267366     370
79 10900.975902462234444      896.67925578836798195    375
80 10542.916648902973975      9856.9442203175422037     379
81 11020.859066121085561        8.968710572937283132   384
82 11847.796299918230943      321.72112230881469941    388
83 11862.715683218521008      9167.5103255054691545     393
84 10472.467997507264954      276.90566308436967802    398
85 11833.370356624265696        5.3405928203171431079  402
86 10788.058596424718417      160.68148072592228459    407
87 10799.965249893823056       42.38751395169730074    412
88 10911.158016784313077       43.792231909080982177   417
89 10489.992762604691961      196.07610622316300919    421
90 12854.00102353872353       119.22944235986085459    427
91 11367.341581772559948       14.792335910025508738   432
92 10605.583849695898607        0                      436
93 10295.018035337081528       58.017935798271594194   441
94 9727.9145235686610249      40.431485115950259512   446
95 9771.6958339941884333      14.552770350359660156   450
96 11447.968183815166412        7.3671996307884866084  455
97 12166.856653017337521        0                      460
98 10643.265983750881787        0                      464
99 11149.558438668831513       14.628165637758460349   469
100 10649.292902942132059        5.0297170847852088471  474
101 10185.40454290577145         0.09045164758866318377 479
102 10595.000438436600234        0                      484
103 10600.505351230556698      2493.2730685846668166     489
104 9816.1612116267497186     578.75858202341851211    494
105 9802.919677875648631      2286.8178041614305585     498
106 9822.819701476562841      3181.5238314744842683     503
107 12017.789033074132021      6630.5749637750495822     508
108 10817.275257376973968        0.67753034256074651243 513
109 11743.290576775325462        0.00730926557593409697 517
110 10337.58207520457654         0                      522
111 9866.4484918850848771     439.7201786330675759     527
112 12981.625200010545086      342.5788233869525925     532
113 9912.5611274689854326       0                      536
114 8246.6520925250333676     2138.105028952109933      542
115 8990.9191232898847375       7.0422925954995720943  546
116 9010.7874809900786204     477.88523652907940686    552
117 9329.1010251116204017     1210.013854875653351      557
118 9341.190203382542677      4140.5565576300841713     561
119 10001.234462511149104        0                      566
120 9551.5312022216876358       0                      571
121 9058.850405808450887       47.904054776456412412   576
122 9412.1905877364624757      12.328125273631750147   580
123 10895.780694851402586       30.389793242656928385   585
124 8836.5163727618255507     5286.0875841877059429     589
125 8218.5849376579226373     1870.18453467577433       594
126 8238.9265646008771        3613.7569215907710714     599
127 9339.9789351827639621     1234.2939455703306066     604
128 8315.8368181916775939     31523.652125479278766      609
129 8702.3818597562931245     4595.2820561564367381     614
130 9012.0174403510027332     23720.581896758631046      619
131 9235.4035818211341393       0                      624
132 8965.7027804488716356       0                      630
133 8780.9457939258954866      70.950841591989089352   635
134 8583.6698796064338239     11063.792330354808655      640
135 8113.6388820507463606     1037.3755549451541356     645
136 8192.7698959299668786     7224.2389299417945949     650
137 8131.1440913752021515     2742.5576639683213216     654
138 8743.6065211191780691       0.89680396399108353034 659
139 11017.207386071222572       20.6061471559759255     664
140 8741.3275019919128681       2.6987159016406745415  668
141 8964.9938976447392633       0                      673
142 8106.7321773951589421       0                      678
143 8814.4801826620223437     5759.6684899077945374     683
144 8119.0391720926636481      71.051899085329495165   688
145 8096.3010371219434091       0                      692
146 8664.2936549926489533     35561.31649811490206       697
147 8121.0396571574519839       0.05307387101936533735 702
148 8356.6274808773669065     3580.8463108965447645     706
149 8119.0576419090266427       0                      711
150 8118.1421862928727933       0                      715
151 8478.0163736217491532       0                      720
152 8592.8215367502016306     33653.300982357774046      725
153 8717.6489597130312177     38711.555966253981751      730
154 8743.4609991174802417     2824.2584036242446928     735
155 11057.176002204727411      25215.084675551541295      740
156 8596.5861434303606075     47125.919663516979199      744
157 11073.75370454934091       2310.18306775074916       749
158 11512.140284364393665      179.18707988732461445    754
159 12496.631286495990935      28322.568042612285353      759
160 13674.519033790631511      35044.051812380130286      764
161 11490.030282950017863      50166.038939890575421      768
162 8505.245144733467896      2378.3334196925934521     773
163 8140.3132871351490394     1695.1907484293058133     778
164 8110.049306011200315      547.03420321178919039    783
165 8137.2652606686115178     440.8197068137414476     788
166 8115.205283599514587      345.14848937466990719    793
167 8683.4602045030296722       0                      797
168 8501.8130650654748024     3028.1139490991577077     803
169 8541.457798463623476      999.64307748819749122    807
170 8100.1615710360410958       0                      812
171 8125.0992848949208565     1739.3606535368408004     817
172 11354.35654107730079       2199.9051158046163437     822
173 8585.9515702729549957     14261.963581347525178      826
174 9380.3864469822310639     15270.135429588845         831
175 8242.9219669526228245     24469.749157344518608      836
176 8654.9632533620606409     26111.076835324973217      840
177 12834.078347714435949      6367.1988220446191917     845
178 8299.0125431597152783     52320.777399102546042      850
179 8131.2889916349504347     3110.0969287841508049     855
180 8092.6838228844926562     382.27060307994747745    860
181 8093.4791633770191766       0                      865
182 8660.7810439638342359     31847.934964404441416      870
183 8096.5171642417681142       0                      875
184 8216.3391710350661015     1353.1581436257204132     880
185 8104.9503234342464566       0.00005994617100676848 885
186 8680.3301126129754266     31419.309800474879012      889
187 8104.488778720227856        0                      894
188 8104.4404450460087901       0                      899
189 8686.0865486972015788       4.8909940499927886393  904
190 8287.6067484776649508      54.456668541889023061   908
191 8584.7495489801076474     2207.258401244603192      913
192 8634.2468915685076354     2328.347192722314503      918
193 10996.358502291412151      2520.2170956928398482     923
194 8564.2215837748626655     7502.2228915719169891     928
195 9840.0839004627250688     6385.3574374047129822     932
196 8793.6679877547358046     13223.207076157565098      937
197 11694.15138218969696       8891.4530129220747767     942
198 8782.2059745866772573     11200.603064394079411      946
199 8834.5962027180230507     106294.72263110338827       951
200 14595.190574113330513      9964.8643900779115938     956
201 10705.250046580833441      26455.03204432736311       961
202 8372.185278584014668      1028.8660463624319164     965
203 8107.0782090745096866     133.69536663003086119    970
204 8444.0480812422010786     5925.016071266734798      975
205 8152.5993979790937374       0                      980
206 8134.9523621159487448       5.2254031503028626204  985
207 8680.6149584378672444     743.34142802249527904    990
208 8092.9855793479136992       0                      995
209 8104.3141359672090402      13.02064546591706673    1000
210 8371.4403789721509384     1121.2153922551399319     1005
211 8173.959516376218744        0.37135333215268334639 1009
212 8534.9421272006202344     493.71308407848709976    1014
213 8269.4388352944715734      82.699805065791338166   1019
214 8650.9954726237392606       0.53868812336116866923 1023
215 8287.0561385164146486      69.666312950580717711   1028
216 8452.2078662267031177     6774.1227775781289893     1033
217 10105.048328470644265      410.92478912259900881    1038
218 8154.4838052149925716     1506.0074734310312579     1043
219 8171.557289989518722      3618.8470279778348413     1048
220 8711.8128786725501413     594.63904142395472263    1053
221 8800.3477655442038667     1125.6505247690092801     1057
222 11137.161572410730514      6840.6248363747818075     1062
223 12024.982145294448856        1.9830058574170688068  1067
224 13535.448925031370891      3661.2341714402859907     1071
225 11708.767290441785008      7183.2966598908396918     1076
226 8803.2065457228090963     2594.6208314132018131     1080
227 8087.1763034389805398       0                      1086
228 8125.0211725925855717     185.19646182480747143    1090
229 8145.7457625517581619     4136.0849989231437576     1095
230 8120.3586547100094322       0                      1100
231 8090.6904047392208668       0                      1105
232 8088.759539344676341        0                      1109
233 8530.9837145824167237       0.54173178432814128591 1114
234 8337.582795315549447       54.188734459259897847   1119
235 8131.1736236789347458       0                      1124
236 8142.7611908327226047       4.3640951937340668465  1129
237 8578.2998559118859703      72.096239499991511934   1133
238 8540.5988940922543406     8283.0341903628468572     1138
239 8609.5211144365894143     45562.612366904177179      1143
240 11092.219189959447249      1821.8859683553364448     1147
241 8244.2995171895854583     797.85081316813614194    1152
242 9570.5558294167731219      55.439299074896602804   1157
243 8524.0295184501537733     11735.084978786326246      1162
244 12389.994823795888806      59651.514612790073443      1167
245 8123.6865030241006025     1178.4819239724704403     1172
246 8093.3062088143606161       0                      1177
247 8101.2855003261538513       0                      1181
248 8086.5452261390219064       0                      1186
249 8279.378139099724649      179.75882738598355104    1191
250 8092.7675956757320819       0.14777022979681322945 1196
251 8110.2557752979573706      71.791729598385188638   1200
252 8593.6390044095332996       0.05545232977363485916 1205
253 8093.2053414861875353       0                      1210
254 8116.7634922332254064       0.63133207409782843289 1215
255 8127.4316743979507009       0                      1220
256 8108.000861855727635       42.024682365670201989   1225
257 10938.33066496356696       300.32084532976733726    1229
258 8456.3270465160876483      11.855410190424271022   1234
259 8108.7206704145828553     5016.1491250434028188     1240
260 8312.1251202092025778       0                      1244
261 8472.4929468865157105     223.88283536956356556    1249
262 9420.7500816545398266     387.04372992874419879    1254
263 8188.6438541267561959     1777.35445317583617       1258
264 8085.1801305824055817       0                      1263
265 8413.6365175354439998     344.8911475567019238     1268
266 8087.9246555210893348       0                      1273
267 8086.8713740841949402       0                      1277
268 8411.7959182544873329      17.600813127918428336   1282
269 8402.7129087518951565      22.804716323926232491   1287
270 8085.885455242295393        0                      1292
271 8087.3526543059688265       0                      1297
272 8419.6753896496120433       6.6166575504673641461  1302
273 8473.6900184373353113       0                      1307
274 8311.0436054991605488       0                      1312
275 8708.0086546512575296     139.29291320650423813    1316
276 8230.3664653491359786     399.37314743815738893    1321
277 8152.173660291628039      1326.675834378480431      1326
278 8216.4571808458313171     1453.3572464586404749     1331
279 8819.4415471023166901     1575.6617853851112159     1336
280 8102.3747446207444227       0                      1340
281 8084.478082615151834        0                      1345
282 8097.4077226389044881      99.416680495305726595   1350
283 8124.5621424533192112       0                      1355
284 8085.4527596046655162       0                      1360
285 8123.03609382142713         0                      1365
286 8441.5469532301212894      28.817857209255304696   1370
287 8406.9437379295141         21.792818043497376834   1374
288 8085.0543759025640611       0                      1379
289 8238.7007318376017793      22.406344047441386635   1384
290 8177.6366676396892217       0.77243847866481518682 1389
291 8246.057820103240374      144.71347184750095494    1393
292 8344.1281289744329115      18.484724733438952171   1398
293 8086.8846021547806231     556.99702698670159862    1403
294 8093.3796640982463941       0                      1408
295 8314.2438665308272903      29.348372088507975519   1413
296 8452.9848049943138903      55.216681831244194711   1418
297 8669.0580592958613124      18.434728583283586545   1422
298 8194.9590851308657875      68.162457729381245031   1428
299 8088.7553461890047402       0                      1432
300 8096.9614932805416174       0                      1437
301 8145.5953660656414286     8956.9161047862417036     1442
302 8440.8575525984942942      11.421236308490355427   1446
303 8091.7092144907119291       0                      1451
304 8096.4401256255023327       0                      1456
305 8098.0775796128800721       0                      1460
306 8108.959940855748755        0                      1465
307 8086.1627807341046719       0                      1470
308 8120.490364557281282        0                      1475
309 8086.1669538597361679       0                      1480
310 8088.9821025816345355     146.91648413627387981    1485
311 8115.2854430490742743     123.13686856208708775    1490
312 8163.9529075688278681     498.83579243835237094    1495
313 8086.9058689727107776       0                      1499
314 8123.7008109362195682       0.06224106435840078694 1504
315 8111.2623632619506679     531.06681397303134418    1509
316 8086.8230425076562824     297.90336738037029818    1514
317 8402.0887349866770819      14.444201143804502152   1518
318 8339.8223327593823342      35.209919967970044752   1523
319 8084.8440571054861721       0                      1528
320 8083.7337282875350866       0                      1532
321 8120.3505949930813586       0                      1538
322 8086.9081249403207039       0                      1543
323 8106.0658130577639895       0                      1548
324 8108.3118733360734041     262.17292337643635847    1553
325 8191.0871971969099832     351.57701585020942048    1558
326 8366.3143099587614415      18.171364865436995473   1563
327 8296.3573994601410959      51.560254626745724238   1567
328 8085.4976850620450932       0                      1572
329 8113.5513163366713343       0                      1577
330 8119.487413471146283        0                      1581
331 8123.9346889196731354       0                      1586
332 8121.0056599891522637       0                      1590
333 8085.8017952569198314     476.27047027950783331    1595
334 8084.4973583226210394       0                      1600
335 8095.6877394184157311       0                      1605
336 8114.7721516259225609       0                      1609
337 8135.9761509328936882      11.398678333742186197   1615
338 8115.708710264651927      148.92644033948715787    1619
339 8098.439974621041074        0                      1624
340 8096.7193623129178377       4.5721468716012942934  1629
341 8097.344947061059429        5.4982844562489505691  1633
342 8124.8678048134288474       0.46939225611993068421 1638
343 8125.5462516332645464       0.50182162909471517143 1643
344 8560.2376519604858913       8.5763700473898616394  1647
345 8211.8944990268209949      11.972294797630137708   1652
346 8083.6326269467863312       0                      1657
347 8125.0778270612845517       0.25332057098064264533 1662
348 8095.7008090433118923       0.47946709522027763928 1667
349 8097.2058261604761356       1.1726700592122909494  1672
350 8090.106014270655578      147.81164423655292239    1677
351 8090.0598619480297202     131.51656431860521934    1681
352 8418.2304457418977108       9.6361343790083058281  1686
353 8378.9226483583388472      32.637468981481440267   1691
354 8084.4574439716270717       0                      1696
355 8103.6040193493790866       0                      1700
356 8118.6519314643737744       0                      1705
357 8083.7546067534767644       0                      1709
358 8090.5485601566024343       0.19308533977454411801 1714
359 8124.9925491676358433       0.23987495527380361948 1719
360 8089.7783074522103561       0                      1724
361 8083.3920968548536621       0                      1729
362 8095.6054121563420267     345.77103513262932211    1734
363 8089.9944206458003464     526.23738966167820763    1739
364 8175.5398544043382572     352.87722224461151654    1744
365 8416.058978025088436       14.56825732789502581    1749
366 8151.9806165349573348       0                      1753
367 8099.4943930958725105       0                      1758
368 8134.7740686329580058       0                      1763
369 8083.5114115243040942       0                      1768
370 8089.4234000689812092       0                      1772
371 8083.8857524187342278     333.423574866037427      1777
372 8095.9566422402767785       0                      1782
373 8110.4659365853585768     171.10144083701123918    1787
374 8122.0410331052389665      61.068740645874953543   1792
375 8124.0969013772155449       0                      1797
376 8098.6155385528700208       0                      1802
377 8089.4239615950546067       0                      1807
378 8117.6605888231060817     164.79354069473879463    1812
379 8118.1385631017910782     165.42013879013467204    1817
380 8543.8348570209254831       9.1351204797732616925  1821
381 8213.7845480691175908      12.074470079923354859   1826
382 8095.899500364407686        0                      1831
383 8108.5140825792905162       0.26776284760106355831 1836
384 8083.5144570003121771       0                      1841
385 8084.1325631398376572       0                      1846
386 8084.9561621810680663       0                      1851
387 8085.028242194664017        0                      1855
388 8090.6433364449048895       0                      1860
389 8092.6606931230571718     262.62233431370884773    1865
390 8088.398445505719792      146.48733582701487421    1870
391 8105.0791730648434168       0                      1875
392 8083.5272925056697204     369.07438331413271726    1879
393 8089.2685395734051781     685.48408465366583187    1884
394 8087.2738511269944865       0                      1888
395 8089.2691384474037477     280.90843244488172559    1893
396 8083.9815122434138175       0                      1898
397 8083.3058234620584699       0                      1902
398 8083.1052455186481893       0                      1907
399 8083.0274468946590787       0                      1912
400 8085.0256999484508924       0                      1917
401 8084.7813692208974317       0                      1922
402 8084.7145539421699141       0                      1927
403 8525.2272396581938665       1.7207922459091520295  1932
404 8376.5150757319916011      69.08981610010671659    1937
405 8082.7828422926068015       0                      1941
406 8082.3067598046227431       0                      1946
407 8082.2062553528858189       0                      1951
408 8091.1171536245255993       0                      1955
409 8111.7371367513378573     123.8918222107527356     1960
410 8087.994908962307818        0.04336393354248595233 1965
411 8091.8969394409486995     183.17194575808517243    1970
412 8402.0094745947590127      74.481932512636490173   1974
413 8214.5449084060892346      96.652266022942271206   1979
414 8083.0365224811312146       0                      1984
415 8083.8532247257844574       0                      1989
416 8092.4463591183321114       0                      1994
417 8108.6237719280543388       0                      1999
418 8129.4602516571267188       0                      2003
419 8145.1775027616004081       0                      2008
420 8082.5365754497988746     324.66412750762810902    2013
421 8082.7503053515129068       0                      2017
422 8119.6678799733635969       9.2052329784240960464  2022
423 8122.30702402316183         2.3350309567087670359  2027
424 8085.1707716482005708       0                      2032
425 8081.9208200243074316       0                      2037
426 8089.5401466195144167       1.0838185559728383822  2042
427 8082.7632070430909152       0                      2047
428 8081.9229484476300058       0                      2052
429 8094.2441586762488441       0                      2056
430 8534.3278294420197199      58.74837795098348181    2061
431 8376.4473706061471603      81.40698698290677271    2066
432 8082.0374552862376731       0                      2070
433 8082.0847143717419385       0                      2075
434 8082.9254815498461539       0                      2080
435 8082.7771709780327001       0                      2084
436 8113.3621917539094284       0                      2089
437 8088.4057706597959623     285.8733776262637889     2094
438 8084.4285468120542646     328.56686864684843385    2099
439 8095.9659902916255305     857.45893728535077116    2104
440 8133.8479313057077889     137.9112866171554117     2109
441 8144.8531358581149107     877.55335791583650007    2114
442 8104.0686665656539844     222.30243187520545689    2119
443 8084.3007597057776366       0                      2124
444 8123.7773068482638337       0                      2129
445 8127.662343609022173        0                      2133
446 8082.0932753903989578       0                      2138
447 8081.9694297213918617       0                      2143
448 8583.0686839342852181      15.661817193814000504   2147
449 8208.2584850907805958      12.442448841914835356   2152
450 8082.0704890201268427       0                      2157
451 8083.9954796236497714       0                      2162
452 8111.0718736671979059       0                      2167
453 8082.2147681630249281       0                      2172
454 8089.3458927119881992       0                      2177
455 8082.9218535213667565       0                      2182
456 8084.0449794837613808       0                      2187
457 8084.7093172951745146     373.63773076145906771    2191
458 8092.2020860964848907     147.89288838505950707    2196
459 8113.7229902414856042       1.0545109874729678978  2201
460 8083.6719989609546246     364.38455414682590572    2205
461 8086.8914543894125018       2.5322218577586150801  2210
462 8087.6580619866954294       1.4745812736461352266  2214
463 8085.3312146742782716     323.9843780023305726     2219
464 8083.4592996068431603       0                      2224
465 8081.9184407918983197       0                      2229
466 8081.9211737546902441       0                      2233
467 8082.3699113606871833       0                      2238
468 8082.3395165251886283       0                      2243
469 8085.1763813180459692     325.11481489576090098    2248
470 8083.4459512730081769       0                      2252
471 8081.9341036885207359       0                      2257
472 8081.9476328722239487       0                      2262
473 8082.7831256598865366       0                      2266
474 8083.0313327728208606       0                      2271
475 8083.1973073386561737       0                      2276
476 8082.0510590395924737       0                      2281
477 8082.3692671319977308     321.0972840210808954     2286
478 8083.575101294205524      346.33024899583062961    2290
479 8104.3592460146719532       0.14312458256643403876 2295
480 8109.8210348484917631       0                      2300
481 8092.5087291105319309     261.73918141858951003    2305
482 8095.3262546304686111     374.6131164352825067     2310
483 8091.4655085063714068     158.86981942226964293    2315
484 8084.1144475243099805     386.40701787499091324    2319
485 8082.6029640260803717       0                      2324
486 8081.9177064189634621       0                      2329
487 8081.9253762152229683       0                      2333
488 8082.6060094376189227     358.11187290058325061    2338
489 8082.7097690464834159     353.66792339816265667    2342
490 8081.9243846060826399       0                      2348
491 8081.9277985516400804       0                      2352
492 8082.1548364581685746       0                      2357
493 8082.1812896324900066       0                      2363
494 8082.9285557109360525       0                      2367
495 8084.1176938062981208       0                      2372
496 8082.1564101694466444     333.94258985249945226    2377
497 8082.7634712164790471       0                      2381
498 8108.959386323099352      865.70735321875383761    2386
499 8113.2945245457794954     167.27049905426028431    2390
500 8081.9970485981566526       0                      2395
501 8083.9016092320243843       0                      2400
502 8084.974431506025212      378.25521016382265316    2405
503 8083.5956595058687526       0                      2410
504 8081.9162446564741913       0                      2414
505 8081.9162586047232253       0                      2419
506 8082.3638070719962343       0                      2424
507 8084.1524661925004693     388.22702439898927196    2428
508 8081.9188363476514496       0                      2433
509 8081.9515196004840618       0                      2438
510 8081.9522955187285334       0                      2442
511 8081.9973034889299015       0                      2446
512 8082.7540234446432805       0                      2451
513 8082.9328425819376207       0                      2455
514 8081.9870893957768203       0                      2460
515 8082.1677156827408908     331.14881172054555236    2464
516 8112.6307417099142185     166.46245570681969639    2468
517 8111.3574674691808468     1022.3101672497889467     2473
518 8088.3176592414711195     111.44407424895543102    2478
519 8082.1434826997574419       0                      2482
520 8082.9312854141144271       0                      2487
521 8082.161327442804577      332.23394583497912436    2491
522 8081.9183175800280878       0                      2496
523 8081.9305115652414315       0                      2500
524 8081.9325147048657527       0                      2505
525 8081.9445026055864219       0                      2509
526 8083.642380302325364        0                      2514
527 8083.652981811288555        0                      2518
528 8082.7580698599012976       0                      2522
529 8082.1628673016548419     331.98469205455342035    2527
530 8083.9885393426411611       0                      2531
531 8106.7865536478584545       0.20987505934563596699 2536
532 8106.106276302642982        0                      2541
533 8086.6470732325233257     125.55542375674632183    2545
534 8083.6790151418263122       0                      2550
535 8081.915516104035305        0                      2554
536 8081.9177296458865385       0                      2559
537 8082.0445048772880909       0                      2563
538 8082.1581563444033236     332.51700487527193673    2568
539 8081.9172324014280093       0                      2572
540 8081.9241608350657771       0                      2577
541 8081.9362871902731058       0                      2581
542 8081.9512807219225579       0                      2586
543 8082.9315004529635189       0                      2590
544 8081.9904444413541569       0                      2595
545 8082.166148232764499      331.70201113351868116    2600
546 8082.7533523686151966       0                      2604
547 8110.1237725489309014      89.45338563498158635    2608
548 8108.3192917202159151     627.10087035560911772    2613
549 8092.1395010843943965     262.68805055037529428    2618
550 8082.0143827454248822       0                      2623
551 8082.1136950535747019       0                      2627
552 8105.7555697159359624       0                      2632
553 8082.1594189824718342     333.07080908923700235    2636
554 8081.9151187665493126       0                      2641
555 8081.9842304234889525       0                      2646
556 8081.992316488567667        0                      2650
557 8106.2847260090129566       0                      2655
558 8081.9175675008182225       0                      2659
559 8081.9171294087445858       0                      2664
560 8081.9230092021471137       0                      2668
561 8081.9429209166828514       0                      2673
562 8082.7535575608608269       0                      2677
563 8082.9234475227231087       0                      2682
564 8081.9888256743861348       0                      2686
565 8082.1912119398311916     332.82962870600420047    2691
566 8106.6858928817291599       0.15588786500976037352 2695
567 8106.1862333762055641       0                      2700
568 8088.3208394447274259     110.95228220651267748    2704
569 8081.9187874481958715       0                      2709
570 8105.6528699088057692       0                      2713
571 8105.7187485240519891       0                      2718
572 8082.1670852064544306     332.50402035823333335    2722
573 8081.9162248666279993       0                      2727
574 8081.9191705067687508       0                      2731
575 8082.9190409795255619       0                      2736
576 8106.5949505191711069       0                      2741
577 8083.9843793784175432       0                      2745
578 8083.9899556892496548       0                      2750
579 8088.3138388602483246     111.14183705929168866    2755
580 8104.945038314973317        0.00214069846511952657 2759
581 8106.1280544453529728       0                      2764
582 8104.7960354645838379       0                      2769
583 8083.6697545264642031       0                      2774
584 8082.1698625726676255     331.66792787794719288    2778
585 8081.9172030415002155       0                      2783
586 8081.9155207554531444       0                      2788
587 8081.9163619098035269       0                      2793
588 8104.9652905037646633       0                      2798
589 8105.9234467282813057       0                      2803
590 8082.1636453991786766     333.09223647733989537    2808
591 8082.7986017235534746       0                      2812
592 8082.8047455051364523       0                      2817
593 8083.6263736010196226       0                      2821
594 8083.9901063933066325       0                      2826
595 8081.9822569468869915       0                      2831
596 8105.8155675616817462       0                      2835
597 8082.1720149598704666     332.2206760855604557     2840
598 8081.9186758322175592       0                      2844
599 8082.7544190113067089       0                      2849
600 8082.9199913934398865       0                      2854
601 8088.3102320428342864     111.63388668983984076    2858
602 8088.3138943076673968     111.46633333930084575    2864
603 8104.7958665102642044       0                      2868
604 8105.1147804960482972       0.00301454791360277396 2873
605 8081.9167177763920336       0                      2877
606 8106.8829450063776676       0                      2882
607 8105.4938557513614796       0                      2886
608 8082.9316620228264583       0                      2891
609 8104.8731397547508095       0                      2896
610 8105.8154269996475705       0                      2901
611 8082.8288717146187992       0                      2905
612 8085.1908267250810241       0                      2910
613 8084.0165625339195685       0                      2915
614 8082.1660826803517921     332.25535806025959573    2920
615 8081.919250560985347        0                      2925
616 8105.5893650204634469       0                      2930
617 8082.7558430909612071       0                      2934
618 8081.9929714388799766       0                      2939
619 8083.9926486939375536       0                      2943
620 8086.6483658166189343     126.95975836857290631    2948
621 8082.1720281186780994     333.95146206974601455    2953
622 8083.387294242274038      347.85220863828362781    2957
623 8088.3225361445511226     111.64644903179197399    2962
624 8105.9228027311983169       0.51807079382671161749 2966
625 8106.9116231681355202       0                      2971
626 8086.6587458990552477     127.49939333811947506    2976
627 8081.9205634331701731       0                      2981
628 8104.7767848634421171       0.00000058820940157208 2986
629 8104.2985854160797317       0                      2991
630 8082.0008525947541784       0                      2995
631 8104.3853066343535829       0                      3000
632 8081.9174166122047609       0                      3005
633 8082.0031794547503523       0                      3009
634 8086.6720353848140803     126.56146157452477041    3014
635 8082.4958025967598587     358.55485589050960016    3019
636 8083.9870840959092675     553.2839825856524385     3024
637 8111.1743043449987454      93.087289187172459037   3028
638 8105.8165973869336085     519.00203605873423385    3033
639 8081.9207105081932241       0                      3038
640 8104.5564757142237795       0                      3043
641 8082.757334491147958        0                      3048
642 8083.6292198761166219       0                      3052
643 8105.5605440178687786       0                      3057
644 8105.754294769560147        0                      3062
645 8082.8024899778747567       0                      3066
646 8085.1951318408564475       0                      3071
647 8082.4954242079738833     358.87015193793848766    3076
648 8081.9845543998353605       0                      3081
649 8104.6423126071304068       0                      3085
650 8081.9429966318448351       0                      3090
651 8082.9225881520123949       0                      3095
652 8082.4975567776918979     358.31600210472504386    3099
653 8087.2306057567857351     148.97973299288986482    3104
654 8088.3190959501444013     110.65097358313781228    3109
655 8110.1044535462333442     122.11052036784276709    3113
656 8105.2915991179843331     404.3575470680719377     3118
657 8082.1700646811832485     330.56287170565661881    3122
658 8105.2541809930708041       0.00059207807238010528 3127
659 8082.8320743695667261       0                      3132
660 8082.8270422523510206       0                      3137
661 8082.0240816926998377       0                      3141
662 8083.9971784219869733       0                      3146
663 8092.123565482851518      262.01021808770087773    3150
664 8083.9727637076211977     552.41655442873661741    3155
665 8104.776466708524822        0                      3160
666 8105.7662047025951324       0                      3165
667 8092.1321834495793155     262.9415282455780698     3170
668 8081.9296584639341745       0                      3174
669 8081.9155516068603902       0                      3179
670 8105.3333714554519247       0.45309344160518733036 3184
671 8106.7832117111329353       0                      3188
672 8081.9887097762302801       0                      3193
673 8081.9847604919104924       0                      3197
674 8081.9973591352600124       0                      3202
675 8083.9884955984316548       0                      3206
676 8084.0013524558926292       0                      3211
677 8105.6860943501906149       0.47435763478244552527 3215
678 8089.6169224042059795     976.84586032147296919    3220
679 8105.7164398565146257       0                      3225
680 8082.017206981234267        0                      3230
681 8082.7815163336154001       0                      3235
682 8083.6266521985007785       0                      3240
683 8081.9480346852324146       0                      3244
684 8082.9496423698228682       0                      3249
685 8081.946999268109721        0                      3254
686 8082.9249325361197407       0                      3258
687 8082.9482133359324507       0                      3263
688 8081.9191705067632938       0                      3268
689 8081.9194838771300056       0                      3273
690 8104.312045388345723        0                      3277
691 8081.9438694486516397       0                      3282
692 8082.780377877965293        0                      3287
693 8084.1517835355298303     356.17125058983441477    3292
694 8088.3531365879098303     112.27250862670807408    3297
695 8105.8331648039147694     523.16419594945205063    3301
696 8110.3661521894255202      88.111780111183819031   3306
697 8081.9206495070911842       0                      3310
698 8081.963590699737324        0                      3315
699 8104.5463502276834333       0                      3320
700 8105.0141207685419431       0.00101245804969467127 3324
701 8082.0149536248318327       0                      3329
702 8084.85288567412681         0                      3333
703 8082.4910330404227352     357.111414235870825      3339
704 8082.5000498271510878     359.74007184602783127    3343
705 8086.6433957136059689     125.37583691623619586    3348
706 8107.0539221083672601     581.71844402214867387    3353
707 8110.3875189642130863      87.365595221708304052   3358
708 8082.1719658037045519     329.9892462073020738     3363
709 8082.7534164636772402       0                      3367
710 8081.9154192493651863       0                      3372
711 8082.7552682246505356       0                      3376
712 8104.7069637922777474       0.00028488223577299415 3381
713 8105.6315782181554823       0                      3385
714 8082.1723429173352997     334.79012136250503318    3390
715 8088.306483932721676      111.12929748926396201    3395
716 8089.061435030607754      133.4161486882204315     3399
717 8082.1613274428182194     332.23394583497565691    3404
718 8089.0549378238902136     131.7775006415132566     3408
719 8083.4284010389537798     325.28067914459342092    3413
720 8104.5358617471028992       0                      3417
721 8105.0247459799120406       0.00109890945392671752 3422
722 8089.0564725336462288     4475.6330213540268232     3427
723 8082.8491594215629448       0                      3431
724 8083.62492096636106         0                      3436
725 8083.6293325544347681       0                      3440
726 8084.854596975844288        0                      3445
727 8105.9011357382323695     521.07210420219632852    3449
728 8111.6669139784071376     113.0630171919497684     3454
729 8081.9191948144716662       0                      3458
730 8081.9428681556437368       0                      3463
731 8081.9432299018026242       0                      3467
732 8104.7040828656818121       0                      3472
733 8106.4855265972264533       0                      3477
734 8082.1625053116522395     332.53839088270393631    3481
735 8082.4929041814511947     357.97956503492900993    3486
736 8086.6428960883968102     125.89801050905950319    3491
737 8083.9756112238474088     547.48827181239278161    3495
738 8092.1322378396325803     261.75434305417019232    3500
739 8092.1412482571267901     263.29295427996277112    3504
740 8105.8924352691574313     516.16362011253579567    3509
741 8110.3001075924839824      87.056661132771338885   3514
742 8083.9857632417561035     543.25239150426693868    3518
743 8081.9438584510317014       0                      3523
744 8104.5549613274397416       0                      3528
745 8105.5857882095642708       0                      3533
746 8105.7322804106597687       0                      3538
747 8104.3957352856577927       0                      3543
748 8083.6536518996817904       0                      3547
749 8106.0211306748251445     391.48215619304556867    3552
750 8109.6589120966600603     101.32941889592083839    3557
751 8082.7946524827793837       0                      3562
752 8082.4929449819328511     358.29446369836659869    3566
753 8087.1945633278564856     148.61933112125393563    3571
754 8082.1901625482769305     332.58070078198488773    3575
755 8108.8180191233905134     876.19903599203291833    3580
756 8113.0091398339782245     163.9232746569232404     3584
757 8081.920383905550807        0                      3589
758 8082.7553443563374458       0                      3594
759 8104.7762391091346217       0.00154385055821077387 3599
760 8104.7870124738483355       0                      3603
761 8081.9932133078846164       0                      3608
762 8085.1954579953617213       0                      3613
763 8083.9933429395086932       0                      3617
764 8082.7545559941127067       0                      3622
765 8081.9164449962099752       0                      3627
766 8081.9191948144507478       0                      3631
767 8082.7579632074566689       0                      3636
768 8081.991707836941714        0                      3640
769 8083.9929471824361826       0                      3645
770 8105.6667749170055686       0.47478889243877742121 3650
771 8106.0312008752853217       0                      3655
772 8104.4692928014637801       0                      3660
773 8088.341083783270733      111.4411895012863738     3664
774 8083.4318791422310824     325.93745783201933364    3669
775 8082.1662878288416323     333.64622800430112193    3674
776 8089.0597156272988286     131.97335757710820303    3679
777 8089.7918544620588364     140.0879862508670044     3684
778 8083.0256975672600674     321.10381505113338108    3688
779 8089.1544967543732128     117.61108264801966072    3693
780 8104.9257817420057108       0.00007056161338401198 3698
781 8105.6113992763130227       0                      3702
782 8084.1368537411426587     352.05818460722423424    3707
783 8089.0570496759073649     132.32695756910345608    3712
784 8112.9929907909072426     163.0428509989969541     3717
785 8108.8271151443295821     870.37858810785348851    3721
786 8081.9193024226451598       0                      3726
787 8082.9236086802193313       0                      3731
788 8082.9205358412409623       0                      3735
789 8105.9873518391923426     523.14681479925127405    3740
790 8110.2039031199155943      88.25049251865581823    3745
791 8082.9191081758044675       0                      3750
792 8089.0847846064734767     133.00865758124990634    3754
793 8083.4615759863918356     326.13113067950615687    3759
794 8104.6900394101294296       0                      3763
795 8105.8441281840332522       0                      3768
796 8081.9922543255252094       0                      3773
797 8104.5654706539335166       0                      3778
798 8105.6395785192189578       0                      3782
799 8082.016074004975053        0                      3787
800 8083.9859596901687837       0                      3792
801 8105.6810016622721378       0                      3797
802 8087.1936971564582564     148.99406149087732842    3801
803 8083.4460028994853928     329.89507566605425382    3806
804 8088.3236718480293348     111.97178318651222639    3810
805 8093.0804224173798502     332.01969302288949848    3815
806 8111.0810481980579425      93.543479602999440203   3820
807 8082.0157739225351179       0                      3824
808 8104.5998287562224505       0                      3829
809 8085.1860617810461918       0                      3834
810 8110.1560920992997126      87.95215507079801398    3838
811 8106.0548151414313907     521.81346313172275586    3843
812 8081.9929714388772481       0                      3848
813 8088.3152882093845619     110.81799840984875516    3852
814 8088.3101768115966479     110.96212734689930812    3857
815 8082.1628865455622872     332.7873980549691737     3861
816 8082.1757539620293755     334.50599230077909851    3866
817 8111.0873324354770375     106.24367300945318959    3870
818 8105.8219009561153143     518.24541723057609488    3875
819 8081.928305316562728        0                      3879
820 8089.0558893723364235     132.68123329172988178    3884
821 8083.0039734546962791     322.6960490907916892     3888
822 8083.4358690029685022     327.65495151565176002    3893
823 8089.1539430984257706     117.94492261263771127    3897
824 8084.1338037393043123     350.27812164333926148    3902
825 8089.7688908781192367     139.02552992456952552    3906
826 8106.6833442355027728     554.17415401398875474    3911
827 8110.2948667883156304      87.807441385348056428   3915
828 8082.1660247780446298     330.84516020889492438    3920
829 8081.9171255172268502       0                      3925
830 8081.995671463853796        0                      3929
831 8084.885627542173097        0                      3934
832 8092.1337129187822939     262.52300470637214858    3939
833 8083.9783152727914057     550.3822947269644601     3943
834 8088.2075332784397688      77.734633560087175397   3948
835 8081.9164202459787703       0                      3953
836 8082.1628485197270493     333.92999809756719287    3958
837 8083.6587534777754627       0                      3962
838 8088.3112017078110512     110.63846833698090677    3967
839 8111.1563113227184658     106.57862301238152725    3972
840 8106.5350621075522213     553.40970930142646012    3977
841 8082.1612705532816108     331.6806402587827165     3981
842 8082.1612705532761538     331.68064025877936274    3986
843 8082.5197914999544082     357.44834053394919238    3990
844 8082.5040090381353366     359.76166651751157133    3995
845 8084.0126164776966107     551.30528501178298484    3999
846 8086.6847635466065185     127.29320806063812199    4004
847 8109.6404284517884662     101.32244167370936339    4008
848 8106.0268926120843389     391.46989204151799413    4013
849 8081.9540447663694067       0                      4018
850 8104.4600535773652155       0                      4023
851 8081.9206835495597261       0                      4028
852 8109.8961954239166516     100.67239836158812238    4033
853 8105.7680480911585619     390.21300252650235052    4038
854 8082.1605025784774625     333.37565450306823323    4042
855 8081.9815468447695821       0                      4047
856 8082.9225979244583868       0                      4052
857 8086.645815696313548      126.09020824818806261    4056
858 8088.3114969337775619     111.95921709217090267    4061
859 8082.1666969831730967     334.48448687743047003    4066
860 8082.1675192900283946     332.80885166625824922    4070
861 8088.3179417354185716     110.9746363848359465     4075
862 8104.7876926339977217       0.00000439469251960755 4080
863 8105.5509507860761005       0                      4084
864 8081.9450563938280538       0                      4089
865 8081.9433451492432141       0                      4094
866 8082.7539192050271595       0                      4099
867 8082.7587413767205362       0                      4103
868 8082.9540600802465633       0                      4108
869 8106.3957957836692003     363.22450116717391211    4113
870 8109.8924303093199342      99.895660153561891548   4117
871 8082.490802942242226      356.24414186123743775    4122
872 8081.9444769443598489       0                      4127
873 8082.7989988746348899       0                      4131
874 8084.0183672156708781       0                      4136
875 8104.9814547334699455     403.76472490523173065    4141
876 8109.8811659506918659     101.47276685880679281    4146
877 8082.49150856659071       357.40441088860427499    4150
878 8081.9936243144929904       0                      4155
879 8106.4757085327864843       0                      4160
880 8081.9447176600388048       0                      4165
881 8086.6773863215003075     127.100246032947652      4169
882 8082.4994063634376289     359.44597617525300848    4174
883 8082.5199273883299611     357.76290871010462524    4179
884 8083.9778798264223951     548.1610270499733133     4183
885 8092.1313908938655004     262.68449144364672065    4188
886 8092.161926992224835      262.60480639466828734    4192
887 8084.0056904768371169     550.6308248835359791     4197
888 8105.7195085918438053       0                      4202
889 8105.598958901467995        0                      4207
890 8085.1837584422974032       0                      4211
891 8088.3422985149645683     111.76627899307351299    4216
892 8088.3413736756720027     111.11675832724492352    4220
893 8106.0664720393624521     521.26733814557371716    4225
894 8110.8385654271296517     106.91847327659456823    4230
895 8089.0697833829644878     4480.0656394038369399     4234
896 8106.703659008091563      558.47548631847450906    4240
897 8110.276405839535073       88.555702538954719216   4245
898 8105.0171460844512694       0                      4249
899 8106.1675613428742508       0                      4254
900 8082.8019485329887175       0                      4258
901 8082.8029234429477583       0                      4263
902 8083.4841466215866603       0                      4267
903 8084.8590974210492277       0                      4272
904 8104.4701399386931371       0                      4277
905 8082.9223788947847424       0                      4281
906 8082.9989959702515989     321.60642301912309904    4285
907 8113.924009576100616      218.82147854337446802    4290
908 8109.5744268254802591     918.95020720069817344    4294
909 8092.1412482571113287     263.29295427993497469    4299
910 8083.9966952259455866       0                      4303
911 8106.4778709251577311       0.15065781079335044401 4308
912 8106.813875953031129        0                      4313
913 8082.1618747851362059     331.65929078333363123    4317
914 8081.9168212659114943       0                      4322
915 8085.0613229246018818     617.89948814094179852    4326
916 8104.7665789766297166       0                      4331
917 8084.0013190584859331       0                      4335
918 8081.987796503825848        0                      4340
919 8084.0126732774870106       0                      4345
920 8105.7293149594715942       0.40279196192816968392 4349
921 8105.9674737164932594       0                      4353
922 8081.9823397076206675       0                      4358
923 8081.9201433881307821       0                      4363
924 8104.4511490815166326       0                      4367
925 8083.6295900616260042       0                      4371
926 8105.7458866411388954       0.50806771064380573666 4376
927 8106.7403921013055879       0                      4380
928 8082.7542157239631706       0                      4385
929 8104.4648922500800836       0                      4390
930 8081.99177415324084         0                      4394
931 8082.8015989741734302       0                      4399
932 8082.8080778298453879       0                      4403
933 8083.9978475939724376       0                      4408
934 8084.8544204096297108       0                      4412
935 8084.8581728794060837       0                      4417
936 8083.9887964907966307       0                      4422
937 8095.0719604736523252      68.612521324683243051   4426
938 8082.925845863846007        0                      4431
939 8104.5386021753420209       0.00006790033912582357 4436
940 8082.9494417432724731       0                      4440
941 8082.0280639274460555       0                      4445
942 8082.8046270619061033       0                      4450
943 8084.0256304312815701       0                      4455
944 8085.2049846697645989       0                      4460
945 8108.9118183790724288     879.15330764329826252    4465
946 8112.9027500436377522     163.41276008006119014    4469
947 8104.3785651166053867       0                      4474
948 8105.9488289170521966       0                      4479
949 8106.9349460846515285       0                      4483
950 8081.9460093823490752       0                      4488
951 8082.7819957170995622       0                      4492
952 8082.9237054621398784       0                      4497
953 8083.634666397512774        0                      4501
954 8082.2013347363790672     333.15597881940738034    4507
955 8089.0693700898773386     132.69466194085035227    4511
956 8113.9093402795033398     189.20130794471012337    4516
957 8108.7462732486510504     873.798600990138425      4521
958 8082.1660247780400823     330.84516020889827814    4525
959 8081.9444901388505968       0                      4530
960 8083.4587448068286903     324.41778144953150331    4535
961 8112.9288750221348892     163.692099894310644      4540
962 8109.6520826067917369     916.45922537842216116    4544
963 8081.9213485773107095       0                      4549
964 8081.935676317693833        0                      4554
965 8104.5362859674987703       0                      4559
966 8089.1629198795508273     118.13020130619263171    4563
967 8111.0128478439646642     106.73780305813637881    4568
968 8082.8382479329511625       0                      4572
969 8082.9206324697279342       0                      4577
970 8104.9311081018367986       0                      4581
971 8104.6277382054377085       0.00100187613317957291 4586
972 8083.9896928036332611       0                      4590
973 8081.9195003569802793       0                      4595
974 8082.9502835461462382       0                      4600
975 8081.9945348779774577       0                      4604
976 8106.3162156307444093       0.1450464484819182498  4608
977 8082.4963628036366572     359.16389207633494607    4613
978 8083.9840625185197496     322.42030618522505847    4618
979 8086.6436269004543647     126.07642051146611095    4622
980 8089.0526966914330842     132.13092902287414176    4627
981 8089.0652219329203945     132.87766760837052971    4631
982 8105.655900958942766        0.47295431129807496973 4636
983 8106.8260475568367838       0                      4640
984 8104.4611979679993965       0                      4645
985 8106.558496603284766        0                      4650
986 8082.7598466433491922       0                      4654
987 8082.7603888718858798       0                      4659
988 8082.9197788563242284       0                      4663
989 8082.930985263185903        0                      4668
990 8106.1132386366580249       0                      4672
991 8106.3955531243063888       0.16369415138697271384 4677
992 8081.9206495070820893       0                      4682
993 8082.8035923924571762       0                      4687
994 8082.5004461140088097     359.18544478815181265    4692
995 8083.9868674186755015     557.55988170362752498    4697
996 8083.9952070911176634       0                      4702
997 8104.4841305118407035       0                      4707
998 8081.9877869282199754       0                      4712
999 8081.9878050007655474       0                      4716
1000 8082.0354620401149077       0                      4721
