1 8455.5413120701778098     2217.8637679984958595     4
2 8404.8709634874630865     1106.7800662504257616     8
3 8629.134785372449187      4551.1238036330887553     13
4 8496.2376184971471957     2365.1234770533069423     17
5 8404.9547191195924825     1184.4609887715021159     21
6 8393.49192543873869       637.04339304456664195    25
7 8398.1048612654849421     2844.1089525696565943     29
8 8405.1744119381928613     2417.2079133515958347     33
9 8402.0550812157252949     3202.4075352267377639     37
10 8402.8458332970076299     886.6636202551912902     41
11 8375.8386935190173972     20398.387190672026918      45
12 8654.6815724223979487     133100.72478281901567       50
13 8449.3528109282051446     1381.1809448392557442     54
14 8476.6390172508836258     1478.5371826481364224     58
15 8548.0506546002325194     3126.9143921088007119     62
16 8381.3108415117349068     14498.149264760180813      66
17 8412.0614945321412961     1997.9340818997518454     70
18 8470.0661045943215868     1375.2801181418567467     75
19 8544.5787804684878211     2026.9513610678657187     79
20 8409.246461628274119      411.34517133365608288    83
21 8448.9315637686340779     729.93736614965041554    87
22 8465.4167855132400291     543.71057188333077193    91
23 8489.9343988212694967     3504.7372726505413993     95
24 8401.6020180373961921     3794.5369331865581444     100
25 8441.8274029633212194     391.27167437981159992    104
26 8439.4993875579857558     2752.9816387211540132     109
27 8408.5493031785645144     6790.4901030782348244     113
28 8395.6249837121267774       0                      117
29 8489.7740118951405748     9788.3302496991327644     121
30 8383.706090518478959        0                      126
31 8453.0533437534941186     9487.4490255187611183     130
32 8294.6932861046116159     2903.811025580275782      134
33 8324.7238255168431351     9154.0261521558186359     138
34 8263.4252760794151982     153.26593179508006415    143
35 8323.6655548233320587     8876.4838397776347847     147
36 8294.8746226110997668     638.24959149464461916    151
37 8357.288039006114559      775.26484800574110068    155
38 8246.9575562246900517       0                      160
39 8275.591668470948207      8280.914919035625644      164
40 8190.3510117001833351     606.20456518428329673    169
41 8185.6338985127176784     6078.4050076719313438     173
42 8254.2047287708264776      30.274049753983490518   177
43 8267.4609823821920145     2111.7084597961311374     182
44 8293.1849955518500792     5530.8468126697916887     186
45 8133.0096211075097017     6200.3230453270780345     190
46 8197.556024192379482      25956.162423658537591      194
47 8203.3558266482723411     28749.469982270311448      198
48 8114.1568009394231922     7470.6303627015058737     203
49 8717.2699810657541093     613.32163623307690159    207
50 8246.7923286284130882     192.60225692402562458    211
51 8374.2282337598990125     969.19112384518302861    215
52 8203.8563336128281662     374.69008455962898552    220
53 8420.8660319433165569      18.145557748153471778   224
54 8130.2556410556471747     8457.291013250774995      228
55 8271.2481995688431198     26734.016453325715702      232
56 8772.7394038477305003     27506.898321047734498      236
57 8885.0077369034806907     7573.5332344939070026     241
58 8199.6292703896215244     3712.6075143165289774     245
59 8295.4152533051637874     3370.8200945529861201     249
60 8434.6476459508157859     45659.669496056631033      253
61 8237.2127531603291573     2966.4461437991999446     257
62 10382.115275582253162      444.64302101411573176    261
63 8110.5805604877732549       0                      266
64 8568.2368752208822116      14.930714456244217558   270
65 8104.8270107406506213     370.43119947843291584    274
66 8105.2482618241965611     309.62337337577156404    279
67 8097.2886236411450227     4212.6091875825704847     283
68 8290.146421698598715      428.03471535449091334    287
69 8102.1314705123522799       0                      292
70 12290.191527962910186      2796.9401411226790515     296
71 8101.0420674102142584       0.03558987708381157467 300
72 8428.2910080855508568      28.087572190897194702   304
73 8106.1148142138436015     2265.2046287238049445     309
74 8100.1301116119220751      12.41828766452537991    313
75 8120.2197790837881257     4726.3729516653311293     317
76 8098.2847550600190516     510.88955092640372868    321
77 8141.3744159789057449     315.54820290112252223    325
78 8185.7686064846257068     187.58499122252689517    330
79 8519.9180178694150527      44.659730478385398555   334
80 8139.3471403643025042      79.091624664101772169   338
81 8203.5347713590126659      13.116038404872229606   342
82 8123.7416999933038824     1353.6881060724610961     346
83 8292.3327261329559406     10266.289149183652626      351
84 10857.924313109337163      240.97795553844068195    355
85 8164.6107166343635981     7895.7883697958841367     359
86 8172.3900687875184303     4974.2978761281337938     363
87 8107.437984977738779      6304.487433642934775      367
88 10365.368727638251585      611.41509428923950509    371
89 8114.6608727013062889     877.74093940264947378    376
90 8108.323598772070909       62.938012042324992024   380
91 8108.4112880006314299      80.77250141869828326    384
92 8354.8320980047319608     3192.4244409981993158     388
93 8264.15971686701414       231.70508512290476233    393
94 8093.6608336461795261       0                      397
95 8404.7617975681860116     144.32162953610762202    401
96 8103.679419130741735        0                      405
97 8138.5784598794025442     545.93638144843953341    409
98 8144.0340054095377127     1155.6798934800631287     414
99 11142.646886050439207      7537.2303927319435388     418
100 8331.4149959701644548      94.176707180326459934   422
101 8147.696268175136538        0                      426
102 8543.8517187836914673      23.320160138068125377   431
103 8092.1065353748681446       0                      435
104 8111.0745783378943088     485.10024282580138788    439
105 8094.486257887314423        0                      443
106 8090.7858408969650554       0                      448
107 8140.6601359947235323       0                      452
108 8094.0699483385651547     104.0907912730373539     456
109 8120.0690992511517834     1237.2283870508219934     460
110 9269.5710135091831035     11134.765879485741607      465
111 8340.0904360362692387     5625.4674293410544124     469
112 8182.9180725675651047      45.011655703385542893   473
113 8264.1290051320793282      24.395910454530241651   477
114 8101.6687256708446512       8.217661133134393836   481
115 10814.873947794396372      17115.492729971185327      486
116 8608.3868820706738916     903.3736728678579766     490
117 8792.9220668587222463     13739.598349280373441      494
118 8093.1385441024031024       0                      498
119 8480.829126462844215      6337.079574501967727      502
120 8156.6575575374145046     2517.8438256342892601     506
121 8513.0236147966861608     13257.132685975824643      511
122 8725.496653093250643      6036.1238372149855422     515
123 8199.169474434977019      11893.682592282842961      519
124 8140.6844296958333871       0                      523
125 8088.1582033527502062       0                      528
126 8391.487153090092761       34.562682719807902743   532
127 8133.9642547018838741       0                      536
128 8089.7887179532071968       0                      541
129 8315.6279582982642751      11.179572967687329665   545
130 8503.6033265067471802     1565.3178290753332931     549
131 8283.0934263486669806      60.982414443358194944   553
132 8139.4877264368360557       5.2136036891640191726  558
133 8086.9000928558316446       0                      562
134 8125.5336389054955362     181.57062851176792151    566
135 8135.9584755112573475     780.30115961240232991    570
136 8101.2482126832555878       0                      574
137 8086.1056804776244462       0                      579
138 8085.8286867956594506       0                      583
139 8097.8405887643020833     325.55353863538084624    587
140 8092.4256936715673874     154.09686179034579823    592
141 8103.1770913876853228       0                      596
142 8216.4255166988405108     110.89700226302571195    600
143 8145.2997268741619337       6.407607393088220249   604
144 8096.5195254929958537      53.443349371036518392   608
145 8111.0693590084802054      30.477190690221327429   613
146 8147.6588253754598554      70.881195957565893195   617
147 8351.8617312072219647      11.677890083937377597   621
148 8453.1624922721912299     391.62817454924487492    625
149 8519.6000627772082225      39.568380058359728935   629
150 8286.3085364968083013     144.52392199277829832    633
151 8732.345425232375419      1803.1297517795940166     638
152 8710.8968605267327803     3276.0069895609340165     642
153 8214.9224814903027436     3267.7547851271410764     646
154 8102.1996960333935931      10.861029250797129109   650
155 8099.7905094941361313       0                      655
156 8087.0955935996507833       0                      659
157 8092.0929002184075216       0                      663
158 8271.258370129562536       76.465980451942073159   667
159 8090.6275473257264821       0.02194529932850200135 671
160 8092.7018316504927498       2.6276815171109277891  676
161 8126.9607787164868569       0.72954936714935569864 680
162 8155.5010240476376566       0                      684
163 8156.3385512397962884       0                      688
164 8205.1639262422577303       0                      692
165 8286.0657079916491057      13.899407928303594062   697
166 8097.6878549179073161       0                      701
167 8097.4277879504670636      58.671565541033459112   705
168 8300.9628402749549423      12.294713261157191653   709
169 8108.5706779666079456       0                      713
170 8094.4136812576789453     872.4521414273301616     717
171 8107.3751559796664878     238.48958091073197352    722
172 8192.5674224494687223     2204.5830192199073281     726
173 8125.2166439599541263     2062.3261913975388779     730
174 8165.1648767229353325     698.2262428371320766     734
175 8095.9637200927436425       0                      739
176 8267.2304545278784644      16.195017369497886506   743
177 8097.8321092602973295       0                      747
178 8088.1662447818143846     327.83624632921259945    751
179 8088.5134703718968012       0                      755
180 8096.3582464065193562     271.69495424068037437    759
181 8099.5100040153301961       0                      763
182 8119.7321872609709317       0                      768
183 8125.3204228882295865       0                      772
184 8120.8985595035474034       0                      776
185 8086.7871025294707579       0                      780
186 8140.2206605209667032     441.61924647707479608    784
187 8130.1378186318588632     234.3848819349526309     789
188 8089.9753568702390112       0                      793
189 8100.2743326895906648       0                      797
190 8084.4709277480042147       0                      801
191 8092.367200328859326        0                      806
192 8093.7128136747669487       0                      810
193 8097.2739160998808075     2985.8483082303960146     814
194 8287.2197717769995506     279.48517707527742004    818
195 8214.7894756184923608      38.3385144924270449     822
196 8130.9883400118987993      73.90772118574496119    826
197 8128.3956873966490093     411.46898667638538427    831
198 8085.8062731419122429       0                      835
199 8085.2881336815007671       0                      839
200 8084.7482846894117756       0                      843
201 8087.9507576537453133       0.50545212505715786389 847
202 8104.1659613738111148       4.5867130414453640697  852
203 8095.7192426336432618       0                      856
204 8098.0306582160692415       0                      860
205 8090.3886140979711854       0                      864
206 8104.2079771761027587       0                      868
207 8084.0333541832324045       0                      873
208 8121.9317083752121107       0                      877
209 8081.9732145945390585       0                      881
210 8090.65796179368499         1.3656051512413514004  885
211 8088.063027067864823        0                      890
212 8089.5713906880027935       0                      894
213 8356.2177735034492798     164.29371020642159351    898
214 8135.3929909471426072       1.9587977817871315978  902
215 8082.8115013679125695       0                      906
216 8089.7559968721243422       0                      910
217 8082.9795921460154204       0                      914
218 8082.8332193166606885       0                      919
219 8094.6091905857765596     163.53316925254975445    923
220 8132.5627864684893211      46.464768471218825141   927
221 8096.7388640881526953      85.127758400062347732   931
222 8119.1925172221081084     185.54207220686316759    935
223 8088.8015117741224458     413.34556081569456865    940
224 8092.6721331551143521     519.39031466952690153    944
225 8102.5968930338030987       5.5167701608546266812  948
226 8089.1767870844496429     143.98014051802189783    952
227 8094.0874245158029225     328.91566659026045727    957
228 8082.0274491958653016       0                      961
229 8082.0123359468952913       0                      965
230 8316.7945155277229787     311.04223397450101629    970
231 8139.0659893938682217       4.4836939557725488115  974
232 8082.3211119095331014       0                      978
233 8083.7900975814754929       0                      982
234 8082.2798296767659849       0                      986
235 8092.0228609750629403       0                      991
236 8084.3052844207159069       0                      995
237 8090.4564491641131099       0                      999
238 8082.1772914903149285     332.74799922436193356    1003
239 8085.6594775892035614       0.2124021333214887175  1007
240 8082.5627658312805579       0                      1012
241 8086.0625117450108519       0.02376508941026637955 1016
242 8084.2173682147085856       0                      1020
243 8085.970743727363697      294.31986409012228023    1024
244 8086.0612893251400237     297.58198181178443065    1029
245 8082.3925536687020212       0                      1033
246 8084.5359426095437811       0                      1037
247 8130.6980255757243867     204.75137702963144193    1041
248 8092.4170113765612768       0.47358982524944187587 1045
249 8082.1109465151503173       0                      1049
250 8082.071733718019459        0                      1054
251 8082.2151019340062703       0                      1058
252 8082.6116131991957445       0                      1062
253 8082.9863326255053835       0                      1066
254 8082.8102989960425475       0                      1070
255 8084.9167765341762788       0                      1074
256 8088.3994398978202298     109.3123316858102072     1079
257 8092.6996316836866754     826.51032176164164866    1083
258 8101.0658598065519982     213.28511897974539124    1087
259 8082.8436720128202069       0                      1091
260 8090.9920917190629552       0                      1096
261 8092.2223272477285718     127.41736822095055004    1100
262 8092.1490546291242936     127.6098729596814394     1104
263 8089.049568778585126        0                      1108
264 8082.3439802587899976     326.61986632333071157    1112
265 8081.9325894923240412       0                      1116
266 8081.9795461456969861       0                      1121
267 8082.3819612932375094       0                      1126
268 8082.383371789866942        0                      1130
269 8093.4427495630161502     492.68761909647082575    1134
270 8129.4601382931350599     204.43241085261558965    1138
271 8092.7068897340259355       0.50456721136949622686 1142
272 8081.9965154423225613       0                      1147
273 8083.2830229970004439       0                      1151
274 8081.9285198576890252       0                      1155
275 8081.9207105081877671       0                      1159
276 8081.9368770018654686       0                      1164
277 8082.1230249689206175       0                      1168
278 8082.1580826960989725       0                      1172
279 8081.9905478403943562       0                      1176
280 8082.0738753615205496       0                      1180
281 8303.1493556543628074     368.02747815128651609    1185
282 8140.2051802318665068       4.9114309621700869002  1189
283 8082.0120137346666525       0                      1193
284 8082.2511792324548878       0                      1197
285 8081.9799238390505707       0                      1202
286 8082.599961296944457        0                      1206
287 8082.9725099034885716       0                      1210
288 8083.4952768112316335       0                      1214
289 8091.735372585465484      381.89503117464687421    1218
290 8099.4008876602692908     278.42357506056578131    1223
291 8088.8369591690307061     445.00373539263472367    1227
292 8099.6698120485052641     116.21321636828412238    1231
293 8093.5308697719983684     296.96216110975149149    1236
294 8081.9842304234816766       0                      1240
295 8081.9167177763920336       0                      1244
296 8081.941114399338403        0                      1248
297 8082.0501740486479321       0                      1253
298 8090.1408057081280276       0                      1257
299 8090.494233212250947        0                      1261
300 8091.2012964075311174     285.13295796360353052    1265
301 8083.9283488133851279       0                      1270
302 8081.9193024226451598       0                      1274
303 8082.2340100204010014       0                      1278
304 8082.3043365949633881       0                      1282
305 8082.9412233761095194       0                      1287
306 8081.948791587071355        0                      1291
307 8082.006188773242684        0                      1295
308 8083.3214729403043748       0                      1299
309 8083.014390628082765      323.87691899411322538    1303
310 8097.999652653152225       88.43336379581361939    1308
311 8090.1582090251504269     347.76269218521002813    1312
312 8088.5710350710223793     105.40501151113326728    1316
313 8081.933127937521931        0                      1321
314 8081.9772416367268306       0                      1325
315 8091.057415414672505        0                      1329
316 8099.1178627105809937     1343.2929652008031098     1333
317 8082.3802399754476937     325.14447796021892145    1337
318 8081.9731296835507237       0                      1341
319 8081.9177064189634621       0                      1346
320 8081.9438584510317014       0                      1350
321 8081.9859699256876411       0                      1354
322 8081.9973034889299015       0                      1358
323 8082.0428214350486087       0                      1362
324 8082.7573242737253167       0                      1366
325 8083.9696504665334942     543.35625816627589302    1371
326 8088.734542628068084        0                      1375
327 8089.0937496431943146     134.45368994536298146    1379
328 8092.5482262243431251       0.14267293782272510994 1383
329 8082.496141109761993      358.88126306321868242    1387
330 8082.0706398777565482       0                      1392
331 8088.3488405405551021       0                      1396
332 8086.7473122226374471     642.96084619296232177    1401
333 8082.3552041988732526     324.86290235396967319    1405
334 8081.9711825926560778       0                      1409
335 8081.9278156039745227       0                      1413
336 8081.9307655444699776       0                      1417
337 8081.9387206023156978       0                      1422
338 8085.2173873912506679       0                      1426
339 8090.7422670045934865       0                      1430
340 8093.7083690068402575       0                      1434
341 8081.9645592679507899       0                      1439
342 8082.158163488666105      334.49763755722869973    1443
343 8082.7550401520165906       0                      1447
344 8082.8182920701528928       0                      1451
345 8088.3449414855358555     108.98464861408145055    1455
346 8091.5960586475821401       0                      1460
347 8085.8077400193078574     665.88362933600444649    1464
348 8083.0678595195686285     326.39981194996971681    1468
349 8094.3051863012606191     865.36655743795199669    1473
350 8082.3560643726141279     324.6063848476755993     1477
351 8081.922580372093762        0                      1481
352 8081.9474304912728257       0                      1485
353 8081.9822569468869915       0                      1489
354 8082.9502835461462382       0                      1494
355 8081.9172030414929395       0                      1498
356 8081.9174166122047609       0                      1502
357 8082.1580908333908155     333.65910565694917977    1506
358 8093.0019723205114133     371.39439530251348742    1510
359 8095.9769609264949395     104.70073495072792014    1515
360 8082.0673285081948052       0                      1519
361 8081.9847604919104924       0                      1524
362 8092.3451678110332068       0                      1528
363 8093.2845216840296416       0                      1532
364 8082.1959026404347242     330.31342936519826026    1537
365 8081.9243846060862779       0                      1541
366 8081.9188363476514496       0                      1546
367 8081.918787448196781        0                      1550
368 8083.6552526665009282       0                      1554
369 8082.7587580524204895       0                      1558
370 8082.7561559052601297       0                      1562
371 8082.9217348223573936       0                      1566
372 8083.9997929008204665       0                      1571
373 8088.3227803968929948     110.80761250078899138    1575
374 8092.4833469228460672     397.67384896739366695    1579
375 8095.114291563032566       98.59560733318586756    1584
376 8081.9844697470152823       0                      1588
377 8084.0027569790727284       0                      1592
378 8081.9245026336893716       0                      1597
379 8090.4402402921059547       0.02174849268312160216 1601
380 8089.911266874388275        0.02116433750645176776 1605
381 8088.6208874703397669       0.0194677497243580036  1609
382 8087.4189352762768976       0.01486736042325261485 1613
383 8107.8445498235969353       0.00511444844602095168 1618
384 8081.9400840301414064       0                      1622
385 8082.0225828293514496       0                      1626
386 8082.1584934507964135       0                      1630
387 8082.9783049192665203       0                      1635
388 8082.9570648820445058       0                      1639
389 8083.2063463529966612       0                      1643
390 8109.1624659940180209       0                      1647
391 8109.5518699210488194      10.839278804989126215   1651
392 8082.6490327308074484     336.72038958923917562    1656
393 8083.394537997354746      304.89289340569041542    1660
394 8094.3509784302741537     284.68168576667460457    1664
395 8375.4596364038061438       2.0213535045461701323  1668
396 8081.936712499746136        0                      1673
397 8081.9172324014280093       0                      1677
398 8082.0228550762121813       0                      1681
399 8082.2193921100188163       0                      1685
400 8083.1482973103738914       0                      1690
401 8086.020110406868298        0.31326446177547917493 1694
402 8082.1598772320794524     335.33705194469672506    1698
403 8082.7540234446432805       0                      1703
404 8088.3450176014857789     112.09202758253103127    1707
405 8111.4779444114419675     137.01367473690618226    1711
406 8112.557337126983839      373.70013284894162098    1715
407 8085.4235131381929023     622.38315833791557452    1719
408 8082.0338729061677441       0                      1724
409 8082.0333464356835975       0                      1728
410 8082.1937183197205741     330.8660325644718796     1732
411 8081.9409468361473046       0                      1736
412 8081.9670399719188936       0                      1740
413 8082.0872055490872299       0                      1745
414 8082.2086731608305854       0                      1749
415 8081.9870893957768203       0                      1753
416 8082.1627156124550311     331.12748216072372998    1757
417 8082.7605928141192635       0                      1762
418 8082.925349273388747        0                      1766
419 8104.8031302314620916     431.4886780291341779     1770
420 8119.7897776917752708     109.86386705536949648    1774
421 8082.0253815893411229       0                      1778
422 8082.0070560462872891       0                      1783
423 8081.9223583818557017       0                      1787
424 8082.8097925831461907       0                      1791
425 8082.7973038565078241       0                      1795
426 8082.019281227268948        0                      1800
427 8081.9246262224705788       0                      1804
428 8082.9199087543902351       0                      1808
429 8081.9475725369638894       0                      1812
430 8081.9481567020866351       0                      1816
431 8106.2898932694606629       0.01422639971317585239 1821
432 8110.268950042137476        0                      1825
433 8081.9208200243074316       0                      1829
434 8081.9269196227887733       0                      1834
435 8081.9445026055864219       0                      1838
436 8083.9855490644613383     548.83482881119891772    1842
437 8093.1252921771738329     334.70289273916438333    1846
438 8082.1564101694466444     333.94258985249945226    1850
439 8107.3229484888897787     378.34290138497789258    1854
440 8115.2058570448571118     102.32335377810396437    1859
441 8081.9163619098035269       0                      1863
442 8081.9322695784012467       0                      1867
443 8081.9151187665493126       0                      1871
444 8081.9212586271805776       0                      1876
445 8081.9186758322175592       0                      1880
446 8081.9155516068603902       0                      1885
447 8082.380634604343868      324.34921319751282454    1889
448 8081.9827740180317051       0                      1893
449 8081.9318194973793652       0                      1897
450 8081.9945348779774577       0                      1901
451 8082.7542157239631706       0                      1906
452 8082.9505765182893811       0                      1910
453 8107.0370369527172443       0                      1914
454 8109.5207611371033636       0                      1918
455 8081.9191705067687508       0                      1922
456 8081.9285153120172254       0                      1927
457 8082.7981153078762873       0                      1931
458 8082.1628485197270493     333.92999809756719287    1935
459 8092.1138544249834013     260.57039033547289364    1939
460 8082.7981385499060707       0                      1944
461 8105.1675926195794091       0                      1948
462 8105.1675926195694046       0                      1952
463 8082.1690044053339079     331.09392433111429455    1956
464 8081.9207166047208375       0                      1960
465 8081.9155207554531444       0                      1964
466 8081.9203794707837005       0                      1969
467 8081.9206835495597261       0                      1973
468 8082.7534164636772402       0                      1977
469 8082.9225881520123949       0                      1981
470 8108.6687370320132686       0                      1986
471 8081.9429209166828514       0                      1990
472 8083.9833579594787807     325.71424429249418608    1994
473 8083.9971784219869733       0                      1998
474 8107.8757523251697421       0.00000810094696479386 2002
475 8087.1117845756061797     140.76647855225121475    2006
476 8108.073121731475112        0                      2010
477 8105.8513827212582328       0                      2014
478 8105.8513827212818796       0                      2019
479 8082.179194002082113      329.97698272581010315    2023
480 8081.9220174798101652       0                      2027
481 8081.915516104035305        0                      2031
482 8081.9171294087445858       0                      2035
483 8081.919250560978071        0                      2039
484 8107.8803690773265771       0                      2043
485 8082.0119760957632025       0                      2047
486 8082.9199913934398865       0                      2052
487 8084.8484637736937657       0                      2056
488 8092.1455120259834075     263.03687633818594804    2060
489 8084.796531431987205      582.13232425173259799    2064
490 8110.0747740074666581      12.255472332162680615   2068
491 8084.0031309121350205     546.51869818113937072    2072
492 8107.0089846748060154       0                      2077
493 8107.0089846748214768       0                      2081
494 8082.7552682246505356       0                      2085
495 8081.9162248666279993       0                      2089
496 8082.1790575594168331     330.52869213198465559    2093
497 8081.9480346852324146       0                      2100
498 8107.5464411282910078       0.00068337238016789046 2104
499 8108.2111330147990884       0                      2108
500 8082.1974816354895665     333.43943852942089734    2112
501 8083.6292198761166219       0                      2116
502 8083.9899556892496548       0                      2120
503 8088.3225361445511226     111.64644903179197399    2124
504 8083.0007325325213969     322.15116088678820461    2128
505 8081.9154192493651863       0                      2133
506 8107.7043577699059824       0                      2137
507 8082.7535575608608269       0                      2141
508 8081.9887097762302801       0                      2145
509 8083.9884955984316548       0                      2149
510 8082.1662878288416323     333.64622800430112193    2153
511 8083.9783152727914057     550.3822947269644601     2157
512 8088.3422985149645683     111.76627899307351299    2161
513 8092.1337129187822939     262.52300470637214858    2165
514 8107.7521915235702181     375.15640422933262244    2169
515 8114.7421808155122562     101.27769394295400218    2173
516 8088.221859872260211       78.412330751707600029   2178
517 8081.9845543998408175       0                      2182
518 8081.9303293035773095       0                      2186
519 8107.217431369287624        0                      2191
520 8081.9888256743861348       0                      2195
521 8084.0165625339195685       0                      2199
522 8082.1636453991786766     333.09223647733989537    2203
523 8085.1908267250810241       0                      2207
524 8088.3138388602483246     111.14183705929168866    2213
525 8089.0862916538844729     132.2995659375071682     2218
526 8082.1625053116522395     332.53839088270393631    2222
527 8115.8405773186868828     145.45026854604739697    2226
528 8107.5069499357969107     376.88529703618991107    2231
529 8087.9345262640008514     911.01987508118122605    2235
530 8081.9201433881307821       0                      2239
531 8112.3638171904622141      15.475017383758219225   2243
532 8121.1059150689816306     454.71524621538702604    2247
533 8081.9904444413541569       0                      2251
534 8083.9843793784175432       0                      2255
535 8083.9929198818872464       0                      2259
536 8108.9109062021425416       0                      2263
537 8108.0228395117283071       0.00065232542462105992 2268
538 8084.2093303282927081       0                      2272
539 8107.0746517920424594       0                      2276
540 8107.0746517920433689       0                      2280
541 8082.7558430909612071       0                      2284
542 8088.31756993027102       110.14882465697995428    2288
543 8089.1544967543732128     117.61108264801966072    2292
544 8082.1648761327587636     331.39796647914954519    2296
545 8115.8630091264321891     121.48212997625329024    2300
546 8107.5003690597022796     376.57047707849733342    2304
547 8081.9191705067632938       0                      2309
548 8081.9289712638446872       0                      2313
549 8109.349122259331125      365.49715225072088742    2317
550 8109.349122259325668      365.49715225072441172    2321
551 8082.7989988746348899       0                      2325
552 8082.9484890410913067       0                      2329
553 8108.6597916721748334       0                      2333
554 8084.0183672156708781       0                      2337
555 8107.7984175954916282       0                      2341
556 8082.4929449819328511     358.29446369836659869    2346
557 8081.9193024226551643       0                      2350
558 8082.7539312078697549       0                      2354
559 8081.9171255172268502       0                      2358
560 8082.7544190113067089       0                      2362
561 8082.7582631589375524       0                      2366
562 8107.9259873862947643     404.43025932564233926    2370
563 8113.1539843913260484     102.04419503753604204    2375
564 8109.9555572579092768       0                      2379
565 8081.9444901388505968       0                      2383
566 8082.1772748996854716     335.34514820870504082    2387
567 8088.341083783270733      111.4411895012863738     2391
568 8089.1616087832580888     118.97322784932167394    2395
569 8109.0578060645802907       0                      2399
570 8084.0047357503635794       0                      2403
571 8108.6265424492366947       0                      2407
572 8111.3450602336006341      15.976027456005091665   2412
573 8108.9959693689324922       0                      2416
574 8082.1613274428182194     332.23394583497565691    2420
575 8089.1521338390666642     117.09321033765371567    2424
576 8082.9981389120839594     321.30702205297751561    2428
577 8088.3112017078110512     110.63846833698090677    2432
578 8082.1720281186780994     333.95146206974601455    2436
579 8082.4908449041131462     356.5367529293617963     2440
580 8081.9438584510389774       0                      2444
581 8109.2286508167699139       0                      2448
582 8109.228650816764457        0                      2452
583 8092.1491710037907978     261.32373327650623196    2456
584 8084.7796040532612096     581.04621068204301082    2461
585 8115.2278189000126076     102.09623870861642558    2465
586 8107.1462437921336459     374.62105684054472476    2469
587 8081.9206495070820893       0                      2473
588 8083.9778798264223951     548.1610270499733133     2477
589 8093.0785701196009541     330.97517302386273741    2481
590 8119.2189339076840042     369.86711627686764814    2485
591 8109.9030684289518831     701.86104683453618236    2489
592 8088.2197625515682375      78.835488562570262161   2493
593 8082.0119076777637019       0                      2498
594 8107.3999081079873577       0.00001188316462523832 2502
595 8107.0746517920242695       0                      2506
596 8082.757334491147958        0                      2510
597 8082.9234475227231087       0                      2514
598 8115.4160337018847713     102.21940336072708533    2518
599 8107.1773771314001351     377.46785151075448539    2522
600 8081.9210796729976209       0                      2526
601 8106.9335519682772428       0                      2530
602 8081.9448984766613648       0                      2534
603 8082.7582111163319496       0                      2538
604 8082.9191081758044675       0                      2542
605 8083.6263736010196226       0                      2546
606 8108.7467385956579164     392.74987301306151721    2550
607 8114.6048334632359911     101.34754349296190412    2554
608 8082.1648761327533066     331.39796647914954519    2560
609 8081.9162446564741913       0                      2564
610 8107.3226893652035869       0                      2568
611 8107.3226893652126819       0                      2572
612 8088.3138943076673968     111.46633333930084575    2576
613 8083.0039734546962791     322.6960490907916892     2580
614 8082.1901807397480297     332.02701568380086883    2584
615 8088.3413736756720027     111.11675832724492352    2588
616 8088.3152882093845619     110.81799840984875516    2592
617 8115.0903296842443524     102.16632635216177505    2596
618 8107.3575998782216629     375.69710163692542437    2600
619 8081.9167177763774816       0                      2605
620 8107.1885154728206544       0                      2609
621 8081.9907422604719613       0                      2613
622 8083.9933251506845409       0                      2617
623 8081.9233698682774047       0                      2622
624 8106.9335519682717859       0                      2626
625 8081.9193173883704731       0                      2630
626 8107.2701186489239262       0                      2634
627 8083.3536415122462131     346.07680857651814677    2638
628 8087.1929048299507485     148.03685648794009921    2642
629 8083.9756112238474088     547.48827181239278161    2647
630 8092.1322378396325803     261.75434305417019232    2651
631 8111.4237667053466794      14.847606314757456403   2657
632 8082.1697341523367868     330.54151121786725298    2662
633 8107.1885154727915506       0                      2667
634 8106.7243044171609654       0                      2671
635 8081.9472534606557019       0                      2675
636 8082.7807478780487145       0                      2679
637 8082.7807430629463852       0                      2683
638 8084.8476037644204553       0                      2688
639 8109.5287994481632268     713.3706033295660518     2692
640 8120.7734680638195641     452.33252706957551936    2696
641 8081.9932133078846164       0                      2700
642 8107.2645577664161465       0                      2704
643 8081.9438694486516397       0                      2708
644 8115.6587650982983178     145.30364188088688593    2712
645 8082.1612705532761538     331.68064025877936274    2716
646 8106.9969991083416971       0                      2721
647 8107.4680356258995744       0.00016165262108789574 2725
648 8109.7651800121466295       0                      2729
649 8088.3425849033847044     110.44662064582161065    2733
650 8083.467807919574625      325.07425268212324454    2737
651 8088.3266822002269691     111.15436506187459997    2741
652 8082.1889081425933909     331.72289856819850229    2745
653 8087.6601711206958498     3614.8693904219903743     2749
654 8106.7243044171518704       0                      2754
655 8081.9851735521679075       0                      2758
656 8082.7996196349522506       0                      2762
657 8082.8088754658738253       0                      2766
658 8083.9841287306526283       0                      2770
659 8084.8590974210492277       0                      2774
660 8084.8508297330472487       0                      2778
661 8084.0013524558926292       0                      2782
662 8084.2270044004853844       0                      2786
663 8082.807737177805393        0                      2791
664 8082.8014668024416096       0                      2795
665 8084.8664657723720666       0                      2799
666 8107.3999081079773532       0.00001188316462394015 2803
667 8109.0639933222200852       0                      2808
668 8088.2075332784397688      77.734633560087175397   2812
669 8081.9450563938380583       0                      2816
670 8115.076073616440226      101.74795365853910312    2820
671 8108.2805537706753967     393.26206626677685563    2824
672 8082.1660247780446298     330.84516020889492438    2828
673 8082.8039354387019557       0                      2833
674 8081.9164449962099752       0                      2837
675 8081.9191948144507478       0                      2841
676 8093.1033895134823979     331.24784600915683086    2845
677 8107.8294328213023618     375.67398707154393378    2849
678 8092.6285291783888169     5433.913480756208628      2853
679 8081.9155516068603902       0                      2857
680 8082.5240708564069791     358.91411770847747675    2861
681 8082.9494417432724731       0                      2865
682 8087.4903851318176748     134.01772109123604082    2869
683 8087.8762964350435141     156.87263112077530991    2874
684 8083.9645385221365359     324.03911778198647653    2878
685 8107.6541976491143942       0                      2882
686 8107.886118681744847        0.00012196335302565423 2886
687 8081.9822569468851725       0                      2890
688 8107.9138039946174104       0                      2894
689 8083.4318791422310824     325.93745783201933364    2898
690 8089.0521513972335015     132.86420656964125442    2902
691 8112.669233752526452      102.03159910193812721    2906
692 8108.5378651319688288     404.98734090415149467    2910
693 8082.1605025784774625     333.37565450306823323    2914
694 8088.3236718480293348     111.97178318651222639    2919
695 8082.2000489404363179     333.9938096062755335     2923
696 8108.7960734908829181       0                      2927
697 8081.9870893957768203       0                      2932
698 8106.799596201125496        0                      2936
699 8106.799596201130953        0                      2940
700 8081.9429966318448351       0                      2944
701 8082.7553443563374458       0                      2948
702 8107.7398396679773214       0                      2952
703 8085.0519401290557653     614.83139772916024413    2956
704 8093.0254128050928557     293.99218585239458434    2960
705 8110.0888023874822466      12.516706984428767058   2964
706 8092.132183449582044      262.94152824557511394    2968
707 8088.3102320428342864     111.63388668983984076    2973
708 8083.4324980859419156     327.51268258404553535    2977
709 8082.1660826803517921     332.25535806025959573    2981
710 8088.3190959501444013     110.65097358313781228    2985
711 8119.75239994259573       371.79483555108959081    2989
712 8109.7464082598453388     745.13327760170432157    2993
713 8082.4924401733615014     358.00110906883207917    2997
714 8081.9877965038213006       0                      3002
715 8109.5714926506379925     705.34536501060210867    3006
716 8120.6885514867053644     452.69845186395593828    3010
717 8082.7533523686151966       0                      3014
718 8082.7579632074566689       0                      3019
719 8082.8036842120418441       0                      3023
720 8084.0210800832710447       0                      3027
721 8111.4720759464589719      14.906949442656769023   3031
722 8083.0026347404700573     321.32794285109616794    3035
723 8084.1368537411426587     352.05818460722423424    3039
724 8089.0635994487947755     131.79090548512292003    3043
725 8107.6448136088365573     377.44468162706641579    3048
726 8114.9260145523785468     101.40063390077541783    3052
727 8101.3433814769005039     1184.7065780094644651     3056
728 8106.8570843318275365       0                      3060
729 8106.8570843318220795       0                      3064
730 8082.9482133359324507       0                      3068
731 8107.7492013184282769       0                      3072
732 8112.4273804706544979      15.302319653534341981   3076
733 8081.9202332678105449       0                      3081
734 8083.6552082562684518       0                      3085
735 8081.9929714388799766       0                      3089
736 8082.80106074935793         0                      3093
737 8107.40421100713138         0                      3097
738 8085.1941693886001303       0                      3101
739 8110.5558972411081413      12.531942823129407216   3105
740 8107.6641056475400546       0                      3109
741 8082.166148232764499      331.70201113351868116    3113
742 8088.3217551453035412     110.32796767586899023    3118
743 8082.7586357894087996       0                      3122
744 8082.9974857007982791     320.76282720882619515    3126
745 8088.3387562002835693     110.61344823173014618    3130
746 8082.1628865455622872     332.7873980549691737     3135
747 8088.3375204040758035     111.26129380002559799    3139
748 8088.3142661682813923     112.28520664110769189    3143
749 8081.9506722852647727       0                      3147
750 8089.1900557430826666     118.10412466894612749    3151
751 8082.1698047463150942     333.3970770596634452     3155
752 8082.1677156827408908     331.14881172054555236    3159
753 8082.8022053214581319       0                      3163
754 8082.9223788947847424       0                      3168
755 8083.9926486939375536       0                      3172
756 8114.4548826543887117     101.00094362621619837    3176
757 8108.8906545221152555     394.52505827199320265    3180
758 8082.4954242079738833     358.87015193793848766    3184
759 8084.0049111026946775     548.40873844189343345    3188
760 8086.674432436531788      126.75401608107836182    3192
761 8109.6956725034888223       0                      3196
762 8088.2047890333096802      77.282139862207614556   3200
763 8082.9263065260911389       0                      3205
764 8082.9529979891112816       0                      3209
765 8083.6253259572313254       0                      3213
766 8082.756246217692933        0                      3217
767 8081.9470723914082555       0                      3221
768 8107.7402638858920909       0                      3225
769 8081.9361769377219389       0                      3229
770 8112.8132918532182885     101.57010822076199474    3233
771 8108.2497184615340302     403.50153627625093122    3238
772 8081.9998739611191922       0                      3242
773 8081.9188346712762723       0                      3246
774 8107.2645577664179655       0                      3250
775 8083.9727637076211977     552.41655442873661741    3254
776 8086.6726551048950569     126.22983054034095574    3258
777 8082.5247057129336099     359.20792742471269321    3262
778 8084.013266126596136      546.38248303404930084    3266
779 8086.6483658166189343     126.95975836857290631    3270
780 8092.1502829763921909     262.25330184753335061    3275
781 8110.4183660883290941      12.351364405520980583   3279
782 8081.9175675008182225       0                      3283
783 8107.0746517920533734       0                      3287
784 8110.8904358805821175      12.366501624139070614   3291
785 8082.9193661255876577       0                      3296
786 8082.926184416119213        0                      3300
787 8081.9433451492432141       0                      3304
788 8108.9570049670646767     420.66981703999977071    3308
789 8083.9861339457593203       0                      3312
790 8084.8623771691200091       0                      3316
791 8082.8066464870689742       0                      3320
792 8107.4220556177087929     376.05246026433729867    3324
793 8086.6729825294605689     126.40845594601120183    3329
794 8083.9981952815278419     550.43926654771087215    3333
795 8092.123565482851518      262.01021808770087773    3337
796 8083.9855062337128402     548.35230898868326221    3342
797 8107.3276288532842955       0                      3346
798 8111.9399130155761668      14.991689326448742747   3350
799 8109.7173704265596825     367.42516356088253815    3355
800 8113.0780929305892641     102.31691943340092621    3359
801 8108.5859801557708124       0                      3364
802 8110.1476458817423918      12.553567008820630591   3368
803 8086.6540065165945634     126.62777170536459437    3372
804 8082.5263647447600306     358.6534071710752869     3376
805 8107.3226893652117724       0                      3380
806 8108.3570937118065558       0.00000504351884067787 3384
807 8109.8341014343568531       0.00000020044953850993 3389
808 8107.327628853274291        0                      3393
809 8107.9443179189047441       0.00014675772265973646 3397
810 8082.0240816926998377       0                      3401
811 8082.8030234908374041       0                      3405
812 8085.9325652505522157       0.12489657936654238735 3409
813 8083.5036451253336054       0                      3413
814 8084.8868269114327632       0                      3417
815 8085.217795833670607        0                      3421
816 8108.8631573223447049     376.29788501987519567    3425
817 8118.3560959171772993     125.53549316990071816    3429
818 8114.5619894665233005       0                      3434
819 8081.9162586047232253       0                      3438
820 8107.1947123895288314       0                      3442
821 8107.194712389520646        0                      3446
822 8110.0431493615333238     402.50419835443494776    3450
823 8114.9355365709807302     101.15981290395873771    3454
824 8083.9839121741306371     545.46361783741599538    3458
825 8107.3276288532752005       0                      3462
826 8118.146206671458458      150.24451744765332251    3466
827 8109.2778945481059054     375.60477227644418008    3471
828 8082.1660247780400823     330.84516020889827814    3475
829 8109.6729740090449923       0                      3479
830 8112.1707696321318508     775.49753713739426075    3483
831 8088.3179417354185716     110.9746363848359465     3487
832 8089.0928826413028219     131.76356883925026864    3491
833 8082.1675192900283946     332.80885166625824922    3495
834 8083.0021041273421361     320.78370714416809051    3499
835 8109.698059652889242        0                      3504
836 8082.1700646811887054     330.56287170565661881    3508
837 8081.9815468447695821       0                      3513
838 8110.3311262121715117     403.98850834362269779    3517
839 8081.9444769443598489       0                      3521
840 8082.1916465295253147     333.13453252566716856    3525
841 8089.0558893723364235     132.68123329172988178    3529
842 8089.0813521825511998     132.83675994487390426    3533
843 8111.3739965937293164       0                      3537
844 8109.3478826574164486       0.00008550538449601364 3541
845 8088.3191996286213907     111.81420999813424544    3545
846 8109.347882657437367        0.00008550538450297407 3553
847 8109.3478826574310006       0.00008550538450296997 3557
848 8081.9164202459787703       0                      3562
849 8083.4288046214878705     325.79584571686069694    3566
850 8089.1511887691603988     117.78335180952178973    3570
851 8109.6864776731363236       0                      3574
852 8111.1703059024839604       0                      3578
853 8082.4988484455470825     357.95804295347687685    3582
854 8082.9239229939739744       0                      3586
855 8117.2733352011309762     124.32771064390411198    3590
856 8116.350229909364316      104.42374802110509791    3594
857 8082.5052399604210223     360.31638686560160068    3598
858 8085.0577809976339267     612.68298599839431517    3602
859 8087.8780378513883988     157.4576377401787397     3606
860 8093.0132274288444023     294.27966654947397274    3611
861 8109.1996441860928826       0                      3615
862 8112.6907694824612918      14.137796865305189087   3619
863 8109.6729740090595442       0                      3623
864 8109.8161521320298561       0                      3627
865 8092.1371463848099665     261.59384236080580877    3632
866 8083.9762586167571499     545.27280897915295554    3636
867 8109.2647969011441091       0                      3640
868 8112.5353448160221888      13.669675504539801736   3644
869 8110.268950042128381        0                      3648
870 8109.207198344286553        0                      3652
871 8082.7986017235534746       0                      3656
872 8113.4842366942993976      16.248635562811081456   3660
873 8081.9233698682837712       0                      3664
874 8109.3502503353865905       0                      3669
875 8109.3502503353929569       0                      3673
876 8082.8032492598604222       0                      3678
877 8083.9929471824361826       0                      3682
878 8110.6796075106849457     403.06034272109218364    3686
879 8114.4331569859969022     101.14731534818234593    3690
880 8109.0662352101253418       0                      3694
881 8109.207198344299286        0                      3698
882 8108.9925016381148453       0                      3702
883 8084.8525272052638684       0                      3706
884 8114.276350044132414       16.252685298631213584   3710
885 8082.4916154877719237     356.82939428678679405    3714
886 8109.1237884298907375       0                      3719
887 8109.123788429889828        0                      3723
888 8081.9175917182537887       0                      3727
889 8083.980252568438118      552.60855529719447077    3731
890 8092.1313908938655004     262.68449144364672065    3735
891 8115.1480120746546163     102.09447460742916292    3739
892 8111.6442113912216882     367.33804567819595377    3743
893 8108.9925016380893794       0                      3748
894 8109.1375013493025108       0                      3752
895 8083.4587448068286903     324.41778144953150331    3756
896 8089.0810563634877326     133.19181334524404292    3760
897 8109.4228591463142948     376.47808015228827117    3764
898 8116.9345717466976566     105.12209864932030712    3768
899 8088.3107492334629569     112.45328827647431069    3772
900 8108.849182530762846        0                      3776
901 8082.1723429173352997     334.79012136250503318    3781
902 8088.306483932721676      111.12929748926396201    3785
903 8088.3495145886545288     112.44063120482327633    3789
904 8082.1858338612573789     332.55931728691803073    3793
905 8082.1999732277754447     332.60210569276284787    3798
906 8110.7556653871688468       0                      3802
907 8092.2083531708540249     266.28973706705630775    3806
908 8108.9915553818818807       0                      3810
909 8086.6461067866357553     126.43516629327585576    3814
910 8092.1412482571267901     263.29295427996277112    3818
911 8083.9870840959092675     553.2839825856524385     3822
912 8110.1892536620762257       0                      3826
913 8110.5325474947885596       0                      3830
914 8108.8491825307764884       0                      3835
915 8109.1375013493079678       0                      3839
916 8109.7563018634473337       0                      3843
917 8082.78521707735581         0                      3847
918 8109.2003649086536825       0                      3851
919 8109.8399927667787779       0                      3855
920 8083.4791753612907996       0                      3860
921 8084.854596975844288        0                      3864
922 8112.980814089984051       15.932962611226590965   3868
923 8089.1503382155578947     118.11736519939685763    3872
924 8089.7727112391239643     138.838167611962092      3877
925 8117.5045938290613776     124.56880903052143594    3881
926 8109.77170293207746       375.58174363772627657    3885
927 8081.9187874482086045       0                      3889
928 8087.4610045257677484     132.98061466473495784    3893
929 8092.137540482980512      262.36211275582695635    3897
930 8083.3630314147440004     348.08602058961275816    3901
931 8084.7888370921418755     581.93574311632823992    3905
932 8086.647902027388227      126.78079346880450373    3909
933 8092.9979235510791113     293.90647648694385907    3913
934 8109.8461319860016374       0.00007480635206586641 3917
935 8111.6563796374575759       0                      3922
936 8108.6389296004463176       0                      3926
937 8087.8762265878731341     156.48784124632499015    3930
938 8117.4470118625667965     105.95701290996429123    3935
939 8110.3864338325583958     418.76670448000737679    3939
940 8082.4908449041267886     356.5367529293617963     3943
941 8081.921348577315257        0                      3947
942 8108.7146798253552333       0                      3951
943 8082.9260677926413337       0                      3955
944 8083.6266848511868375       0                      3959
945 8083.4831359202489693       0                      3963
946 8083.9901063933066325       0                      3967
947 8084.8622309441207108       0                      3971
948 8110.6188294827961727       0                      3975
949 8088.209083087592262       76.863007077263901579   3979
950 8081.9227725220225693       0                      3984
951 8109.3362682117904114       0.00000109522052387341 3988
952 8082.7577255126752789       0                      3992
953 8082.9231323848880493       0                      3996
954 8083.6386852913356051       0                      4000
955 8117.9169231868700081     125.1579391491315647     4004
956 8110.8761247017173446     418.08062130421137681    4008
957 8083.9920276957127498       0                      4012
958 8081.9189695995737566       0                      4016
959 8108.7146798253388624       0                      4020
960 8089.7656468485938603     139.38849748091280389    4024
961 8111.6563796374584854       0                      4028
962 8081.9858504820695089       0                      4032
963 8085.1954579953617213       0                      4036
964 8109.4850186969979404       0.00056366941464255276 4040
965 8081.9191948144716662       0                      4045
966 8108.6389296004253993       0                      4049
967 8081.9973591352600124       0                      4053
968 8081.987796503825848        0                      4057
969 8081.9877869282199754       0                      4061
970 8083.9859596901687837       0                      4065
971 8083.9888614348865303       0                      4069
972 8110.3416659510057798     392.52455328598682627    4073
973 8116.9926945343804618     105.18426144153644941    4077
974 8081.9428681556437368       0                      4081
975 8111.0327530896238386       0                      4085
976 8081.9756685983056741       0                      4090
977 8082.1723362665898094     332.55979830471932246    4094
978 8089.1947944404410009     117.59786312040645839    4098
979 8113.9227588121884764      16.25395997774412038    4102
980 8110.0543060501177024       0                      4107
981 8082.5212477423774544     358.33844485347782438    4111
982 8081.9172324014280093       0                      4115
983 8083.9890967664459822     323.0071081541235003     4119
984 8085.047739847937919      616.98412419832823161    4123
985 8086.653658063201874      126.44894506134644985    4127
986 8087.2225710458169488     149.34038562644366266    4131
987 8093.07346602938469       331.15484876905316014    4135
988 8110.6902115969423903     390.08885120231292376    4139
989 8116.7177384656970389     104.5732188415910997     4143
990 8092.167855872774453      263.53657434058521858    4147
991 8085.7409631423033716     653.65739815538574931    4151
992 8085.754930846631396      645.21069636134302527    4155
993 8112.7966302749355236     354.98063317132357497    4159
994 8114.7875509347813932     101.62029492833156041    4163
995 8092.1479718756063448     263.71257684922920816    4168
996 8108.7722562853923591       0                      4172
997 8117.0713941851681739     105.051037388517571      4176
998 8110.2618707434803582     390.83303253360588769    4180
999 8083.989692803642356        0                      4184
1000 8082.7997082776173556       0                      4188
