1 9530.9227157196837652     255547.80411508487305       4
2 9678.2158773716837459     243810.71211956223124       8
3 9400.8032968679690384     218066.36943050325499       13
4 9377.5996938097014208     138575.29645659119706       17
5 9381.168419850848295      133362.92133015592117       21
6 9496.7959251951251645     136543.82443719211733       25
7 9348.6762614091039723     104642.06586291073472       29
8 9266.6934402750375739     36463.292449988155568      33
9 8901.8187019192628213     42263.183072126579646      38
10 9240.6207591697784665     110.69419333335993372    42
11 12625.445265540034598        0                      46
12 9007.9140635026342352     149584.09751560472068       51
13 9129.8895055226857949     151716.46082257383387       55
14 8784.4984633503918303     4110.5012806837867174     59
15 9008.7532671417266101     4848.0812121145472702     63
16 9944.4661072549733944     769.45841563922408568    68
17 14379.099436586764568      13029.296555023343899      72
18 9266.5897370919446985     7747.8686481493750762     76
19 9560.8590953998063924     5398.777128403315146      81
20 8857.4864546508288186     69236.676804079994326      87
21 10312.479640089200984      14377.347393420530352      91
22 8948.7958206029325083     3966.6894618122732936     96
23 11510.891271392965791      24955.163160832664289      100
24 11072.850489337186445      10855.100171377185688      105
25 11870.218396046850103      908.56815860199219514    109
26 9736.6181456776012055     288.08105132586018726    114
27 8211.4080354791076388     8149.9871652033662031     118
28 8212.2832171606678457     8169.192538274324761      123
29 10388.141814586757391      478.03565450299834083    127
30 9429.0284056057735143     479.17401520235534917    131
31 9743.5254505180037086      26.482447562223192961   136
32 12556.463431232903531       32.388683216641823037   140
33 10915.960784392196729        0.74433587500967712813 145
34 11356.687869359997421      719.57856650994915526    149
35 10475.91448338394548        75.988997036222215797   154
36 9798.8264960888045607     500.41971712082977319    159
37 10920.767984381518545        5.1137267442570637499  164
38 11313.29949819533249         0                      169
39 8832.7599069843163306     16533.387416244331689      173
40 12588.721145441671979        0                      178
41 8710.6587954001333856     14920.114761355238443      183
42 8703.4463967606752703     13691.068951549392295      187
43 8563.7617390398627322     8395.7352868869220401     192
44 8867.02432108739049       9498.0746330970632698     197
45 10330.013986318548632       25.693141593479264628   201
46 9535.8156057726828294     42196.9354838482177        206
47 9371.098204846814042      193.77018970901104922    211
48 9463.6738416366497404     376.77834168555983752    215
49 9571.1503385391151824      38.600260504041280285   220
50 10261.214021449621214        1.2221613031140989847  225
51 9171.3770769379243575     105727.08440059405984       229
52 12428.675266782298422      18447.508237626672781      234
53 9080.4744402352826        7386.7297070499089386     239
54 13949.702661523862844      19995.7690654228536        243
55 15063.583059248552672      17073.85519498143185       248
56 9463.2678413460180309     300.01421506011678275    253
57 8845.9506618147333938     16430.356133425000735      258
58 12646.913262950727585        0                      262
59 8631.2651917258444882     554.13533253949458413    267
60 8481.1206879286146432     932.00390451671592018    272
61 8371.8579294809060229     4036.009698479175313      277
62 8439.0064234912151733     1470.7875873799771398     281
63 10245.1485487989994         61.112407454702861287   286
64 8985.4458555128203443     456.43506008947252894    291
65 12823.085758557443114      813.00398605362204307    296
66 12605.597362454134782      557.78242801273790974    300
67 9673.5250283390578261     1066.3207577933069388     305
68 10754.357300664187278        0.73100734469902017842 310
69 10769.06898579751396         0.77859498127334225703 314
70 8536.3474159577090177     584.7319861074192886     319
71 9405.0630375866276154     242.5974216004888433     324
72 9403.5093583275083802     243.38965637373590312    329
73 9916.1033759191559511      24.108631446372665863   333
74 12548.777609258604571      27260.469279181303136      338
75 10803.042359069560916      30408.892091511410399      343
76 8912.3919022463469446     234.4627116201290562     347
77 10063.702753302259225       14.398397845314239163   352
78 10200.373251381868613      783.68928220951181629    357
79 10749.476664331965367        0.71451071921075537396 362
80 10734.904611359388582        0.66335092972195563998 366
81 8164.4589662257312739     805.74299759510381591    371
82 8175.0432540148040061     2569.7789753991523867     376
83 8209.7088439162562281     4772.5778421775257812     381
84 8266.3758699679474375     3793.9691115744194576     385
85 9843.6386953800083575      33.015341289715024686   390
86 9283.5209995927125419      47.740777319920290722   395
87 10246.270907045143758       12.068591919067435114   399
88 10734.093827672966654       12.040410042628881371   404
89 12556.439111349574887      420.37138540673657872    409
90 10898.629052356858665        0                      413
91 11472.424875071519637       48.738518294556989474   418
92 8142.2879775752480782       0                      423
93 8883.5348543856634933     39100.144044798151299      428
94 8129.5440257461550573     5390.940195928628782      433
95 8115.3165070341192404     3708.607136039526722      437
96 8100.0787841449264306     2306.7467733548892284     442
97 8102.7979010299886795     2939.1850038328093433     447
98 11888.917561008080156        1.878256915960565987   452
99 10554.440466369274873        0                      457
100 8415.9617645055077446       8.5101732965002589992  462
101 9115.7945146921592823      31.011821785277327024   467
102 11045.038328930002535       21.681532312867481949   472
103 8155.9345660621220304     436.76943066880386368    476
104 8171.182298544639707      748.78486740110110986    481
105 8641.9034070213128871     3628.6515319817367526     486
106 8171.2309168201672946     1792.4898873161453139     490
107 8224.8954539165424649     15471.269481224362607      495
108 8811.8268289082188858     21777.065122963467729      500
109 12709.480075103329         271674.10055551258847       504
110 8639.3199077224235225     17481.834232621946285      509
111 8122.8342276934899928     482.98861857174358647    514
112 8150.3388438883894196     431.63402073025412164    519
113 8141.9817796290535625      90.908804148799902123   523
114 8326.5824924869593815     72235.686591247562319      528
115 11260.412774770420583        0                      533
116 8231.0557610629875853      92.83424891567335635    538
117 8446.1421659695261042       0.87475676876877683785 542
118 8129.9024327713786988     1340.8468296795024344     547
119 8128.1487019183696248     5149.722068746838886      552
120 8156.206586074851657      339.60045713729533645    557
121 8846.0527999137393635      74.747262646001729536   561
122 8173.2710128025946688     4857.0213329849793809     566
123 8459.8067669400134037      18.455080687664121797   571
124 8891.8147800145197834     524.13002170190827655    576
125 12762.866979882082887      4167.3307682494687469     581
126 8434.7758772027718805     27274.778776270497474      585
127 10691.818499174551107        0.49918720019207385441 590
128 10540.534558558900244        0.03867880218901428857 595
129 10504.771905421253905        0.39656395601607130619 600
130 8199.0339177614041546     7239.4408523356132719     605
131 8213.9971491857941146     6851.6163938589279496     609
132 9857.670987197658178      1910.7302906203890416     614
133 12952.825930673106996      322.28362230604375327    619
134 8391.5003280839937361      14.451609307393757931   623
135 8188.8151294940080334       0                      628
136 11667.615730837836963        0                      633
137 8112.0021164060881347       0                      637
138 8117.8580475733406274      36.823365534120796383   642
139 8157.8125145771646203     769.32649226247031038    647
140 8951.9499552411998593     696.6522866987161251     652
141 8235.8498692002867756      66.837440372137763234   656
142 10553.267741274596119        7.8650882350040633995  661
143 8175.2890745401991808       0                      666
144 8188.104505953358057        0                      671
145 8112.7963418718463799       0                      675
146 8290.9073391662223003     381.38622808352823768    680
147 8107.1900728942982823       0                      685
148 8100.4829009322502316       0                      690
149 8198.4234519102337799     1525.245459180379612      694
150 8094.0976570453531167     454.6145439620330535     699
151 8118.5048740193278718     2695.4837011055228686     704
152 8531.8327889703978144     7352.8590704023463331     708
153 8892.2319901442242553     11303.696057434472095      713
154 8467.7552084636899963      22.70878110445002207    718
155 9215.6525431197951548       0                      723
156 8175.2658689899380988      25.0728012198248571     727
157 8099.2750038126396248       0                      732
158 8097.389974072773839        0                      737
159 8086.9352247830211127       0                      742
160 8392.2622018229212699       0                      747
161 8873.3680129162457888      41.718060783982501505   752
162 8093.9119390941177699       0                      756
163 8598.4297202573125105       0                      761
164 8296.6543563072191318      15.523062400546766781   766
165 8729.268631316608662        0.54247458556480265823 770
166 8167.8429371550519136       2.7496112189418400185  775
167 8439.2654004606847593      64.8112930614978211     780
168 8904.7569082886438991      15.955723019290630305   785
169 8179.6423322329792427      11.697733119192442075   789
170 8102.6030619699358795      25.657058566301703451   794
171 8093.270002048432616       16.388243954492189403   799
172 8159.2513520951270038     920.35550313430724145    804
173 8097.5670552277179013     5666.0289379121804814     808
174 8146.8946719267505614     3068.7508562267826164     813
175 9840.9025325588318083     2297.0664187759439301     818
176 10691.319670476541432       67.076657772462681351   823
177 8175.9089378858798227     5572.7543481356588018     827
178 8448.1540964722207718     13205.362689994506582      832
179 8090.8835166908684187       0                      837
180 8089.7697290310879907       0                      842
181 8647.8659880744035036     622.43421958818885287    847
182 8615.9036200788286806       7.1984405178194341701  851
183 8190.9694740457689477      15.029470059845417396   856
184 8107.472845822592717        0                      861
185 8086.9011102522099463       0                      866
186 8099.8741283714198289     418.43534344863428487    870
187 8089.0407861612948182       0                      875
188 8089.5694747429997733       0                      880
189 8431.3708438028552337     4929.7575862918738494     885
190 8794.2798988291542628       0.92946253525881106228 890
191 8091.3900211458794729       0                      894
192 8235.6751080591675418       0                      899
193 8168.1636771746898376     136.91404335219951349    904
194 8262.9315612611499091       8.7122131684941717111  908
195 8100.5258009940162083       0                      913
196 8087.0840479419366602     340.96704014637356295    918
197 8092.817664449285985       64.165122456309887866   923
198 8093.5066297058938289       0                      927
199 10453.615857883820354      18314.64294532025815       932
200 10545.76005800335588       322.9262323482677175     937
201 8232.791174361591402        0                      942
202 8110.2112305351784016     181.23219418293194849    947
203 8107.7823110639828883       0                      951
204 11291.416014170237759      551.05716381378283586    956
205 8201.267257631810935       19.723997758722333629   961
206 10358.846210300351231      1949.6092562558553709     966
207 8098.2440824833884108       0                      970
208 8086.8270656166187109       0                      975
209 8086.7515107169119801       0                      980
210 8109.8651820422828678     114.56026156737584643    985
211 9462.8834075007634965     189.1077388831139956     989
212 8089.722345281037633      248.51065274349377887    994
213 8793.6940410376810178       2.7515700005031025199  999
214 8213.243339500419097       24.405088358424613659   1003
215 8096.3872192621893191     175.05806673955930819    1008
216 8094.19228985506561         0                      1013
217 8092.7736573597330789       0                      1017
218 8106.5642974040192712       0                      1022
219 8131.0889624413375714       0                      1027
220 8094.6075805512027728       0                      1031
221 8111.8580428359555299     690.1524420271919098     1036
222 8107.1115167134785224      63.455150028940352058   1041
223 10541.262073743238943        0.0001778964655498252  1046
224 10694.226608756231144       44.663981561618335547   1050
225 10554.878525136371536      1586.3942844052919554     1055
226 8090.7668630178559397       0                      1060
227 11912.278690583232674      17168.59513514815626       1065
228 8087.8360074279980836       0                      1070
229 8105.8228383509404011       1.1703599369723964863  1075
230 8113.7759930825768606       0                      1079
231 10852.087045929978558        0                      1084
232 8149.4753495631548503       0                      1089
233 8088.4918276896405587       0                      1093
234 8126.7380788834680061       9.1983683794138055845  1098
235 8127.2944891994384307     1211.2872581039282522     1103
236 8145.5290503369405997     191.9623783751520989     1108
237 10510.860916043920952       91.937679121428800499   1112
238 8092.1977707070618635       0                      1117
239 8087.8395481331726842       0                      1122
240 8104.0684443239570101       0                      1127
241 8086.7700159298829021       0                      1131
242 10192.750052073217375      731.24877876908703911    1136
243 10194.251392846439558      732.67961357527099153    1141
244 8778.0975607372220111       2.2930827949555472323  1146
245 8194.2043224199333054      16.55565702352567925    1150
246 8092.8301583723132353       0                      1155
247 8088.2639594997044696       0                      1160
248 8089.1530970234625784       0                      1165
249 8102.3999836269076695       0                      1169
250 10473.01302961606234        90.275984573652991116   1174
251 8085.7340469931714324       0                      1179
252 8083.9296505756428814       0                      1184
253 8120.1382047346942272       0                      1188
254 8084.0587661981498968       0                      1193
255 8099.1683898210676489       0                      1198
256 9776.8092738868417655      50.949092697834856835   1203
257 8753.7266004483353754      15.647054286636977949   1208
258 8201.0920584087034513      16.642708910001704936   1212
259 8096.0001074990141205       0                      1217
260 8154.4438737321388544       0                      1222
261 10540.363031166616565        0.39618126824812938125 1226
262 8086.0370387588400263       0                      1231
263 8098.8064794067377079       0.19240781891484706745 1236
264 8097.7112740043576196       0                      1241
265 8087.812298831669068        0                      1245
266 8084.0542572118729368     305.9781208210866339     1250
267 8084.9106739299268156       0                      1255
268 10542.606631087221103        0                      1259
269 8101.1033851120637337     166.62960157856491605    1264
270 8133.2480741849176411       0                      1269
271 8088.7081813017066452     139.4021132065182087     1274
272 8088.7099429546269675     138.30135300150411126    1279
273 10322.807945827173171        0                      1283
274 10327.968927774139956        0                      1288
275 8708.0320233354323136      20.872810880858345683   1293
276 8201.5164091974238545      18.915670474824796798   1298
277 8082.7675442138106519       0                      1302
278 8096.1183634352883018      68.56071243826340833    1307
279 8082.7990386690926243       0                      1312
280 8082.8752000630629482       0                      1317
281 9745.0571561448923603      60.567869755370004725   1322
282 9832.1656347147581982      35.073083896484760658   1326
283 8765.006663775373454        6.6342866268833775578  1331
284 8215.2517329045895167      21.369829949410412695   1336
285 8082.5870623817809246       0                      1340
286 8095.2726683470709759     370.27559906477489449    1345
287 8084.9265009013179224       0                      1350
288 8082.7332492640734927       0                      1355
289 9769.9422888335775497      59.041379832404430772   1359
290 8763.5051065080060653       6.8282411094230592852  1364
291 8214.7254560769797536      21.135026223965468262   1369
292 8093.4276690053620769       0                      1373
293 8121.1388707161759157       0                      1378
294 8087.4583056157671308       0                      1383
295 8085.4925288310696487       0                      1388
296 8085.6703246735351058       0                      1392
297 8090.3668684185677193      84.779715418166162522   1397
298 8084.7008022360296309     328.38482365928848594    1402
299 8091.3066257322643651      67.702558045640472528   1407
300 9973.248448500464292      3675.0364393823197133     1411
301 11072.211434791030115        0.01937361489211995511 1416
302 8103.9185608093930568     956.22203169246574816    1421
303 10382.450005096869063      1170.3918246137379811     1426
304 10390.740594264061656      1170.4426695086810923     1430
305 8089.4849101215786504     531.84551050766526714    1435
306 8089.1599464734317735     577.96752225964803529    1440
307 8737.1580021773734188       8.4400132994589718294  1445
308 8199.4916909437688446      17.809312583142137498   1449
309 8084.1535754583883318       0                      1454
310 8082.3271240978183414       0                      1459
311 8086.074362485023812        0                      1463
312 8082.5865126049529863       0                      1468
313 10187.625683307307554      352.09473421324111087    1473
314 10187.368309606972616      351.0762796490173514     1478
315 8084.9895957800672477     302.05448253379324797    1482
316 8753.48558346615755         7.2752077365291807354  1487
317 8219.3735850597331591      21.125228627867191022   1492
318 8083.3742060952890824       0                      1496
319 8082.9327999943952818       0                      1501
320 8083.0644164397490385       0                      1506
321 8106.3687314957260241       0.00080488510919685184 1510
322 8082.8765340041491072       0                      1515
323 8089.8190901303232749     119.47593992031154642    1520
324 8133.9933881085689791     751.15410279200739296    1524
325 8136.0367306508642287     258.91073318611313425    1529
326 9978.3984805175205111      17.654624226371215201   1534
327 11101.091316719093811        0                      1538
328 8139.8285600470662757     1468.2474353133079603     1543
329 8087.5593623637105338       0.02321302773268069455 1548
330 8090.6905338018386828     1129.0570458740182858     1553
331 8089.7261592314016525     921.78690808360215669    1558
332 10514.469515978509662       86.353753165901650846   1563
333 11100.718049540488209        0                      1567
334 8118.668677051474333      224.1801942087950863     1572
335 8086.9105250365873871       0                      1577
336 8082.1314209813672278       0                      1581
337 8082.4151583403527184       0                      1586
338 10562.146335832389013      363.0071448050290428     1591
339 10680.657408806180683      472.40838356372495355    1596
340 8081.9285153120135874       0                      1600
341 8088.8575899895640759       0                      1605
342 11666.854313867568635      269.51081386127225414    1610
343 8108.9423802025512487       0                      1614
344 10080.418022051810112      801.12581238098493941    1619
345 8758.3238404090516269       0                      1624
346 8392.0192256183745485      95.016672617111865407   1629
347 8081.9516553413777729       0                      1633
348 8089.4421475488152282       0                      1638
349 10539.163398979393605        0.49616574895378329213 1643
350 10554.977645287099222       55.273239246157721993   1647
351 8088.1416526320635967       0                      1652
352 8111.8862546398931954       0                      1657
353 8081.9850661150348969       0                      1661
354 8082.9387366496621325       0                      1666
355 8093.9048422720134113      85.15820153903895573    1671
356 8087.6090456525098489     428.20237475774035829    1675
357 8088.9433285795294069     281.46252568747155465    1680
358 8083.8009967592970497       0                      1685
359 8082.7576786691151938       0                      1690
360 8082.7633297790498546       0                      1694
361 10381.243800253365407       16.998522609990004639   1699
362 10424.079877673200826       14.236686231067531949   1704
363 8746.6819459825801459     175.32042338377161173    1708
364 8248.2929191233633901      29.894268078693372104   1713
365 8083.349722540438961        0                      1717
366 8082.7752109561470206       0                      1722
367 8082.2630655475950334       0                      1727
368 8090.8519715943220945       0                      1732
369 8092.8053427142667715       0                      1736
370 8082.3051011640645811       0                      1741
371 8082.3215213291032342       0                      1746
372 8082.2087896954008102     336.08349951482296092    1750
373 10523.501403393480359       83.371754684349170361   1755
374 10532.81675626625838         0                      1760
375 8083.2340260934706748       0                      1764
376 8082.44269418204658         0                      1769
377 8082.100530117217204        0                      1774
378 10383.089395277023868        3.3310074567395542289  1779
379 8088.7792355420233434     383.34099916207850356    1783
380 8083.4318340832187459       0                      1788
381 8082.7641911806276767       0                      1793
382 8082.1382726161073151       0                      1797
383 10483.317866429772039        0.5272040587997575134  1802
384 8083.1727765036584969       0                      1807
385 8082.006353591653351        0                      1811
386 8082.1016480046155266       0                      1816
387 8082.0016660274159221       0                      1821
388 8082.1976024413042978     337.4960218324907828     1826
389 8083.0935184253648913       0                      1830
390 10599.771161852211662        0                      1835
391 8095.3069061282640178     249.71603106382730175    1840
392 10506.864850902264152       77.427924452331666316   1845
393 10507.149945242803369       77.641094236278007656   1849
394 8084.2384990779946747     337.46371441298737182    1854
395 8087.3999165300665481     351.38790466397250611    1859
396 8082.6603920741026741       0                      1863
397 8082.9546925049780839       0                      1868
398 8081.9513336660102141       0                      1873
399 10547.667781004287463        0.00039367337807773062 1877
400 8082.2678801066931555       0                      1882
401 8081.9344281517651325       0                      1887
402 8082.0569036597753438       0                      1891
403 8084.0062407722562057       0                      1896
404 8088.489264990468655      113.21620501795271707    1901
405 8083.2273973168712473     331.69614482149819423    1906
406 10531.159369126302408        0.00528386513318025546 1911
407 8086.6839904527396357     122.22952231806111456    1915
408 10488.895271941773899        1.0040536178439223303  1920
409 8082.5256605738422877       0                      1925
410 8082.6003009627293068       0                      1930
411 10589.964929132092948        0.0078813174124439684  1934
412 8082.4889825324517005     340.04923552854728541    1939
413 8081.9430109683598857       0                      1944
414 8081.9199013977540744       0                      1949
415 8082.1193641408945041       0                      1953
416 10475.051186041793699        3.2759736620411947783  1958
417 10489.391255667243968        2.5435610783049562578  1963
418 8082.0699489803846518       0                      1968
419 8082.0571754560996851       0                      1973
420 8082.3053730195397293     339.96268917332497494    1977
421 8081.9628339700757351       0                      1982
422 8082.7634591675705451       0                      1987
423 8081.9188363476541781       0                      1991
424 8081.9517325334554698       0                      1996
425 8082.09360591942459         0                      2001
426 8082.2402062009914516       0                      2006
427 10579.616344648589802        0                      2010
428 8087.0425671892971877     288.47533867790036766    2015
429 8083.35407406874765         0                      2020
430 8081.989740024360799        0                      2024
431 8081.920379470786429        0                      2029
432 8082.1997565341534937       0                      2034
433 8082.9110062847203153       0                      2038
434 8083.6865302929481913       0                      2043
435 8081.9480843772089429       0                      2048
436 8082.1614191610669877     335.05283062145349504    2053
437 8084.1700736523735031       0                      2058
438 10534.270313881337643        0.43232258516841665097 2062
439 10542.605273395689437       52.931916573895570366   2067
440 8082.3677814428119746       0                      2072
441 8082.0312756348130279       0                      2077
442 8083.6289274930968531       0                      2082
443 10534.618236667392921       54.650633521693158912   2086
444 8082.2914408619053575     338.56026739109915979    2091
445 8081.962135952618155        0                      2096
446 8082.757571133923193        0                      2101
447 8081.9286229586614354       0                      2105
448 8081.9377933222604042       0                      2110
449 8081.9527814064467748       0                      2115
450 8085.2764330008903926       0                      2120
451 8082.0532752270828496       0                      2124
452 8084.0501432460960132       0                      2129
453 8088.3317395906688034     111.2893612588265313     2134
454 10526.536264673715777        0.83409599361180797317 2138
455 10554.763663148045453        0                      2143
456 8082.2080484677462664     337.21571733782411684    2148
457 8084.0888687827500689       0                      2153
458 8083.7169235697283511       0                      2157
459 10527.629303543371861        0                      2162
460 8082.168747124364927      335.32362760159691106    2167
461 8081.9186172812906079       0                      2171
462 8081.926978112962388        0                      2176
463 10516.616245710070871        2.4109278789968175971  2181
464 10529.987678008581497        1.1013828776534291265  2186
465 8082.1776043802965432       0                      2190
466 8082.1753048026712349     335.87875657125101725    2195
467 8081.9201980625466604       0                      2200
468 8081.9243705794870039       0                      2204
469 8081.99905773246428         0                      2209
470 8081.9480502655542296       0                      2214
471 8082.7568843992385155       0                      2219
472 8081.9800758644023517       0                      2224
473 8089.0770046887218996     130.52751924446789644    2228
474 8082.1870464387257016     331.46307169449556795    2233
475 10535.422700940795039        2.9922741726430017728  2238
476 10546.436302028438149      130.54441367742106195    2242
477 8084.0078896011436882       0                      2247
478 8081.9347484188183444       0                      2252
479 10517.755590669834419        0.34013532301601301366 2257
480 8084.0058083818748855       0                      2261
481 8082.1661774512476768     335.60816821120528175    2266
482 8081.9199013977668073       0                      2271
483 8081.9466498569463511       0                      2276
484 8081.9211737546747827       0                      2280
485 8081.922580372093762        0                      2285
486 8081.9400643622220741       0                      2290
487 8082.9519024162018468       0                      2294
488 8084.0323856396134943       0                      2299
489 8083.9586097856990818     323.50287526982805275    2304
490 10541.170122464725864        0                      2308
491 10542.294212734888788       88.276512856886213854   2313
492 8085.9636885657600942       0.12742260327924287422 2318
493 8081.9617372972597877       0                      2323
494 10525.887714148220766        4.3321634906941657306  2327
495 10543.462107755656689       86.926288062382838007   2332
496 8082.1636924132599233     334.76864223685112165    2337
497 8081.9177064189643716       0                      2342
498 8081.9248437405776713       0                      2346
499 8082.0400262142065912       0                      2351
500 10528.569662847154177        0                      2356
501 10527.129684400286351        0                      2361
502 8081.922780766404685        0                      2365
503 8081.924192440549632        0                      2370
504 8082.7554296977359627       0                      2375
505 8082.9214427212991723       0                      2380
506 8081.9981895136997991       0                      2384
507 8082.157543435374464      333.10455610977089691    2389
508 8083.9546976434157841     551.84530018608529645    2394
509 10535.618514601712377        0                      2399
510 10548.761876970447702        0.83868165055852084144 2403
511 8083.67693042859446         0                      2408
512 10526.849290643478525        0                      2413
513 10528.56966284714872         0                      2417
514 8082.1601404044977244     334.21380131070998232    2422
515 8082.7855248202813527       0                      2427
516 8082.7818434388573223       0                      2432
517 8081.9186943880222316       0                      2436
518 8081.9184407918974102       0                      2441
519 8082.7573242737262262       0                      2446
520 8081.9844697470161918       0                      2451
521 8088.3234258220709307     111.13175712317510602    2455
522 10546.322340816444921        0                      2460
523 10534.481830372003969        0.00515283079478602666 2465
524 8081.9901424647587191       0                      2470
525 8081.9207166047135615       0                      2475
526 8081.9167177763929431       0                      2479
527 8081.9227725220280263       0                      2484
528 8081.9445026055891503       0                      2489
529 10531.981987889346783        3.2980329519985676079  2494
530 10529.742089097231656        5.4017397133688600519  2498
531 8081.9443189282110325       0                      2503
532 8082.1596588948004865     332.82145692804937198    2508
533 8081.9192505609789805       0                      2512
534 8081.9207105081841291       0                      2517
535 8082.7550401520175001       0                      2522
536 10538.51041446256022         0                      2526
537 8083.4298585413398541     327.37102650527276637    2531
538 8083.999792900821376        0                      2536
539 8088.3518103761080056     111.4313308911769127     2541
540 8082.1603172042005099     332.26740620665748338    2545
541 8089.0768622145606059     131.07413154495807817    2550
542 10545.393983314825164       76.929504200637680356   2555
543 8081.9187874481976905       0                      2560
544 8082.7803778779816639       0                      2564
545 8083.6579306213734526       0                      2569
546 10530.532063789909444        3.3411628222655260778  2574
547 10532.259801708405575        3.3435011842657855752  2579
548 8082.1605025784774625     333.37565450306823323    2583
549 8081.9172324014289188       0                      2588
550 8081.9162446564951097       0                      2593
551 8081.9246942478084748       0                      2598
552 8081.9190864448446519       0                      2603
553 8081.9163619098035269       0                      2607
554 10524.453049637600998        3.4791044090856440008  2612
555 8082.1628485197270493     333.92999809756719287    2617
556 8081.917203041502944        0                      2621
557 8081.9155516068558427       0                      2626
558 8081.9224936411919771       0                      2631
559 10521.986779403683613        7.4702498722612951099  2636
560 8081.9186758322130117       0                      2641
561 8081.9175917182546982       0                      2645
562 8081.9205588636214088       0                      2650
563 8082.7837909203717572       0                      2654
564 8082.7587772263887018       0                      2659
565 8082.9502685912430024       0                      2664
566 10539.793245964194284        0.15836424914935251507 2669
567 8081.9851735521742739       0                      2674
568 8084.1407301319559338     355.33747004240433398    2678
569 10540.767812179525208       63.154949436749433289   2683
570 8092.1494818191331433     263.96922428006661221    2688
571 10526.47756266235956         3.1458568388905909785  2693
572 8081.9790688405628316       0                      2698
573 8081.9444769443443874       0                      2702
574 8081.9195738884691309       0                      2707
575 8082.7533523686252011       0                      2712
576 8082.9204963539696109       0                      2717
577 8084.0021683262348233       0                      2721
578 8084.8162246994770612     584.97851063574228192    2726
579 8088.3179417353994722     110.97463638484194348    2731
580 10536.784243095633428        0                      2735
581 10545.85998277715953         0.9195427104828032272  2740
582 8081.9154192493615483       0                      2745
583 8081.9326216047347771       0                      2750
584 8081.9186758322248352       0                      2755
585 10523.11989849487145         0.04126607069679186918 2759
586 8082.1625053116522395     332.53839088270393631    2764
587 8081.9181511017368393       0                      2769
588 8081.9174005135473635       0                      2774
589 8082.7539192050198835       0                      2779
590 8082.9262709475951851       0                      2783
591 8082.8368539949979095       0                      2788
592 8081.9993606999441909       0                      2793
593 8082.1675192900211186     332.80885166625824922    2797
594 8082.0133424063551502       0                      2802
595 10540.655847753516355        0                      2807
596 10542.248732325657329        0.93517335871114593004 2812
597 8083.9896928036332611       0                      2816
598 8083.6598655495827188       0                      2821
599 10522.490468392001276        5.9093608819860028447  2826
600 8082.1901625482769305     332.58070078198488773    2831
601 8081.9162586047305012       0                      2836
602 8081.9195003569875553       0                      2841
603 8081.9155207554440494       0                      2846
604 8081.9432299017989862       0                      2850
605 8082.756175347169119        0                      2855
606 8083.6266678479305483       0                      2860
607 8082.8053541324052276       0                      2864
608 8088.310471764650174      111.30921465429702266    2869
609 10536.824518614486806        0                      2874
610 10545.817369570706433        0.08483266090405382209 2879
611 8081.9198205575039538       0                      2884
612 8081.916453049349002        0                      2889
613 10527.785589287323091        0                      2893
614 8082.1660826803517921     332.25535806025959573    2898
615 8081.9168212658987613       0                      2903
616 8081.9162248666152664       0                      2907
617 8081.9973873694107169       0                      2912
618 8082.8059222320162007       0                      2917
619 8085.9231222300986701       0.08188488870219595706 2922
620 8085.186926876126563        0                      2927
621 8084.8539471691856306       0                      2931
622 10538.761262214646194        1.734672009680216842   2936
623 10543.267056045873687      121.47031247492500938    2941
624 8083.9809942730471448       0                      2946
625 10524.745533836821778        3.5158976726900452725  2951
626 8082.9202199348501381       0                      2955
627 8083.6299243463054154       0                      2960
628 8081.9932133078700645       0                      2965
629 8083.0026347404700573     321.32794285109616794    2970
630 8088.3122163685784471     110.98520020606052583    2974
631 10542.988738604230093       54.219906486519569455   2979
632 10539.606543752370271       81.249676629063202427   2984
633 10522.211578018799628        1.3729723505857402976  2989
634 8082.7559275043295202       0                      2994
635 8082.7542157239686276       0                      2998
636 8083.9861339457611393       0                      3004
637 10537.655455625330433        0.0004601359368677054  3008
638 10544.874019827740995        0.00002726120737350633 3013
639 8083.9888614348756164       0                      3018
640 10555.741826165618477        0                      3023
641 8081.9164202459942317       0                      3028
642 8081.9171294087282149       0                      3033
643 10530.430903190776007        5.5608897526176823689  3038
644 10536.712502775471876        1.6703568237203674229  3043
645 8081.915516104035305        0                      3048
646 8081.9188346712580824       0                      3052
647 8081.9175675008345934       0                      3057
648 8082.8115403545443769       0                      3062
649 8081.9945348779756387       0                      3067
650 8085.1951318408509906       0                      3071
651 8083.9893926994936919       0                      3076
652 10543.427018668948222        0.00071713280972340626 3081
653 10546.057125336443278        0                      3086
654 8081.99177415324084         0                      3091
655 10525.748134459650828        3.3497520449745468163  3096
656 10526.585948071779057        4.4745549912927335967  3101
657 8082.1703909955294876     331.97235854717024495    3105
658 8082.9190409795255619       0                      3110
659 8083.4356849114510624     326.07968148854018864    3115
660 10539.549483211700135        0.00186755285124286089 3120
661 10549.939262570362189        0                      3125
662 8081.920563433177449        0                      3130
663 8081.9256943218179003       0                      3135
664 8081.9234362827537552       0                      3140
665 10528.539282092682697        0                      3145
666 8081.9151187665547695       0                      3150
667 10524.097709488838518        1.4218468207228118771  3155
668 8084.0365337523135167       0                      3159
669 10531.359034220196918        7.0844983177383173967  3164
670 8081.9201433881162302       0                      3169
671 8081.9214506986709239       0                      3174
672 8081.9202332678123639       0                      3178
673 8082.7535575608590079       0                      3183
674 8081.9459477452264764       0                      3188
675 8082.1636453991732196     333.09223647733637108    3192
676 8082.9199913934489814       0                      3197
677 8083.9899556892496548       0                      3202
678 10543.865727452517604        0.99199531843140453802 3206
679 10544.268502762462958        0                      3211
680 10526.10740518836792         5.8753633751224354498  3216
681 8081.9429209166737564       0                      3221
682 8081.9191705067778457       0                      3226
683 8082.7553443563392648       0                      3231
684 8082.7544190113048899       0                      3235
685 8081.9888256743861348       0                      3240
686 8088.3138388602446867     111.14183705929970358    3245
687 10544.233578805653451       94.599257907063659445   3250
688 8082.4999120126185517     358.89173227247340492    3255
689 10528.983265233984639        0.57877662824966191746 3259
690 8081.942996631852111        0                      3264
691 8082.7534164636826972       0                      3269
692 8082.7835659913835116       0                      3274
693 10538.368686641759268        0.00318696575817545118 3279
694 10551.388550953359299        0                      3283
695 8082.4924401733596824     358.00110906883207917    3288
696 10525.814772208274007        1.3540749777669334186  3293
697 8081.9480346852278672       0                      3298
698 8082.7573344911506865       0                      3303
699 10553.407997841313772       54.450594306482415163   3308
700 8081.9476089905729168       0                      3313
701 10526.335280446848628        0.73331851490857524745 3317
702 8081.988709776246651        0                      3322
703 8081.9847604919032165       0                      3327
704 8081.9973591352563744       0                      3332
705 8083.9843793784302761       0                      3337
706 8084.0013524559017242       0                      3341
707 8083.9884955984334738       0                      3346
708 10547.853859084949363       94.758788237540201749   3351
709 8088.5638683327315448       0                      3356
710 8081.9174166122011229       0                      3361
711 10526.864169081123691        2.1064955722231721857  3366
712 8089.1544967543695748     117.61108264802173551    3371
713 10539.578994165149197       81.46117270799805965    3376
714 10548.63144684353756         0                      3381
715 8082.4910330404227352     357.111414235870825      3385
716 10527.792374703489259        0.69871057481762399721 3390
717 8081.9193173883631971       0                      3395
718 8081.9191948144625712       0                      3400
719 8081.9206495070802703       0                      3405
720 8082.7586357894069806       0                      3410
721 8082.7545559940936073       0                      3414
722 8082.7582111163264926       0                      3419
723 10545.730251770803079        0                      3424
724 8082.1757539620439275     334.50599230079291146    3429
725 8081.9904444413468809       0                      3434
726 8082.7989988746512608       0                      3439
727 8082.0159328048430325       0                      3444
728 8083.9929198818726945       0                      3449
729 8085.2209411980729783       0                      3453
730 10539.169205765532752       94.018264039218323092   3458
731 8081.995671463853796        0                      3463
732 10531.070695209713449        2.1101043515256598937  3468
733 8082.9223788947938374       0                      3473
734 10543.129856589634073        0.15767082857836361987 3478
735 10547.851882185490467       63.868659245653141454   3482
736 10528.423803442552526        0.28034386716487386115 3487
737 8081.9438694486316308       0                      3492
738 8082.7558430909475646       0                      3497
739 10548.802857858512652        0                      3502
740 8083.0256975672418776     321.10381505113338108    3506
741 8088.3152882093881999     110.81799840983281058    3511
742 10542.928901854704236       75.948085694363570042   3516
743 10526.865060825142791        0.03741616943360499825 3521
744 10529.56571105088733         0                      3525
745 8082.1628673016548419     331.98469205455342035    3530
746 8081.9428681556455558       0                      3535
747 8088.3213097059970096     109.82665467343863952    3540
748 8082.1660247780337158     330.84516020889827814    3544
749 10549.332331022586004        0                      3550
750 10539.071955193499889        1.0350082332461545409  3555
751 8082.9279267638603415       0                      3560
752 10525.4057955619719          2.1663155169636478803  3565
753 8082.1686751920406095     330.29250216410923713    3570
754 8081.9194838771300056       0                      3574
755 8083.000732532506845      322.15116088679150153    3579
756 8088.3112017078019562     110.638468336974924      3584
757 8089.0570496759255548     132.32695756909470219    3589
758 8083.4288941946706473     323.71082445058038957    3593
759 8088.3225361445392991     111.64644903179993207    3598
760 8083.4409291357032998     328.17175077447848253    3603
761 10540.468170073359943        2.8867899003005956793  3608
762 10549.050219045187987       69.929078730720007684   3612
763 10526.54069322223404         0.25231528126062341411 3617
764 8082.9260677926367862       0                      3622
765 8088.3229051073994924     111.32177321599967001    3627
766 8089.0526966914394507     132.13092902287414176    3632
767 8082.1628865455641062     332.7873980549691737     3636
768 8082.1698047463223702     333.3970770596634452     3641
769 8083.4293924653329668     324.22486257184840497    3646
770 10542.102398102713778        0                      3650
771 10547.562950851937785       76.692682668957431247   3655
772 10542.775961508463297        0.48484167773670394652 3660
773 8084.7885663831366401     588.61883764455660639    3665
774 8086.6460843988625129     126.25655311042433482    3670
775 8092.1505515320459381     262.87604937191753152    3675
776 8092.1224549970984299     262.17176908356015019    3679
777 8082.4963628036402952     359.16389207633847036    3684
778 10546.602609759724146      108.47495495291403245    3689
779 8081.9469992680997166       0                      3694
780 8081.9450563938307823       0                      3699
781 8083.6263736010196226       0                      3704
782 8085.1994687622282072       0                      3708
783 10544.594527652319812        0.0001545276834461275  3713
784 10544.88855243229591         0.00004001764094074399 3718
785 8082.1648761327587636     331.39796647914954519    3723
786 8082.5212477423792734     358.33844485347782438    3728
787 8086.6461067866484882     126.43516629327585576    3733
788 8082.4954242079611504     358.87015193794564993    3737
789 8083.9855062337182972     548.35230898868326221    3742
790 8086.674432436519055      126.75401608108045082    3747
791 8092.1455120259943214     263.03687633819208713    3752
792 8084.2207872193675939       0                      3756
793 10526.967419604596216        0.30241128047782089849 3761
794 8081.9171255172159363       0                      3766
795 8082.9236464548566801       0                      3771
796 10543.641317622228598        2.7182059217896599179  3776
797 10547.60462065646243        70.192476610740669685   3780
798 8081.9207226971520868       0                      3785
799 10527.525382163355971        0.61029623795079335213 3790
800 10542.921153398250681        0.1118105479652016232  3795
801 10547.763998179261762      101.51540728766809707    3800
802 8086.647902027388227      126.78079346880450373    3806
803 8082.9225979244565679       0                      3811
804 8082.7986017235316467       0                      3816
805 8083.4818665677139506       0                      3821
806 8081.9907422604737803       0                      3825
807 8084.8545969758515639       0                      3830
808 8083.9933251506818124       0                      3835
809 8085.9258761792298174       0.09882228142653341763 3839
810 8082.1720281186817374     333.9514620697598275     3844
811 8082.1900094420961977     331.16975411787439043    3849
812 8088.3137315308122197     110.31546624938309265    3854
813 8088.3422985149627493     111.76627899306951974    3859
814 8082.1662878288343563     333.64622800431487804    3864
815 8083.4706461621863127     328.36609395295829472    3868
816 8088.3236718480420677     111.9717831865102653     3873
817 10537.90472833871172         1.0643896394999095012  3878
818 10552.227982441634595        0                      3883
819 8081.9356763176974709       0                      3887
820 8082.9484890410985827       0                      3893
821 8082.0199838555035967       0                      3897
822 8082.8274601360517408       0                      3902
823 8084.0183672156508692       0                      3907
824 10545.714700525111766        0                      3912
825 10544.411014207309563        0.96134491163587476592 3916
826 8081.9929714388772481       0                      3921
827 8081.9815468447695821       0                      3926
828 8082.7552682246614495       0                      3931
829 10544.239010156325094        0.45673616497040292472 3936
830 8084.8802163107538945       0                      3940
831 10548.329845427135297       54.505556111344496628   3945
832 8082.166148232766318      331.7020111335153274     3950
833 8082.7852170773676335       0                      3955
834 8082.7816010570068102       0                      3960
835 8082.9234475227140138       0                      3965
836 8082.9497577617921706       0                      3969
837 8083.6292198761384498       0                      3975
838 10540.744411174773632        2.8623573845698073725  3980
839 10548.767136792759629       69.305612319905321783   3985
840 8081.9233698682792237       0                      3990
841 10528.582612127553148        0.0271082949540080928  3995
842 8081.9206835495397172       0                      4000
843 8081.9951015863834982       0                      4004
844 8081.9929714388908906       0                      4009
845 8083.9926486939239112       0                      4014
846 8083.9978475939706186       0                      4019
847 8087.4760071884747958     134.7845771806381947     4023
848 8082.5160218857263317     361.20932426313265751    4028
849 8084.2084637732059491       0                      4033
850 10531.590717142969879        0.22340519368580075144 4038
851 10536.179300278721712        1.1245231785688447612  4043
852 8082.1612705532761538     331.68064025877936274    4048
853 8081.9822569468869915       0                      4053
854 10541.328866150663089        0.51536549522185137739 4057
855 8082.0119076777673399       0                      4062
856 8082.0280639274515124       0                      4067
857 8085.204984669757323        0                      4072
858 8085.9137238453340615       0.07040116202627241804 4077
859 10551.240075255787815       54.738040178366745181   4081
860 8083.9938519753004584     543.443233547055911      4086
861 10548.471786363928913        0.12973352714919947348 4091
862 8083.4318791422256254     325.93745783201563881    4096
863 8088.3410837832798279     111.44118950128037682    4101
864 10542.779265697399751       63.928273441524467557   4106
865 8089.0652658458102451     4466.008347541481271      4111
866 8083.9971784219796973       0                      4116
867 8084.0121552563978184       0                      4121
868 10541.826391175422032       54.362784085492705799   4126
869 10549.743744415081892       82.331736617962349101   4130
870 8081.9507148662087275       0                      4136
871 8082.7587413767378166       0                      4140
872 8082.7583046128174828       0                      4145
873 8082.7847247852050714       0                      4150
874 10543.737397343220437        0                      4155
875 10547.987229594906239       75.431095389999484269   4159
876 8082.1594189824718342     333.07080908923700235    4164
877 10547.841914961112707        0.44439461815999969918 4169
878 8083.4790100153668391       0                      4174
879 8085.1908267250682911       0                      4178
880 10543.271775949575385       54.506115951122204422   4183
881 8083.9841287306526283       0                      4188
882 10529.977426659193952        0.19779904003015222336 4193
883 8084.2267019210139551       0                      4198
884 8082.1666969831767346     334.48448687743047003    4203
885 8088.3466713316092864     110.62594974791473135    4208
886 8082.5221776905100342     358.63189908306787856    4212
887 8086.6468671088050542     126.61396049690326038    4217
888 8088.3114969337775619     111.95921709217489592    4221
889 10543.943014767863133       76.549119724497742823   4226
890 8089.0743423934136445     4486.4106152371241478     4231
891 8082.1723429173462137     334.79012136249804144    4236
892 8083.9783152728005007     550.38229472695650202    4241
893 8088.3200401864460218     112.13971983828503198    4245
894 8092.1337129187841128     262.52300470636237151    4250
895 10542.683625221390685        1.018553013479234659   4255
896 10547.177477183411611        0                      4259
897 8088.2158067593654778      78.379871768591357295   4264
898 8082.0043189677771807       0                      4269
899 10526.464915703732913        2.3240780267448615248  4274
900 10541.68295584300904         0.17528183767555591266 4279
901 8083.4825468530834769       0                      4283
902 8082.8036507160541078       0                      4288
903 8082.801060749356111        0                      4293
904 8084.8575725453383711       0                      4297
905 8085.1935468103902167       0                      4302
906 8084.8576839513934829       0                      4307
907 10547.837519140832228       63.927656802915407752   4312
908 8082.0344108392282578       0                      4317
909 10543.303032027792142        0.00111193690205086261 4321
910 8089.1807516724820744     117.91883851510340264    4326
911 10548.67551491568338        60.310728164295419162   4331
912 10529.42883985385015         0.08827809620140222857 4336
913 8082.0069803815604246       0                      4341
914 8089.0914005161284877     133.74454502954577606    4346
915 8088.3359082639699409     112.64679761223202092    4351
916 10531.161660603362179        0.18617338218865203681 4355
917 8082.9482133359397267       0                      4360
918 10541.276326155837523        0.00020861925257617921 4365
919 10548.211517188756261        0.0000186114659212216  4369
920 10558.25618485335508         0.0000025548310210274  4374
921 10546.369391213875133        0.00157533949917737807 4379
922 10530.370990404509939        4.6510053383111751302  4384
923 10557.137218465355545        0                      4389
924 8082.9981389120785025     321.30702205298746321    4393
925 8089.1629198795490083     118.13020130619263171    4398
926 10562.812840728523952       73.10850990484327383    4403
927 10588.679772169793068        0                      4407
928 10530.9767343188214          3.4225053219345800137  4412
929 10559.08673131597061         0.42344933303458015539 4417
930 10558.537266207404173      108.10143729631948872    4422
931 8081.9845543998480935       0                      4427
932 10531.8273599744698          4.5632568876550898551  4432
933 10559.347060908805361        0.41269048041003214555 4436
934 8093.0008619676273156     293.73554022845627287    4441
935 8093.07346602938469       331.15484876905287592    4446
936 8083.3832874274776259     346.99637349441530887    4450
937 8085.0519401290521273     614.83139772916058519    4455
938 10556.808980652611353      107.49962479941720517    4460
939 8081.9842304234762196       0                      4465
940 10529.978722397239835        2.4744038841297317788  4469
941 8082.2000489404226755     333.99380960627212289    4474
942 10554.619662774388416        1.0549650753885282395  4479
943 10561.479648084570726      115.65982025501389785    4484
944 8081.9206835495415362       0                      4489
945 8081.9201433881307821       0                      4494
946 10556.862437198482439        0                      4499
947 8082.1974816354859286     333.43943852941754358    4504
948 8088.3338371970712615     111.42864988540407012    4509
949 8082.996765917004268      322.13022492320112633    4513
950 8082.1733538938487982     333.11368528477061091    4518
951 8089.1937644302970511     117.93163965460438192    4523
952 10556.809372752240961        0.00053616473040334815 4527
953 10561.167762254384797        0                      4532
954 8101.3655582761603        1186.0140369284063127     4537
955 10553.006778613245842        0.55232596598345240491 4542
956 8082.9191081758026485       0                      4547
957 8083.964538522118346      324.03911778198647653    4551
958 8084.7923911837942796     586.51817248219379053    4556
959 8092.1313908938727764     262.68449144364052472    4561
960 10559.474729062307233       61.617807511529697706   4566
961 10560.455762058509208       88.0185448537611137     4570
962 8088.3138943076673968     111.46633333930084575    4575
963 8081.9438584510317014       0                      4580
964 10556.42813972195836         0.00137586931634496004 4585
965 10551.816375737491398        4.0954180651109499678  4590
966 8082.8288717146260751       0                      4595
967 8082.8014668024270577       0                      4599
968 8084.0165625339159305       0                      4604
969 10560.77485546275966        89.962270097076370234   4609
970 10557.973997482675259      106.20240226062144018    4613
971 10553.637828294531573        0.19076416409728549906 4618
972 8082.0144304899295093       0                      4623
973 8085.1896774428450954       0                      4628
974 10562.232114202357479        0                      4633
975 10555.235614478606294       89.145904176794303453   4637
976 10552.420506780397773        2.9483918193177380829  4643
977 10551.094596065215228        0.52197807897312142877 4647
978 10566.779604040924823       52.795689797559262502   4652
979 8082.9530488723294184       0                      4657
980 10549.77821229879919         1.9943874864454669282  4662
981 8084.8484637737028606       0                      4666
982 10557.633450486973743       94.669546844753455161   4671
983 10548.559993307486366        0.21755809806892242864 4676
984 10563.679705302658476        0                      4680
985 8088.3413736756574508     111.11675832724290558    4685
986 8083.4615759863972926     326.13113067950303048    4689
987 8089.0847846064807527     133.00865758124990634    4694
988 8082.1901807397480297     332.02701568381110064    4698
989 8089.0597156273006476     131.97335757711041992    4703
990 10552.949771799952941        0.10999287754033587605 4707
991 8081.9233698682901377       0                      4712
992 10547.92870644780669         0.59729615084752629706 4717
993 8088.3190959501389443     110.650973583145813      4721
994 8084.1644748509243072     348.84859598056118557    4726
995 8088.3386459172288596     111.93401827833004347    4730
996 8083.0004712808113254     322.97526544467888243    4735
997 10555.776931039092233       53.410095277424844085   4739
998 10562.662444429766765       76.906263704841549611   4743
999 10560.506556985177667       88.770313956082944173   4748
1000 10558.676892379107812        0                      4753
